102, 100000.0
136, 99995.77002298037
1379, 99869.63094142523
1419, 99787.30285350684
612, 99773.91270393651
135, 98832.78930694736
65, 98793.70959005086
62, 98793.70959005086
1236, 98663.97140866795
112, 98559.85908418585
137, 98540.33976399634
4, 98286.31806102226
1299, 98166.38743048321
1084, 97943.19468796617
1082, 97943.19468796617
461, 97328.54274053991
750, 97075.04163531307
751, 96835.77916231989
544, 96527.22948615065
15, 96271.16846744092
698, 96207.81547711634
1286, 96147.26005284497
363, 95990.95178063012
1149, 95959.65261773138
1020, 95886.5885957683
217, 95882.26954746708
156, 95734.68646214825
1318, 95700.02293645097
364, 95680.40473258184
1193, 95610.57526564309
845, 95569.05808014105
1285, 95558.33359310514
799, 95540.98095526083
798, 95540.98095526083
1362, 95210.60214775336
633, 95111.22449285761
239, 94790.5315552018
21, 94790.5315552018
692, 94694.88924555384
609, 94669.55135981005
272, 94091.88690718022
613, 93680.7459341294
1348, 93446.98098890374
1255, 93415.75870206607
350, 93375.90600929139
425, 93319.94362602357
348, 93307.0049691491
1413, 93232.72120064156
177, 92777.6480061089
643, 92726.81988643343
416, 92631.53062297552
3, 92392.86407722646
2, 92392.86407722646
108, 92367.30746473224
396, 92134.34252006946
44, 92134.34252006946
512, 92130.66723904815
915, 91879.66244446604
291, 91823.48037459455
754, 91633.47712192283
1148, 91378.13989972197
1308, 91277.96909607534
712, 90996.50454001494
1144, 90942.41123193571
1246, 90065.79598279619
811, 90041.95061120296
1262, 89417.072508559
411, 89295.39672593174
427, 89226.42549561073
426, 89182.25729390305
414, 89182.25729390305
1100, 89095.84575798066
421, 89067.1044083309
352, 89042.94524661827
479, 89012.9924825657
575, 88839.83388179519
422, 88754.61830674586
413, 88754.61830674586
219, 88699.79308252792
955, 88614.29779399854
775, 88572.05464509797
412, 88086.33399052295
984, 87756.11750392146
480, 87712.02538354514
1117, 87202.39937840585
636, 86969.0163549143
428, 86718.40746071562
908, 86657.48193849952
459, 86212.88569801005
987, 86173.63176339876
985, 86173.63176339876
705, 86073.46564961034
703, 86073.46564961034
986, 85875.123768954
696, 85834.5824377053
518, 85599.65849145432
382, 85364.97130860105
1103, 85074.46529521944
1036, 84885.51132986642
470, 84875.55558355298
285, 84713.83583268836
179, 84467.37108795528
1312, 84377.72032578319
812, 84333.03872622106
41, 83926.2565102328
189, 83779.37870575929
169, 83772.92615453464
1067, 83725.96476757736
813, 83459.45381534392
435, 83454.23833292804
158, 83285.11891186294
157, 83285.11891186294
961, 83051.00628436106
218, 82963.95457478277
170, 82942.90349497207
53, 82942.90349497207
88, 82810.09765920843
176, 82796.8510324374
46, 82702.73920053116
513, 82448.45311871622
11, 82407.77640634892
473, 82378.98934159132
1192, 82348.04699790948
20, 82322.90534673285
1240, 81849.6083071747
1152, 81608.06976038692
246, 81537.19719189449
242, 81510.52821260475
662, 81408.2193584817
210, 81340.70807012459
146, 81340.70807012459
663, 81136.41511978448
159, 80825.98355398662
160, 80815.49078741093
161, 80808.30284939845
216, 80767.1372594699
782, 80553.67002858462
358, 80276.63654772432
594, 80266.31589895015
704, 79928.81719865915
702, 79928.81719865915
1173, 79770.81348109065
305, 79722.774458176
1170, 79353.10037595323
620, 79258.29888946272
795, 78849.98636585736
251, 78440.15318215391
604, 78281.04835118
180, 78206.5038456221
55, 77923.47259230615
330, 77900.0835055252
1043, 77873.32477209078
697, 77668.41647123276
249, 77545.46299686725
695, 77378.22211440894
209, 77219.43125715546
460, 77105.35419175515
1264, 77025.74323858647
1263, 77025.74323858647
192, 76822.94545696274
191, 76822.94545696274
749, 76811.3622284142
791, 76801.30707507727
39, 76779.02213790281
905, 76592.77732660192
899, 76592.77732660192
619, 76588.60066292518
194, 76586.87063021374
656, 75928.63216830297
694, 75668.83258413043
699, 75639.80211479688
691, 75635.79149653917
1058, 75524.14136560257
40, 75497.48945817123
444, 75160.87132479176
366, 75145.79112134878
1401, 75041.68750925915
759, 75029.42888825184
606, 74963.80541886119
556, 74939.23208840213
172, 74914.62299589739
1381, 74876.73290500537
397, 74784.20516855226
835, 74767.50112817029
600, 74700.93528455727
1002, 74633.85495211124
545, 74619.11643609118
398, 74592.7947043519
1403, 74432.81766200704
228, 74399.53137045757
500, 74006.85682086721
504, 73876.05904749672
61, 73810.1506670111
250, 73608.00653513793
645, 73491.6238067159
644, 73491.6238067159
63, 73491.6238067159
64, 73332.62635726045
706, 72870.96810825352
1280, 72833.58209608027
868, 72823.592252123
693, 72786.35735906042
309, 72002.38514218132
270, 71094.36639763649
268, 71094.36639763649
1044, 70500.6071726627
1398, 70469.36733790977
834, 70448.47982183234
1382, 70429.30308570982
659, 70237.86243863372
1028, 69969.83531316622
424, 69764.21353411926
423, 69747.50830219053
471, 69615.47504096558
418, 69588.81907275898
1136, 69549.15859448022
1313, 69522.15981973006
164, 68695.0688614466
1389, 68435.60709921709
1057, 68167.81448208577
558, 68032.68327794016
653, 67941.34630193238
134, 67890.3524635008
1414, 67826.95338160735
238, 67776.17037130144
1076, 67748.85098007841
1075, 67555.28142470377
840, 67508.08644420565
546, 66776.583010172
399, 66349.45347060254
701, 64547.742137688656
43, 64205.237063350585
45, 64183.25418148555
745, 63939.93291908485
830, 63409.84784507826
920, 62525.558065989164
1302, 62482.78663531781
93, 62301.58538955376
142, 62247.67210668041
19, 61977.09370074771
1334, 61588.7052974158
1199, 61558.72185865756
5, 61480.096871759415
503, 61455.39760786012
919, 61369.13990611974
369, 61041.099578478905
1003, 60883.91670126142
1373, 60852.21092363671
1147, 60835.29258744721
464, 60835.29258744721
1004, 60802.79658612325
145, 60778.26952175783
353, 60137.89700384337
1035, 60078.9951676112
661, 59779.6630416521
1029, 59741.8928496281
516, 59270.233448467516
269, 59151.318017256446
6, 59076.320503557436
1172, 58932.097721733975
74, 58818.752167846564
133, 58078.65327663482
932, 57807.50849807619
141, 57426.65102566714
690, 57415.204665954545
502, 57331.24709219517
765, 57315.35883233272
515, 57315.35883233272
514, 57315.35883233272
123, 57253.60768444338
1060, 57234.892856460654
739, 57183.349279297036
740, 57147.53977287693
1162, 56757.543535912555
829, 56757.543535912555
481, 56750.731784787036
828, 56648.58224322814
654, 56610.1562717092
1080, 56362.34301638655
1314, 56273.97428442963
274, 55320.2491922469
271, 55320.2491922469
1077, 55195.42149257829
1396, 55091.3603068386
1245, 54775.02115515859
227, 54327.2505824568
362, 53882.38337241311
1074, 53474.01019356069
256, 53308.68967143658
831, 53090.47291069928
796, 52652.75274775008
852, 52594.79424889466
273, 52436.3538001816
794, 52324.54522151714
1190, 52104.99513600837
674, 52086.919363231
1188, 52084.27751491376
139, 52043.31231079832
1404, 52018.28857246512
1228, 52005.23845987246
865, 52005.23845987246
1317, 51922.25138321641
815, 51901.23089005998
501, 51705.00671519913
1344, 51407.34474428914
1039, 51088.783159306295
1061, 50980.59254169319
700, 50773.40421335929
866, 50683.744424655975
302, 50655.075364890676
673, 50617.78348952738
992, 50612.97896514657
860, 50520.78685149371
562, 50509.469985276875
1085, 50493.70095091906
564, 50439.507383373275
451, 50340.23005879386
1234, 50339.02265420963
1086, 50332.42926059277
1399, 50253.54965900707
1288, 49803.388847794675
1397, 49764.278146699886
1109, 49733.60088111926
1081, 49718.78443182269
1110, 49532.9072538862
1108, 49532.9072538862
607, 49423.486204824505
1101, 49027.584575023895
151, 48978.6031508928
401, 48927.61541221518
1395, 48912.7845556391
861, 48891.65955220631
124, 48827.78375939714
149, 48827.27795260067
264, 48355.396440366894
1056, 48341.09110015149
922, 48190.90302109004
1106, 48002.156231730725
1105, 48002.156231730725
1102, 48002.155489268516
409, 47881.52070521715
391, 47865.54581138038
155, 47821.49080381953
1400, 47751.12025645793
1088, 47735.591020200016
1232, 47720.53132289042
437, 47683.574547508535
1018, 47657.27066117909
154, 47657.27066117909
571, 47495.287149579075
709, 47371.459798909054
554, 47333.54865691779
555, 47240.65276482213
855, 47170.630819285696
454, 47164.553525013966
1059, 47128.08357847733
856, 47088.85364396602
854, 47088.85364396602
442, 46891.04097156915
233, 46809.25072710404
1113, 46809.142081920734
1323, 46299.63672763226
168, 46094.0618975862
26, 45946.90373287701
434, 45888.20667123624
390, 45866.94031188334
72, 45786.504870519835
553, 45729.47291818326
419, 45665.52305889931
417, 45587.24442211679
167, 45587.00367132435
267, 45579.732621712974
1027, 45312.06096900804
410, 45288.325336340604
993, 45065.61048267131
187, 44962.37595105309
42, 44597.25072781074
647, 44498.29896821867
903, 44496.446037384456
1410, 44445.38156990905
122, 44403.780432245025
1300, 44402.90993274694
574, 44383.741913173115
1015, 44313.97217893184
968, 44083.27027602657
1016, 43859.77783823688
1409, 43833.353363814495
1065, 43833.353363814495
85, 43833.353363814495
1408, 43824.30475592397
1407, 43820.67938676405
601, 43819.54570248351
86, 43787.8855022904
441, 43534.47765838437
1017, 43504.66015419125
783, 43323.51726686149
802, 43289.77812893698
801, 43289.77812893698
346, 43280.576917428305
970, 43097.96444611012
304, 42539.97696500736
1191, 42506.48865208718
1189, 42352.809019801374
565, 42224.214314400386
762, 42103.09030794757
772, 42052.42105526863
1066, 42026.67605695041
776, 41818.709548313425
1287, 41736.28262948181
420, 41622.77789652674
969, 41606.9760311671
415, 41551.79380346929
1155, 41514.414057106755
972, 41398.43142893071
967, 41398.43142893071
361, 41393.89859089041
1346, 41306.75648644085
853, 41300.571432744
583, 40902.99596425376
222, 40564.78826093796
367, 40355.71858371925
116, 40052.61530450198
347, 40028.37857879207
858, 39979.45149131482
1290, 39818.24403733918
827, 39790.08282592718
1040, 39685.85913846863
971, 39432.29878528366
846, 39384.52278834195
517, 39383.863697687746
1342, 39325.53992753149
540, 39199.8019086871
1204, 39135.074020603046
495, 38992.97134893902
1201, 38962.02761740904
433, 38950.62424761301
204, 38947.39180965563
488, 38884.57949925192
509, 38867.65378366534
930, 38815.187988571335
277, 38739.24177013516
1274, 38729.122031023566
252, 38686.19972161606
1200, 38520.82664808789
1169, 38432.60873252622
885, 38040.31309456494
1224, 38012.970460812256
867, 37954.09504042177
781, 37935.91788301192
153, 37922.35819234686
231, 37742.16061011097
30, 37622.170743152565
220, 37529.46606571886
354, 37517.57685836149
299, 37479.34078147946
107, 37404.01307082101
584, 37359.68015725001
380, 37331.18079209679
978, 37294.45767050405
279, 37199.725681822136
450, 37083.352010706534
449, 37083.352010706534
278, 37063.98517477354
478, 36977.51566169564
771, 36936.71199952693
221, 36834.43305536872
106, 36770.71400618436
1111, 36765.0036216841
622, 36761.102493069986
621, 36761.102493069986
581, 36684.24243282507
1013, 36322.82773280869
1012, 36309.82798751566
618, 36301.65279542763
1137, 36210.2648696779
56, 36081.07372297466
1310, 36075.97838247347
557, 35821.08040891496
780, 35746.54485344244
534, 35662.78232415529
836, 35655.71637565144
29, 35510.42740766463
1217, 35417.04260418835
1216, 35417.04260418835
131, 35257.81013549654
536, 35228.633489879045
535, 35228.633489879045
395, 35099.46848327143
847, 35025.58590759995
1112, 34807.27578861122
1306, 34747.810814617216
596, 34730.31718719725
605, 34685.02089669108
977, 34617.86026064356
1052, 34546.62415813169
598, 34414.647787873146
178, 34368.05297663451
381, 34059.117410522435
173, 33955.41619853976
597, 33917.30099309678
