1038, 100000.0
590, 99685.76335802868
541, 99390.44531335155
573, 99343.35177616186
1377, 99161.58669490746
994, 99149.7404176106
946, 99030.09158804473
181, 99000.30763499161
1069, 98803.63713950274
126, 98322.51266456347
651, 98264.64857455966
1366, 98253.90694052083
1259, 98001.4970652243
1260, 97627.41627868166
614, 97530.24103208612
639, 97102.820008901
789, 96894.11397760293
147, 96783.84759368913
1357, 96381.19900875093
935, 96373.07577697095
1331, 96352.6384202476
928, 96310.36576564793
680, 96252.78997799702
1073, 96148.68793223547
1142, 95987.2586988367
300, 95812.85242694056
888, 95780.26202858225
1402, 95716.22501608769
631, 95686.0450356858
448, 95443.34265291656
997, 95132.87646782768
873, 95132.87646782768
50, 94893.11529938944
196, 94883.95734624624
1358, 94754.87213143629
1294, 94722.70496659036
602, 94704.26379667627
837, 94596.90488637838
312, 94570.58680084211
393, 94218.24344278115
182, 94136.23833172263
572, 93820.58971150646
199, 93792.3506191401
648, 93753.56980260118
931, 93741.8217593542
58, 93582.33793800953
9, 93309.13414294395
49, 93264.03373841262
1099, 93192.74093013023
652, 92996.9607604752
97, 92908.31076522087
118, 92836.0510708747
375, 92704.41819717031
851, 92505.72479917364
989, 92450.26679145919
403, 92450.26679145919
1325, 92193.7185561607
453, 92154.68310416923
452, 92154.68310416923
127, 92105.5121869593
926, 92057.86083937286
1143, 91799.06576493917
1335, 91734.72168414888
1033, 91655.9404676283
1053, 91605.62724498818
585, 91591.63224227256
649, 91443.75333839923
1165, 91426.32707988874
628, 91151.8766656067
936, 91104.17307124686
1045, 90923.75040046629
718, 90616.56895147577
489, 90572.70268472469
1226, 90516.65116188102
1153, 90416.26640981092
1231, 90342.34969994337
844, 90211.34776972052
894, 90026.49100202278
293, 89992.50380090786
1327, 89983.31276750148
797, 89962.97227468833
57, 89955.40330114232
1238, 89945.33075790145
849, 89721.68365668073
1089, 89599.69127203105
1164, 89524.09002252962
200, 89524.09002252962
677, 89510.4358605951
549, 89499.49451897861
616, 89496.92158883733
715, 89495.62863294134
1244, 89474.72250712162
188, 89369.77218249191
998, 89239.13655089206
1333, 89129.11751870494
202, 88783.94846662588
385, 88643.36433039125
245, 88525.60345312308
1258, 88435.65343231661
138, 88014.46521312828
402, 87883.65932132251
1254, 87856.10383515306
1161, 87822.48478961577
232, 87799.32838740796
197, 87764.50087494972
907, 87755.20192455442
1014, 87504.51148838649
1095, 87263.44575160476
1091, 87152.14347233191
1090, 87152.14347233191
591, 87090.70206288264
1205, 87004.69846475177
75, 86838.40286644851
671, 86770.19369678895
357, 86569.89058251488
1207, 86465.28005006848
737, 86449.42964932055
214, 86329.95638261536
723, 86310.08839549414
679, 86209.95327674277
779, 86139.7418373697
1289, 86071.75391031729
82, 86071.75391031729
1353, 85899.3343574702
561, 85820.472818805
875, 85797.01897268552
979, 85685.89734685837
567, 85602.86653922252
744, 85523.68412455393
1134, 85519.67461858483
472, 85386.05617901852
543, 85332.57529303408
101, 85328.87275979601
714, 85186.51772379535
1257, 85114.62851378527
100, 85082.72082288147
988, 85011.47958071371
610, 84982.16352529086
1309, 84865.10966730886
1131, 84851.77303810674
319, 84791.49485304733
447, 84683.95978462277
884, 84599.35087719183
736, 84587.47718987228
317, 84523.72919332341
1319, 84478.46723644526
493, 84454.86988772941
1047, 84411.44243636778
1048, 84370.19647903304
925, 84299.99515070773
716, 84165.61300496345
731, 84137.2560621304
457, 84094.23619348204
376, 84076.5660367673
859, 83989.56354899995
323, 83885.14833716788
1206, 83670.96491909512
1239, 83342.31539311077
1209, 83331.21120162604
79, 83230.06279199237
603, 83170.35965896849
1208, 83128.35278184246
59, 83125.24208818453
763, 83067.88775478043
666, 83027.45583328005
405, 82906.76924525845
355, 82814.15374655594
1163, 82777.4042189739
95, 82753.93114002293
657, 82348.37028776687
843, 82295.56200607357
732, 82174.72947469428
630, 82174.4840027467
726, 82142.12111190765
60, 82100.35649185971
1261, 82058.0447164353
1250, 81909.06652007457
341, 81869.83515094982
171, 81656.7947499082
1359, 81369.81775459852
392, 81347.54365906931
1355, 81346.19759727291
1087, 81303.35280642906
1212, 81268.48245939985
342, 80853.65044893642
329, 80749.59386698887
650, 80726.3849269816
31, 80665.93394995623
243, 80642.52713602061
874, 80374.2686942329
394, 80035.19223625706
406, 80024.25481882233
615, 80003.97377264581
294, 79777.87487617093
1276, 79728.56960919866
810, 79538.91206181113
324, 79430.91547166342
407, 79410.14457144632
1068, 79257.54836159159
1252, 79210.53807892471
234, 79146.90448745941
1182, 79137.10480071488
1178, 79137.10480071488
1181, 78974.50329137823
1180, 78974.50329137823
1179, 78974.50329137823
678, 78874.87714029616
1177, 78785.98023718315
948, 78669.9753904128
247, 78664.64498676147
1005, 78217.7035782239
52, 78198.04226610805
1375, 77893.43276916895
1104, 77613.4066783036
629, 77533.49589815957
974, 77359.13730812703
207, 77230.68581222222
287, 77182.09417062938
386, 77174.83120772234
87, 77034.0982988324
203, 76992.16043893766
787, 76958.88376952706
499, 76867.98498213694
1291, 76738.60621931609
788, 76716.88314596344
462, 76694.4963781479
1214, 76643.42786624677
132, 76454.04259821051
328, 76450.94849762596
76, 76433.3185493228
371, 76240.9136771144
1000, 76210.0641869933
566, 76165.81920200499
1114, 76066.9949794673
863, 76030.87242347996
1416, 75491.72359992376
1354, 75483.57824987039
945, 75336.0432586957
848, 75210.9801240593
1322, 75095.11465559748
1213, 74960.90656946645
1332, 74929.17942086105
944, 74880.95628352289
1292, 74467.2839672578
1293, 74442.38823466995
1349, 74441.50327008507
803, 74389.32815952055
735, 74208.57923137596
436, 74191.61446607282
938, 74117.82332762025
1072, 74005.11429300936
121, 73954.33907427228
937, 73900.39455285762
906, 73877.18588081612
262, 73824.02947297045
1194, 73823.94420847134
206, 73677.67190666284
638, 73660.41742364404
225, 73660.41742364404
943, 73533.8407310116
482, 73398.67320903605
115, 73341.93689972503
8, 73211.09702236905
439, 72939.40072721038
1071, 72753.85553451635
1070, 72753.85486996252
263, 72674.89415477628
1107, 72502.9106946826
733, 72468.61913642212
822, 72406.84046550028
838, 72327.4042287075
916, 72265.07329219414
924, 72065.59426408085
982, 72063.17268662367
1295, 71895.0902321416
201, 71667.4206514799
1124, 71663.41480525248
1339, 71467.54767508068
1303, 71201.94316676154
823, 71189.67282355916
588, 71129.36752124695
1420, 71049.28295065726
542, 70951.50947939107
539, 70951.50947939107
1305, 70921.31642284052
261, 70854.33187031558
721, 70767.03295211967
627, 70714.68056452041
337, 70668.37785290663
1367, 70646.11844830644
314, 70599.70641322441
1249, 70469.88974684705
760, 70384.16617665894
722, 70365.69330138291
301, 70282.32638454888
893, 69987.23284479692
1215, 69910.84788909885
959, 69900.59665090292
35, 69865.94324027836
941, 69859.8250421146
1233, 69770.91835135105
520, 69681.35878635527
632, 69678.39505122566
378, 69265.07290716551
1150, 69077.19474527176
1220, 69072.14951563133
174, 68988.19855216991
942, 68873.6071492868
952, 68663.10664265341
1055, 68425.75037888042
767, 68388.79194595198
578, 68120.73140074176
1185, 68104.25255660761
950, 67866.10130477442
7, 67773.76115162474
292, 67736.20502113555
738, 67734.01679413031
911, 67451.55946636811
1324, 67311.04864345655
980, 67289.5246886813
1284, 67160.38104296937
1360, 67140.85388854255
996, 67134.19914782977
336, 67014.89977435108
377, 66860.03905836376
440, 66764.68153321627
265, 66740.35185047593
296, 66717.79508395503
0, 66707.88861733874
559, 66687.03033018146
66, 66641.5878661756
1154, 66622.12942699062
458, 66610.99605426723
668, 66582.71826724561
490, 66564.86911081042
1275, 66397.85725224261
755, 66298.69567592216
1145, 66243.3325493794
1115, 66180.129847126
1025, 65874.39613595752
1, 65687.7652384093
1151, 65573.29613363123
734, 65502.38418526951
1021, 65200.65600577709
624, 65176.209286718775
119, 65123.89041729627
1050, 65061.69398066038
208, 65038.28443148924
1156, 64818.860892810946
778, 64803.2879576521
1049, 64722.00079060628
664, 64659.49998142215
344, 64609.562893246555
753, 64547.07320295221
71, 64393.77389180041
1064, 64305.24298415014
431, 64286.22075098064
1098, 64256.298213239395
1022, 64195.37543423189
213, 64058.911790548766
148, 63960.209295895154
1054, 63957.641175084944
1411, 63939.650165736086
892, 63931.64976086897
175, 63917.02304254908
1350, 63851.07082309035
665, 63795.40744941054
839, 63731.355282492266
1125, 63712.939323369465
280, 63687.5893574411
1024, 63369.3248488034
1023, 63369.3248488034
1237, 63369.3221688917
120, 63278.39694469543
522, 63221.95363483776
340, 63135.56832434429
592, 62898.98751637387
1368, 62828.42092362318
547, 62824.550095605744
548, 62809.894806430144
109, 62774.75313284213
1129, 62680.0475812298
1127, 62633.57852950816
70, 62515.54330136875
1301, 62402.49638788633
1329, 62309.56971680714
806, 62266.99234984091
1372, 62223.55738704346
667, 62172.376058005575
966, 62124.86495989865
707, 62113.03613190135
880, 62017.45146122344
887, 61886.32438689877
496, 61815.24272031181
896, 61628.42170893044
990, 61609.454477075495
311, 61497.262157936064
746, 61484.02447587026
327, 61429.62009640217
676, 61419.24224129032
669, 61379.438730771086
1405, 61367.281009762046
747, 61309.92006513897
326, 61156.54076114302
1097, 61093.88029465778
198, 61030.163342266955
758, 60986.26967504155
995, 60982.55584339025
486, 60903.05686805608
587, 60658.648271452286
728, 60605.96992257322
1321, 60598.92833840004
729, 60554.03442240603
883, 60539.327613884685
370, 60450.55003061757
599, 60438.5270097334
958, 60313.59377176644
1096, 60209.086738529935
766, 60178.1769643436
1388, 60142.4604350046
282, 60089.940203402846
741, 60044.96349194227
983, 59967.131343155736
241, 59886.44006691478
1340, 59868.88606030317
1116, 59859.11460152455
757, 59524.26419046366
1374, 59523.32099301355
1198, 59509.88773050192
1195, 59504.47636591538
670, 59334.40398388036
586, 59186.745466264234
1387, 59157.15667250767
1386, 59085.95659632779
582, 58985.56609087519
1197, 58921.38457012175
1196, 58866.10372149588
211, 58815.715196386685
511, 58813.92067132774
212, 58783.04042472713
1298, 58754.271083511856
1311, 58635.442992725126
497, 58546.99867406656
658, 58389.061218942006
1380, 58328.720442876904
821, 58327.117281625775
315, 58288.788569707125
286, 58175.8551121512
1130, 58171.43735500401
1146, 58140.35960226735
96, 57998.373632665876
660, 57957.48095792099
1093, 57929.40023957917
510, 57929.40023957917
774, 57901.66220278121
773, 57901.66220278121
51, 57763.49025328577
316, 57745.31000082839
1171, 57517.90391188143
1079, 57455.476966713395
193, 57455.476966713395
756, 57423.31683936193
904, 57334.32111733211
902, 57334.32111733211
901, 57334.32111733211
900, 57334.32111733211
910, 57294.38406056402
1351, 57231.5227499957
32, 57061.43365620136
1158, 57014.22715211172
1034, 56866.060331969114
1128, 56847.83966532366
166, 56792.791400511596
784, 56782.126694657694
383, 56640.11402908444
1007, 56631.18658026982
889, 56433.57730581511
897, 56384.32307694108
1328, 56294.04686475046
1279, 56294.04686475046
951, 56175.732682568116
117, 55943.31134578618
1242, 55871.8661311598
1241, 55871.8661311598
351, 55813.544397378624
360, 55705.04646098425
956, 55684.12063675271
494, 55655.78536107042
881, 55608.77030928923
446, 55502.13466399315
110, 55347.784781042385
953, 55169.4393349153
297, 55169.4393349153
761, 55015.86174731554
1297, 54965.29368387224
1211, 54955.31177167999
91, 54934.720206938226
1008, 54885.67221901525
163, 54809.97776063702
1304, 54716.98776149782
