1041, 100000.0
1203, 99553.83226034127
1042, 99546.7804878963
1167, 98953.96448903058
551, 98463.81350535333
1243, 97768.8059066098
1202, 97278.89407046312
303, 97184.40880797566
1320, 97003.93543762129
1229, 96858.64763193633
1361, 95682.17851278784
130, 95025.04967571686
373, 94115.09786318992
1365, 94101.58349875057
764, 93624.86338992979
532, 93386.72439450434
1345, 92865.14158509082
128, 91575.67208254128
991, 91525.94291085663
523, 91428.41410322857
143, 90443.74921214789
111, 90432.39297904725
230, 89679.25206852419
229, 89638.75232998097
404, 88706.49752320816
708, 88489.28762039715
1210, 88265.91557095724
841, 88206.69068866472
957, 88107.08854535889
675, 87513.03693019252
372, 87254.75239541302
724, 87091.86175781579
507, 86918.08463359684
298, 86685.70639908382
842, 86616.20749226092
508, 86484.62692211177
529, 86116.86231023607
144, 85976.52689474395
818, 85510.73560724547
681, 85119.28824813904
1006, 84888.64889895623
1341, 84818.83162937369
683, 84499.9529762779
725, 84177.00172373255
682, 84012.83466675636
1186, 83805.55961831872
533, 83783.43536623246
635, 83690.57880790473
634, 83690.57880790473
976, 83688.37458388304
506, 83650.28471912615
975, 83628.4799670564
685, 83592.57164820435
1092, 83481.77911484703
1266, 83256.19691660772
84, 83081.50162480448
321, 83070.42808076063
684, 82710.28525175381
333, 82667.20760471544
1391, 82225.16456583593
25, 82005.92901714357
24, 81514.87742753494
308, 81257.04451242342
23, 81168.07106905858
77, 80954.77269744023
879, 80949.61647253548
878, 80949.61647253548
1393, 80872.36095316733
505, 80827.44697451282
400, 80630.09417480789
646, 80350.05745894003
1219, 79939.55985731614
1218, 79904.36565129308
1338, 79826.19484644057
1337, 79826.19484644057
914, 79767.33768121597
1139, 79582.03500860417
954, 79503.33494256502
1140, 79427.93424835376
521, 79253.04992144399
1141, 79121.92078699995
1138, 79121.92078699995
962, 79011.63123645559
964, 78968.1190866272
963, 78968.1190866272
1267, 78959.8335848454
965, 78953.63578283777
283, 78843.52506753258
1126, 78747.41615368024
1265, 78682.80508137899
912, 78624.17574026034
608, 78071.22588758219
550, 77945.74967617892
918, 77785.9497256986
805, 77777.54872640589
625, 77691.39631300863
388, 77630.34385761242
162, 77543.66157762147
129, 77495.71395073297
1394, 77156.71050401572
1364, 77069.40560785313
785, 76953.83208839412
387, 76945.84006507929
804, 76905.76088508649
973, 76839.21116090922
687, 76437.07526688295
389, 76433.07622756305
882, 76272.17007231466
1230, 76217.61495675577
1336, 75957.1297874869
686, 75655.80536444514
688, 75490.97462038127
1385, 75473.70668548881
895, 75296.94347303752
284, 75221.09862730099
33, 75218.14304620205
318, 75119.68376563984
443, 74840.5526555245
913, 74443.32985814143
524, 74225.92028527417
1352, 74191.53981868344
1268, 72998.51795757138
339, 72920.86938266887
1392, 72891.27304914524
1296, 72677.31491405594
34, 72676.66466054761
1118, 72612.06879538142
595, 72612.06879538142
626, 72473.08791509968
917, 72321.42895197966
933, 72123.26765578668
92, 72058.60611554529
1251, 71920.31698078294
1269, 71905.72441494379
163, 71727.69389389508
91, 71515.17732192884
1211, 71480.31009531207
1297, 71463.42957617198
593, 71284.97856444572
953, 71121.26398794858
297, 71121.26398794858
881, 70404.21620706857
351, 70078.69687065553
1242, 69986.96909767242
1241, 69986.96909767242
117, 69875.18707376336
951, 69515.94557614959
1007, 68830.91806576792
383, 68817.73454151936
784, 68609.24976527768
1128, 68513.55577619122
1158, 68273.4228908069
32, 68205.85361810081
1351, 67964.41777976298
910, 67875.98082205615
316, 67253.81025805474
774, 67042.96377920556
773, 67042.96377920556
1093, 67005.81441789045
510, 67005.81441789045
660, 66968.28417785386
96, 66913.77057619234
1146, 66725.76921464886
1130, 66684.88241884614
821, 66481.4686692217
1380, 66479.38604051586
658, 66401.17650194168
1311, 66085.38671211018
1298, 65935.09275360769
511, 65860.13318147715
1196, 65794.82037464877
1197, 65725.89729161767
1386, 65522.322215237575
1387, 65434.987240600494
586, 65398.823323467244
672, 65295.39788717865
1195, 65015.230568160754
1198, 65008.771719716395
1374, 64992.74878427809
1116, 64597.07910668478
1340, 64585.703430716305
282, 64330.404857158166
766, 64229.581736182576
1096, 64194.407307452806
599, 63935.62543697288
883, 63823.20811917024
587, 63691.12635027185
995, 63337.89009538442
758, 63333.88434172641
198, 63286.61568495025
1097, 63218.245451391675
747, 62988.57271032715
669, 62915.36341242305
327, 62862.726348608
746, 62805.85584222574
990, 62675.51221385736
896, 62655.89508817464
887, 62391.552069813806
880, 62258.83995178984
707, 62162.80635140019
966, 62150.96307197629
1372, 62052.500611152616
806, 62009.36427101454
1127, 61650.02760993334
1129, 61605.07271189567
548, 61480.15422572868
547, 61466.11937873266
340, 61171.29335149383
522, 61090.41754046631
1237, 60953.446375557294
1024, 60953.44389608729
1023, 60953.44389608729
280, 60661.856821865804
839, 60622.20386588714
175, 60455.15947532069
1054, 60418.86697220909
1022, 60208.235111899645
1098, 60154.74345676628
431, 60128.54260667277
1064, 60111.91083810695
344, 59848.39892792789
664, 59805.61422094245
1049, 59752.24417949333
1156, 59669.924948114094
27, 59538.28884296154
1050, 59465.60890793346
624, 59370.26697645646
1021, 59349.99625452293
1151, 59044.56654800423
755, 58468.53347686573
1275, 58391.628019722244
1154, 58219.27448551023
66, 58204.42310131243
559, 58169.80296773861
296, 58146.415084483095
265, 58129.2926840288
440, 58110.84875555651
377, 58038.80153718338
336, 57922.61124794852
996, 57833.78267012368
911, 57600.31686122706
738, 57395.92671003899
292, 57394.35556985163
950, 57301.4252201058
578, 57121.14840179786
28, 57104.52002034558
767, 56934.02097340898
1055, 56908.431725481765
952, 56745.290350079216
1220, 56468.92616468955
378, 56340.634369364976
1233, 56010.326481677264
941, 55953.16213401279
35, 55949.23795030936
959, 55927.0347516565
1215, 55920.47415238291
893, 55871.69804313558
301, 55685.049231453086
722, 55632.82688554313
760, 55621.2851610137
627, 55416.59983421147
721, 55384.491042241345
261, 55331.13676644524
542, 55272.01967072457
539, 55272.01967072457
1420, 55212.83012064263
823, 55128.346200419786
491, 54965.747614754975
1339, 54962.857770176575
201, 54845.224127245
1295, 54712.63422789554
982, 54615.69159021388
924, 54614.30073850303
916, 54500.289933002314
838, 54464.891195040575
822, 54419.93279708045
1107, 54365.79039806875
263, 54269.48995649438
1070, 54225.542848158955
1071, 54225.54247898933
439, 54122.92610224892
8, 53974.293921773606
115, 53903.39919037763
943, 53800.207642975176
1194, 53645.97031362087
262, 53645.925289307386
906, 53617.89071278081
937, 53605.672331790214
121, 53577.3239226378
1072, 53550.70609377577
487, 53508.09288574333
436, 53453.47529992548
735, 53444.672531360105
803, 53351.312603696766
1349, 53324.50798875484
1293, 53324.053900284816
1292, 53311.287118789165
944, 53101.27532642027
1332, 53077.05138302506
1213, 53061.14290528804
848, 52936.552687524854
945, 52874.77247154531
1114, 52520.5570530372
76, 52347.33237390147
462, 52225.526908219785
1291, 52205.09292226809
499, 52145.38494740871
87, 52069.21689105057
974, 51921.75788643277
629, 51843.507565264736
1104, 51807.84035650936
1375, 51683.81486444902
52, 51550.574813606894
678, 51260.59663303153
1252, 51119.81303545873
1068, 51100.252462702854
407, 51037.02067131787
324, 51028.444619235524
810, 50983.972601719586
1276, 50906.35108018887
294, 50886.270813707604
615, 50794.70707748869
406, 50786.53515570479
394, 50782.13090875892
243, 50540.62118966119
650, 50507.73888216193
329, 50498.65780812154
1212, 50297.822233596125
1355, 50268.09956066511
392, 50267.585559871244
1359, 50259.08407303944
171, 50150.221439358924
341, 50070.20155470924
1261, 50000.06466263438
60, 49984.36827138923
843, 49912.28868010885
95, 49745.176242434405
355, 49723.44029927245
1208, 49610.85311221412
603, 49595.90366462198
79, 49574.69788692824
1209, 49538.88185913924
1239, 49534.958376921335
320, 49534.54460394001
1206, 49419.58553983858
323, 49345.16895592127
859, 49309.109001955854
376, 49279.17106081883
716, 49248.63120098537
925, 49202.73647802918
1047, 49164.84996814394
317, 49126.837847739866
736, 49105.32840055382
884, 49101.32771552981
447, 49072.871142147735
319, 49036.83315299178
1131, 49016.695289295945
610, 48973.28821691593
988, 48963.557778519054
100, 48939.95576373201
1257, 48929.40501437843
714, 48905.67937806712
101, 48858.88337127504
543, 48857.669523043856
472, 48840.1546673239
979, 48742.59268556171
561, 48699.15209853921
1353, 48673.79490691791
1289, 48618.60828714476
82, 48618.60828714476
779, 48596.94227170428
723, 48542.89138525645
737, 48498.925706742666
1207, 48493.93851646338
671, 48398.552574270376
75, 48377.3575028413
1205, 48325.90004651102
1095, 48246.44052056671
1014, 48173.06651038981
907, 48097.42493424412
197, 48094.63200067883
1254, 48067.167998632394
385, 47834.73797659258
998, 47663.02478581988
1244, 47596.09081923535
715, 47590.17710979701
616, 47589.81151071507
677, 47585.991153409166
57, 47461.18241879465
797, 47459.07571359859
1327, 47453.41693811753
894, 47441.417587938464
1153, 47333.88814894459
1226, 47306.42280814083
489, 47291.127388823734
1045, 47195.98452917241
649, 47057.083816904575
585, 47018.0190067746
1053, 47014.33186674469
1033, 47001.09035511409
1335, 46980.40071354852
926, 46896.09667655729
375, 46730.06961897424
118, 46696.69396120211
652, 46656.087865175046
49, 46589.15488673689
9, 46577.90865831426
931, 46470.83629461469
648, 46467.949749607564
393, 46354.63878605182
602, 46237.89301474683
448, 46063.73926499078
1402, 46000.44483614982
300, 45978.160246976695
1142, 45938.10592222983
1073, 45901.223233148594
1331, 45854.88626063929
935, 45850.25890576518
1366, 45436.45886148155
181, 45278.594869838846
946, 45272.36749853507
1377, 45244.93899222761
573, 45207.19865453123
541, 45197.453259978705
590, 45136.64599670558
1038, 45072.51547584121
994, 44898.97205726093
1069, 44827.86288355076
126, 44728.55939738001
651, 44716.580623935566
1259, 44662.0070153055
1260, 44584.15324399228
614, 44563.87604148795
639, 44474.426513404665
789, 44430.59381214492
147, 44407.39422474772
1357, 44322.43513079636
928, 44307.44959985618
680, 44295.26005368272
1187, 44210.36346555562
888, 44194.921513864545
631, 44174.851296461435
997, 44056.58413325846
873, 44056.58413325846
50, 44005.09361247995
196, 44003.12410613849
1358, 43975.341377748045
1294, 43968.411794104315
837, 43941.28718721801
312, 43935.60767947976
182, 43841.62913965704
572, 43773.04206019369
199, 43766.8940070623
58, 43721.10922963838
1099, 43635.88274513551
1253, 43606.032649375506
97, 43573.42239100325
851, 43484.66729847983
989, 43472.408798195844
403, 43472.408798195844
1325, 43415.59955045031
453, 43406.940994772354
452, 43406.940994772354
127, 43396.02874126647
1143, 43327.881525810095
1165, 43244.66780243812
1157, 43187.79453238948
628, 43183.16795083113
936, 43172.45846801948
718, 43062.65171965022
1231, 43000.6256177193
844, 42970.924375609764
293, 42921.2063707905
1238, 42910.47280175599
849, 42859.504790944775
1089, 42831.64738196989
1164, 42814.36367808546
200, 42814.36367808546
549, 42808.737452596426
188, 42779.03673449871
1333, 42723.8181735244
202, 42644.34705689852
245, 42584.65571507624
1258, 42563.83005266503
138, 42466.021451673885
402, 42435.546957994484
1161, 42421.27871947524
232, 42415.875080111546
1091, 42264.253592227244
1090, 42264.253592227244
591, 42249.79888981942
357, 42126.84974325024
214, 42069.95203597545
679, 42041.433771599055
875, 41942.98999635212
567, 41896.53634679391
744, 41877.55996006546
1134, 41876.598588679204
1309, 41719.03235418802
1319, 41625.37826810666
