1059, 100000.0
454, 99836.19481711494
856, 99823.53741330297
854, 99823.53741330297
855, 99808.98123429334
555, 99496.92410091816
554, 99087.34348519528
442, 98938.73675923377
709, 98921.61756928221
233, 98575.31203945022
1113, 98574.83022224477
571, 98385.97670028041
1018, 97698.09455427973
154, 97698.09455427973
437, 97587.7423662997
1232, 97433.30988098563
1088, 97370.59583868482
1400, 97306.04648713312
155, 97015.13319472484
391, 96834.32505918508
409, 96769.01010021105
1323, 96342.16288874105
1102, 96280.00176172414
1106, 96279.99877479422
1105, 96279.99877479422
922, 95529.53882552167
168, 95456.30167998123
1056, 94944.79881743844
264, 94889.6638806601
26, 94827.3387868588
434, 94577.66561430233
390, 94487.37249531031
72, 94146.65936317769
553, 93905.8451641605
419, 93636.57198821697
417, 93308.04121617373
167, 93307.03262123054
267, 93276.57673343208
149, 93123.6089508007
124, 93121.76916970887
861, 92890.31455811627
1395, 92814.16016005781
401, 92760.80596770406
151, 92578.08935599627
1101, 92403.59491474957
1027, 92162.42767825066
410, 92064.28772696093
993, 91148.57605841735
607, 91029.28894245082
187, 90727.25510356923
1110, 90660.41960621304
1108, 90660.41960621304
1081, 90044.26604053915
1109, 89995.71389589706
1397, 89895.43524133482
1288, 89768.09120031739
42, 89252.75328769685
647, 88857.3076424362
903, 88849.91940809294
1410, 88646.5499556278
122, 88481.2123954432
1300, 88477.75600886189
574, 88401.67730300728
1399, 88341.72864325426
1015, 88125.32923392614
1086, 88099.01899627916
1234, 88078.82608568827
451, 88075.12986702946
564, 87772.87198579623
1085, 87609.24687358685
562, 87561.81614539858
860, 87527.82669278556
992, 87252.47631732647
673, 87238.20152353385
968, 87217.63050449405
302, 87127.65353212143
866, 87042.96755577007
700, 86779.79231339577
1016, 86347.11856167411
1409, 86244.75753761276
1065, 86244.75753761276
85, 86244.75753761276
1408, 86209.73915236555
1407, 86195.71101267275
601, 86191.32475278855
1061, 86181.16696639711
86, 86068.91903174143
1039, 85873.74708791185
441, 85095.31404736206
1344, 84988.50253508097
1017, 84981.46000727561
783, 84293.00191963272
501, 84187.24512845623
802, 84165.3727671003
801, 84165.3727671003
346, 84130.59881558912
815, 83672.17117160122
1317, 83617.59658603191
970, 83443.33062301135
1228, 83403.2628273117
865, 83403.2628273117
1404, 83369.71978192763
139, 83305.52298821356
1188, 83200.77523473039
674, 83194.0347345845
1190, 83147.96320365668
794, 82594.92672836111
273, 82317.85984322903
852, 81930.39710019129
796, 81790.14823959366
304, 81376.70329127362
1191, 81254.24535358358
831, 80755.87803049228
1189, 80694.52769662642
256, 80256.15885281378
565, 80228.99016387976
1074, 79884.34458387902
762, 79792.82613075523
772, 79611.03335135103
1066, 79518.81444261815
362, 78990.00698923183
776, 78777.55519164594
1287, 78485.56284486217
420, 78085.12859742314
227, 78053.03241782896
969, 78029.53324575121
415, 77835.67645791963
1155, 77704.61554744192
972, 77299.26354827324
967, 77299.26354827324
361, 77283.46155376051
1245, 77146.95802965977
1346, 76980.25642896142
853, 76958.77793452775
1396, 76528.04967226661
1077, 76328.15205682452
274, 76090.71952453737
271, 76090.71952453737
583, 75589.69686363154
222, 74442.69570252678
1314, 74357.36586925892
1080, 74203.63850039635
654, 73778.4360232807
367, 73741.60944571887
828, 73713.27069554359
481, 73541.02385516344
1162, 73529.58834559192
829, 73529.58834559192
740, 72885.21015646742
739, 72827.04494569008
1060, 72743.61313877476
116, 72735.80047326615
123, 72713.40447919525
347, 72655.91328512391
765, 72614.04569359806
515, 72614.04569359806
514, 72614.04569359806
502, 72588.55963115697
858, 72494.87421005148
690, 72454.41459580699
141, 72436.19463403616
1290, 71966.5455854452
827, 71874.60642739061
932, 71839.1844228781
1040, 71535.25670181513
133, 71424.79292184317
971, 70715.60589200216
846, 70562.0992227468
517, 70559.98363418593
1342, 70372.99714774305
74, 70336.3979595919
1172, 70174.9995228455
6, 69971.58934158256
540, 69971.3565893493
269, 69866.66873879085
1204, 69765.38766018958
516, 69701.49185775053
495, 69315.07159497998
1201, 69217.35069619847
433, 69181.36902252598
204, 69171.17250933681
1029, 69060.30670795709
661, 69009.90367442423
488, 68973.2956099152
509, 68920.05930223106
930, 68755.26664658143
1035, 68615.2562093095
353, 68538.58827171843
277, 68517.33086853861
1274, 68485.68035511504
252, 68351.58039199044
1200, 67837.02929111526
145, 67725.34126252652
1004, 67694.91273617325
1147, 67654.67767834691
464, 67654.67767834691
1373, 67633.76608677184
1003, 67594.64280182085
1169, 67563.91319913814
369, 67401.9501991295
919, 67006.45251886311
503, 66903.92132551191
5, 66874.67288748067
1199, 66781.89235922384
1334, 66746.64075334743
885, 66360.8287092749
19, 66296.39121679714
1224, 66277.66316335853
867, 66098.88893211461
781, 66043.77736063498
153, 66002.69102618925
142, 65989.5569119549
93, 65929.07496551693
1302, 65727.36613920816
920, 65680.10372850421
231, 65458.744535223865
30, 65098.65240235747
220, 64821.590321625656
354, 64786.12960955777
830, 64731.833628882916
299, 64672.19746947883
107, 64448.23601570947
584, 64316.73172382781
380, 64232.31318335026
745, 64188.5927390759
978, 64123.67174362835
45, 63945.23107436305
43, 63923.425845832746
279, 63844.126599076866
701, 63587.49701902049
450, 63502.114020576504
449, 63502.114020576504
278, 63445.34446173271
478, 63192.39030759649
771, 63073.31721427504
221, 62775.663710776455
106, 62590.81553995227
1111, 62574.27174685749
622, 62562.97169852963
621, 62562.97169852963
581, 62340.68086804619
399, 61930.79206910943
546, 61563.23386169614
1013, 61304.08948411634
1012, 61267.07077239949
618, 61243.79638113217
1137, 60984.13361329547
840, 60954.31106817479
1075, 60915.88590705165
1076, 60759.3480152654
238, 60737.39160689686
1414, 60696.666701518865
134, 60645.98636375044
56, 60618.58574422416
1310, 60604.20709528647
558, 60532.85929786883
1057, 60426.27929728518
557, 59888.301647204775
780, 59680.25371716811
534, 59447.14305499519
836, 59427.51195592727
1313, 59400.525968203154
1136, 59380.830537715345
418, 59351.949828162054
471, 59332.57323685888
423, 59237.0002620446
424, 59224.9557582577
1028, 59077.57087804105
29, 59025.007058791336
659, 58887.837017499514
1217, 58767.44765781319
1216, 58767.44765781319
1382, 58753.939639729324
834, 58740.600585119064
1398, 58726.0866812251
1044, 58704.40877773172
131, 58330.331057247255
270, 58298.98053064617
268, 58298.98053064617
536, 58250.517171460444
535, 58250.517171460444
395, 57898.21847082704
309, 57702.26605700184
847, 57697.45612940806
868, 57185.47814661521
1112, 57107.43476021504
1306, 56947.54298329835
596, 56900.57138984974
64, 56875.459214089075
645, 56780.184689101356
644, 56780.184689101356
63, 56780.184689101356
605, 56779.086060181085
250, 56710.90769522226
977, 56599.3346347888
61, 56591.498496852444
504, 56552.814953355846
500, 56476.40570138347
1052, 56409.15882952599
228, 56249.8479129279
1403, 56230.83596370058
398, 56139.87766536105
545, 56124.977361729376
1002, 56116.64216918323
600, 56078.7784287806
598, 56058.13588015699
835, 56041.322596123966
397, 56031.94173228939
172, 55958.95133618174
556, 55945.228231407076
178, 55934.60982756061
759, 55895.06485454635
1401, 55888.26340523835
366, 55830.65950110415
444, 55822.338194677024
1058, 55623.628379912625
699, 55561.05643844786
381, 55120.8871820194
194, 55060.917544059586
619, 55060.02338312574
905, 55057.86497627462
899, 55057.86497627462
749, 54945.46709830558
192, 54939.54152869335
191, 54939.54152869335
173, 54849.78531068212
1264, 54836.29167220454
1263, 54836.29167220454
460, 54796.01352993453
597, 54750.39997064503
209, 54738.54508841725
215, 54735.48681783733
790, 54689.97613234043
1363, 54669.552795909294
249, 54575.88876321357
1043, 54414.65263767764
330, 54401.59494609466
800, 54327.903731514
180, 54253.14728301496
604, 54217.33110778395
226, 54140.77694282432
1378, 54047.628872246634
186, 53976.13801859839
36, 53976.13801859839
1330, 53919.51264235614
474, 53793.92470117733
620, 53758.25170296379
1170, 53714.726079327156
305, 53546.65290829648
1173, 53525.002964687286
704, 53454.101104592824
702, 53454.101104592824
594, 53304.20928743085
921, 53228.41804918933
782, 53178.23144199669
216, 53085.60779462728
161, 53067.83924960933
160, 53064.739752994974
159, 53060.21682725081
570, 53043.82325382908
210, 52840.707211695524
146, 52840.707211695524
814, 52818.99245156844
1152, 52728.486749520656
538, 52673.41172610856
1240, 52628.14074773078
275, 52419.78913883735
432, 52322.58733521591
88, 52238.55609127223
537, 52187.75689287467
170, 52185.84542375882
53, 52185.84542375882
218, 52177.515484822936
158, 52051.27889349561
157, 52051.27889349561
1067, 51880.55464618958
140, 51871.34781527673
169, 51862.53959673477
285, 51508.36172849634
1036, 51445.09984047516
1343, 51248.024636918024
525, 51218.08823359166
518, 51186.29059559032
560, 51140.629806984485
18, 51139.77555587339
696, 51102.65520671115
705, 51018.3559071051
703, 51018.3559071051
459, 50969.49960566276
14, 50956.41899469352
576, 50956.40661334966
877, 50941.9231335346
531, 50878.35905352912
908, 50815.36754674664
334, 50766.91782193154
1031, 50662.75794787478
826, 50525.942302159296
857, 50391.09750984296
775, 50179.32095467642
575, 50093.7786366812
1010, 50027.20702399374
421, 50021.80702707608
427, 49971.69454820378
1262, 49912.09459271273
949, 49810.98857190468
1175, 49681.44429836793
16, 49372.21612881805
915, 49176.37124782021
512, 49104.767040127466
108, 49037.80622087193
1121, 48977.90693105898
623, 48939.15166739708
643, 48937.076112410636
177, 48922.931019471995
1413, 48797.33435593279
1255, 48747.342574019196
1348, 48738.844794368786
613, 48675.49439261121
272, 48565.23284397001
1051, 48562.06148828074
1083, 48360.20869865666
1176, 48292.15693259831
752, 48276.37955399513
1362, 48272.475960569085
1285, 48183.57863135542
1193, 48170.307099891055
719, 48167.331731283266
156, 48138.86504121398
217, 48101.63575986773
1149, 48082.18381570503
1286, 48035.219453375845
698, 48020.119041376034
544, 47940.93757860498
90, 47934.93869899748
563, 47849.64798994505
461, 47745.704638512325
611, 47602.56816580805
1376, 47596.71828275627
290, 47548.59374706743
960, 47534.33638944788
1236, 47430.772928978025
135, 47391.85741450893
850, 47180.90941109661
612, 47178.46643140732
102, 47128.08357847733
136, 47127.14405577053
1379, 47099.10790455626
1419, 47080.78915965742
65, 46858.439934507274
62, 46858.439934507274
112, 46805.765955180104
137, 46801.3633633817
4, 46743.985028539835
1299, 46716.84105366857
1282, 46700.65389729532
1084, 46666.23304975959
1082, 46666.23304975959
1277, 46535.416316269875
1247, 46479.32008875498
750, 46468.22934542612
819, 46444.87282396486
1062, 46431.93025859428
751, 46413.33469204286
1223, 46389.34335758087
15, 46283.23284416377
363, 46218.368541917254
1020, 46194.16043392843
1318, 46150.8165060604
364, 46146.253615679874
845, 46120.337746259924
799, 46113.79787795888
798, 46113.79787795888
1221, 46056.27113669978
633, 46013.448053432556
239, 45938.259456741034
21, 45938.259456741034
692, 45915.78469464706
609, 45909.82668532995
1412, 45907.90551343645
577, 45870.245200736295
335, 45823.64931285493
338, 45779.059253317326
223, 45616.20704336481
350, 45603.43758001711
425, 45590.085316622986
348, 45586.99707075752
1001, 45427.515206236116
416, 45425.16177802919
260, 45410.23988673901
3, 45367.69227408508
2, 45367.69227408508
396, 45305.27105965677
44, 45305.27105965677
291, 45229.97579957323
754, 45183.8267793771
1148, 45121.65608890762
1308, 45097.21797647613
712, 45028.40515723967
1144, 45015.155712182
113, 44856.88368995975
