1068, 100000.0
1252, 99925.17543785516
407, 99758.13365526736
324, 99725.37366587594
810, 99555.66169984911
678, 99391.59032460435
1276, 99260.12101546828
294, 99183.80556945446
615, 98836.53920679128
406, 98805.60376926407
394, 98788.93505750842
52, 98319.24093664989
243, 97879.06114080003
1375, 97838.18715905397
650, 97755.80852325348
329, 97721.79642156468
1104, 97396.80576823757
629, 97270.99803313814
974, 96996.72519034921
1212, 96972.50342130264
1355, 96862.08319653432
392, 96860.1747396595
1359, 96828.61442994197
87, 96486.26318411896
171, 96425.35329480054
499, 96225.80800180946
341, 96129.96332680288
1291, 96023.14657772575
462, 95954.09130937651
1261, 95871.76933566468
60, 95814.07740057059
843, 95549.57555447856
76, 95545.61802043342
1114, 94973.87506921428
95, 94939.02190525661
355, 94859.88233613715
1208, 94450.9607228923
603, 94396.78979844472
79, 94319.99897354394
1209, 94190.43575272826
1239, 94176.2529553204
945, 93837.11597846264
1206, 93760.10080447832
848, 93643.16321056736
323, 93492.6023330113
859, 93363.24038778705
376, 93255.96899070573
1213, 93255.8131061693
1332, 93206.71459205511
716, 93146.66062274904
944, 93132.10756506557
925, 92982.6211347183
1047, 92847.41007932133
317, 92711.93668434417
736, 92635.3604039896
884, 92621.1240313358
447, 92519.92107487924
1292, 92493.06737075813
1293, 92454.6633140416
1349, 92453.29828563394
319, 92391.90460702384
803, 92372.83379188027
1131, 92320.44201752823
610, 92166.58101586848
988, 92132.1234389837
735, 92094.29353931562
436, 92068.16704527057
100, 92048.59376666436
1257, 92011.27665574079
714, 91927.41281810551
1072, 91781.13814987282
101, 91762.21098252454
543, 91757.92948616308
121, 91703.05386328613
472, 91696.17171761776
937, 91620.12387567668
906, 91584.45365270125
262, 91502.7759407648
1194, 91502.64494985105
979, 91352.87600024816
561, 91200.4059107747
1353, 91111.51556673684
943, 91057.38129769957
1289, 90918.3361664741
82, 90918.3361664741
779, 90842.59907694931
115, 90763.29861765135
723, 90653.91105466978
8, 90563.0027802832
737, 90500.69844966328
1207, 90483.33416533799
671, 90151.81578158427
439, 90147.61885612686
75, 90078.3043214444
1205, 89900.06380876726
1071, 89864.36666362394
1070, 89864.36564972847
263, 89743.92773100866
1095, 89625.46908875862
1107, 89481.81585803567
1014, 89372.59258219803
822, 89335.52648539023
838, 89214.63478423163
916, 89119.81854593138
907, 89112.58987279938
197, 89103.00307470145
1254, 89008.78290426641
924, 88816.6323531014
982, 88812.95421837788
1295, 88557.79405246211
385, 88215.04737080523
201, 88212.6173319662
1339, 87910.00096130848
998, 87632.82599295855
823, 87489.93283028575
1244, 87406.8273393995
715, 87386.88560190542
616, 87385.65289398097
677, 87372.77255978831
1420, 87277.98845475678
542, 87130.49437042643
539, 87130.49437042643
261, 86983.99098140042
57, 86952.92886141867
797, 86945.85789053694
1327, 86926.86729330194
894, 86886.61047344928
721, 86852.45853006921
627, 86773.61506018836
1153, 86526.61246448524
1226, 86434.87823258314
489, 86383.8297203374
760, 86276.46687461111
722, 86248.71172800177
301, 86123.49541684394
1045, 86066.90208647172
893, 85680.80518648295
649, 85606.09909330454
1215, 85566.35118236738
959, 85550.9951523939
35, 85499.09290682388
941, 85489.93055444624
585, 85476.90285588455
1053, 85464.71771160432
1033, 85420.97046459542
1233, 85356.82819766983
1335, 85352.65644177023
926, 85074.8048032187
378, 84600.96587471038
375, 84529.9792476095
118, 84420.83328685335
1220, 84313.33255228084
652, 84288.21199361372
49, 84070.01189206056
9, 84033.398908423
952, 83704.65362204055
931, 83685.5271255377
648, 83676.1666811664
1055, 83352.181919885
393, 83309.45790371274
767, 83297.34700295523
602, 82933.12494031253
578, 82900.01418584502
950, 82523.21645204959
448, 82374.53052783041
292, 82331.23302930455
738, 82328.00024397072
1402, 82172.33904080908
300, 82101.2559241843
1142, 81973.62712214561
911, 81911.08835212057
1073, 81856.25869724221
1331, 81709.01400923966
935, 81694.32247203402
996, 81443.5511065848
336, 81268.04207242746
377, 81040.41457939259
440, 80900.36117244427
265, 80864.64126730656
296, 80831.5292129273
559, 80786.37593313422
66, 80719.6963611997
1154, 80691.15007733459
1366, 80389.84279244278
1275, 80362.38811819316
755, 80217.17542738613
181, 79896.98995694621
946, 79877.60191057427
1377, 79792.25560931361
573, 79674.95217358756
541, 79644.68607219998
590, 79456.0624619378
1038, 79257.54836159159
1151, 79157.66407679775
994, 78722.49213533099
1021, 78615.27547963677
624, 78579.73714841012
1069, 78504.15245877687
1050, 78413.33857812308
126, 78200.11187817817
651, 78163.50436306719
1156, 78060.88290509695
1259, 77996.91116082184
1049, 77920.44753883567
664, 77829.87445976496
1260, 77759.77744326177
344, 77757.53373130423
614, 77698.11651503976
639, 77426.60674795698
1064, 77317.17598591496
789, 77293.85478403115
431, 77289.67839129419
1098, 77246.43051897295
147, 77223.67076050455
1022, 77158.40230172139
1357, 76967.11214541762
928, 76921.93412920082
680, 76885.20196778767
1054, 76815.21904645863
175, 76756.63569960317
888, 76583.40450632511
631, 76523.1579584664
839, 76489.03827095179
280, 76426.00519403987
997, 76168.95746862063
873, 76168.95746862063
50, 76015.18030195661
196, 76009.30354126528
1024, 75968.15116873979
1023, 75968.15116873979
1237, 75968.14731727939
1358, 75926.44410459853
1294, 75905.78910915085
837, 75824.98431501839
312, 75808.07410209406
522, 75756.45311800724
340, 75632.45197005478
182, 75528.72134157523
572, 75325.39089085671
199, 75307.18705230815
547, 75186.55887080125
58, 75171.73823203889
548, 75165.56966041104
1129, 74979.68743270179
1099, 74920.14853085039
1127, 74913.20157883779
97, 74736.21169392836
851, 74475.4883622569
989, 74439.53789718628
403, 74439.53789718628
806, 74389.38373017503
1372, 74327.39872764047
1325, 74273.12197406068
453, 74247.78494723541
452, 74247.78494723541
127, 74215.86328317573
966, 74186.6196705383
707, 74169.75235721264
880, 74033.49916687256
1143, 74016.76957213233
887, 73846.7136424066
1165, 73774.2594225326
628, 73595.45311068483
936, 73564.35273608722
896, 73479.78705766817
990, 73452.82506806303
746, 73274.60616222044
718, 73246.09908127761
327, 73197.34831790059
669, 73126.11067232535
1231, 73066.83069252761
747, 73027.45855128815
844, 72981.11587380248
293, 72837.81972690453
1238, 72806.91403327088
1097, 72721.1548802356
849, 72660.3062311209
198, 72630.89496609062
1089, 72580.27773744948
758, 72568.73708156259
995, 72563.47869897747
1164, 72530.66161626086
200, 72530.66161626086
549, 72514.51647626434
188, 72429.33542711809
1333, 72271.1874228311
587, 72105.32815916804
202, 72044.07481361742
883, 71936.78787715905
245, 71873.87227081491
1258, 71814.56764407358
599, 71794.50458169304
138, 71536.57362211909
1096, 71470.97451814408
402, 71450.13729144311
766, 71427.42438778438
1161, 71409.69674107566
232, 71394.3860278614
282, 71303.14976218874
1340, 70992.11099998624
1116, 70978.3717172597
1091, 70965.86446530074
1090, 70965.86446530074
591, 70925.12072579823
357, 70579.3251171225
1374, 70506.73067281947
1198, 70487.8833242044
1195, 70480.29142930846
214, 70419.76078718998
679, 70339.89333947524
875, 70064.75401810743
586, 70034.97570725968
1387, 69993.55013532436
567, 69935.22177391194
1386, 69893.89809854545
744, 69882.36294093024
1134, 69879.68588805413
1197, 69663.73018058321
1196, 69586.46781800859
511, 69513.55928558229
1309, 69442.03189546632
1298, 69430.24756326308
1311, 69264.37364977741
1319, 69182.93886127247
493, 69167.1121332974
1048, 69110.30854629958
731, 68953.93282826511
457, 68925.03597529711
658, 68920.83365283364
1380, 68836.77779119277
821, 68834.54498399139
1130, 68617.82661936857
1146, 68574.58895064116
96, 68377.15304776868
660, 68320.32259390349
1093, 68281.30581555764
510, 68281.30581555764
59, 68272.73759430042
774, 68242.77181203905
773, 68242.77181203905
763, 68234.04315397883
666, 68206.75978426951
405, 68125.29252873048
1163, 68037.92008254501
316, 68025.68878964355
657, 67747.80448203246
732, 67630.23499022638
630, 67630.06872274246
726, 67608.14656651726
1250, 67450.18844076477
910, 67400.78330112717
1351, 67313.80615242128
32, 67078.63348700534
1087, 67038.90892534367
1158, 67013.40732482227
1128, 66783.65741217125
342, 66732.8649855748
784, 66692.9848609766
31, 66604.93897632453
383, 66497.15697371826
1007, 66484.85220729839
874, 66405.96740065963
951, 65857.99127527361
234, 65565.91243578553
1182, 65559.18716506154
1178, 65559.18716506154
117, 65538.77437523936
1181, 65447.556244258245
1180, 65447.556244258245
1179, 65447.556244258245
1242, 65440.74001564006
1241, 65440.74001564006
351, 65360.745015825625
1177, 65318.03078547907
948, 65238.2765529451
247, 65234.610894028476
881, 65080.1000142176
1005, 64926.952308638865
953, 64479.1786149696
297, 64479.1786149696
207, 64245.40329371665
287, 64211.774456337764
386, 64206.747363321716
1297, 64200.49535335409
1211, 64186.8777667414
91, 64158.78883876469
203, 64080.25864628736
787, 64057.20567911876
163, 63988.703381909385
788, 63889.455130475966
1269, 63847.679535161216
1214, 63838.502217228364
1251, 63836.178720556345
92, 63727.62487224034
132, 63707.05812902715
328, 63704.909746798876
933, 63677.13595609198
371, 63559.00469728508
1000, 63537.56319487623
917, 63523.46417092571
566, 63506.806303781574
863, 63412.96139027668
626, 63406.91876978274
1118, 63300.91626504303
595, 63300.91626504303
34, 63251.9062838362
1296, 63251.41375382547
1392, 63090.24277984647
339, 63068.08723686652
1416, 63037.47328905031
1354, 63031.79370676572
1268, 63010.11933646894
1322, 62760.69119332436
1352, 62147.510284804
524, 62123.406747091794
938, 62076.61348561434
913, 61971.92944464427
206, 61767.561151748996
638, 61755.43375706816
225, 61755.43375706816
443, 61699.31632149469
482, 61571.352920618
33, 61445.026820345425
284, 61443.05466946536
895, 61392.54233153426
688, 61264.15530505047
686, 61156.02519901122
1336, 60960.5410297468
733, 60915.54473656949
1230, 60793.790532652936
882, 60759.126046746795
389, 60657.40272243617
687, 60654.884350544635
973, 60404.03233733053
804, 60362.97025003441
1124, 60345.6005042482
387, 60338.30199131121
785, 60333.388477889035
1364, 60262.53662645594
1394, 60209.26528623542
1303, 60018.04633029719
162, 59975.71799667796
588, 59966.471184833536
388, 59923.96583256785
625, 59887.63825552786
805, 59836.54730510624
918, 59831.575976097614
1305, 59818.5301989903
550, 59737.37408660367
608, 59663.88284216739
337, 59638.48750338426
1367, 59622.633538510774
314, 59589.572169421735
1249, 59497.061941087806
912, 59344.92466662572
1265, 59311.566509411205
1126, 59274.905782778806
283, 59220.56764363458
965, 59158.59759273851
1267, 59155.11847169536
964, 59150.46891746818
963, 59150.46891746818
962, 59126.079299782694
1141, 59064.469201172695
1138, 59064.469201172695
521, 58991.60689381437
520, 58933.99510349897
632, 58931.87507948325
1140, 58895.08387222329
954, 58853.69634122122
1139, 58810.64324560946
914, 58709.85532498985
1338, 58678.01223387718
1337, 58678.01223387718
1218, 58635.84576489187
1219, 58616.90816170526
1150, 58501.247590614825
174, 58437.403901430785
646, 58398.13975696503
942, 58355.161725229
400, 58251.10000510724
505, 58148.52769956552
1393, 58125.3042618793
879, 58085.461697401755
878, 58085.461697401755
77, 58082.807155148854
23, 57973.50291810795
308, 57928.19921300588
1185, 57801.91229626268
24, 57797.86983651596
7, 57563.67209463121
25, 57553.510666648166
1391, 57446.01456980568
333, 57232.20510824864
1324, 57229.52940759506
980, 57213.969374810906
684, 57211.575851720874
1284, 57120.57792826796
1360, 57106.45200898067
321, 57040.520685179516
