111, 100000.0
143, 99986.11738043453
230, 99079.87739790484
229, 99030.44420909729
523, 98809.68243306657
991, 98696.02268964575
404, 97893.84458434356
1210, 97357.55018364168
841, 97285.50127523762
1345, 97184.73967606343
957, 97164.35462888224
675, 96442.390677588
764, 96366.39855743705
372, 96128.8036691325
724, 95931.13284686515
1365, 95866.51607671753
373, 95852.49408329611
507, 95720.33379099268
842, 95354.3468265741
508, 95194.90293913639
130, 94926.70339637139
529, 94749.52004097962
1361, 94279.87546561284
818, 94016.29928905994
681, 93543.32157198565
1006, 93264.84634598049
1341, 93180.57802661606
1229, 93164.85664920161
303, 92865.44369646195
683, 92795.87044613322
725, 92406.53995986971
1243, 92338.03666300137
682, 92208.74203652253
1186, 91959.11281274553
635, 91820.68884847384
634, 91820.68884847384
976, 91818.03557161006
506, 91772.18804013052
975, 91745.94419373802
551, 91726.54818718923
685, 91702.7284177587
1092, 91569.41195151444
1167, 91305.2294914057
1266, 91298.07520916325
84, 91088.04426075485
321, 91074.73373717374
1042, 90806.26348772206
1203, 90800.39648028581
684, 90642.02435570487
333, 90590.29102524697
1041, 90432.39297904725
1391, 90059.72576346944
25, 89796.78834445345
24, 89208.3360893584
308, 88899.62953732202
23, 88793.14328745205
77, 88537.95029129289
879, 88531.78287487131
878, 88531.78287487131
1393, 88439.385522703
505, 88385.67614134851
1202, 88201.2590942281
400, 88149.74232151415
1320, 87975.16238405848
646, 87815.14528634679
1219, 87325.06074903667
1218, 87283.06476181965
1338, 87189.79855609011
1337, 87189.79855609011
914, 87119.58672541326
1139, 86898.59799759068
954, 86804.77029732676
1140, 86714.8921708506
521, 86506.48914853629
1141, 86350.28274298838
1138, 86350.28274298838
962, 86218.93792299129
964, 86167.12811216984
963, 86167.12811216984
1267, 86157.26317530162
965, 86149.88403220604
283, 86018.80310360566
1126, 85904.41780309146
1265, 85827.53434006503
912, 85757.77871520225
608, 85100.35774701086
532, 84989.6062178638
550, 84951.29149517795
918, 84761.51093733945
805, 84751.53573292252
625, 84649.25096468326
388, 84576.77851242248
162, 84473.89964033863
1394, 84014.89730817248
1364, 83911.3925973027
785, 83774.40591007499
387, 83764.93449313125
804, 83717.43893496333
973, 83638.58432351108
128, 83486.98222885875
687, 83162.35151137455
389, 83157.61782942511
882, 82967.18859149514
1230, 82902.63970487664
1336, 82594.54882248724
686, 82238.38525814153
688, 82043.66078710709
895, 81814.5346848601
284, 81724.99935385994
33, 81721.51058728759
443, 81275.99794098508
708, 80914.0869428663
913, 80807.73838233332
524, 80551.62954556535
1352, 80511.14100685227
298, 79403.44685126269
1268, 79108.14270986733
339, 79016.960708987
1392, 78982.21028210825
144, 78808.00619958654
1296, 78731.06224460334
34, 78730.29915268376
1118, 78654.49964321856
595, 78654.49964321856
626, 78491.45166590855
917, 78313.58940485964
933, 78081.28335848168
92, 78005.50294376812
1251, 77843.4719674162
1269, 77826.37710480436
163, 77617.86434721052
91, 77369.07212951093
1211, 77328.2647779
1297, 77308.50959376851
533, 76961.45104626143
953, 76908.23946594645
297, 76908.23946594645
881, 76070.44251742725
351, 75690.55959980031
1242, 75583.56380049812
1241, 75583.56380049812
117, 75453.20604862072
951, 75034.49181582949
1007, 74237.0088293077
383, 74221.67329914698
784, 73979.21794289279
1128, 73867.97015551272
1158, 73588.91373940214
32, 73510.41960349286
1351, 73230.04627507212
910, 73127.38528960779
316, 72405.73060889044
774, 72161.40209328357
773, 72161.40209328357
1093, 72118.36563777912
510, 72118.36563777912
660, 72074.89164245636
96, 72011.75120709154
1146, 71794.05855024137
1130, 71746.72678563629
129, 71623.36680036168
821, 71511.3144781502
1380, 71508.90479948315
658, 71418.42173007246
1311, 71053.23835421247
1298, 70879.52861711965
511, 70792.91254730192
1196, 70717.45538941717
1197, 70637.8393630139
1386, 70402.75385615016
1387, 70301.9340598898
586, 70260.1921693214
1385, 69892.76830156773
1195, 69817.6446794382
1198, 69810.19646656727
1374, 69791.71961472725
318, 69589.06104560473
1116, 69335.66634299031
1340, 69322.56067299422
282, 69028.52575737816
766, 68912.45172875421
1096, 68871.96292667609
599, 68574.18203008923
883, 68444.87764359105
587, 68292.99699604131
995, 67887.03464319924
758, 67882.43283240405
198, 67828.13374493757
1097, 67749.60486779276
747, 67485.89581945231
669, 67401.8661407695
327, 67341.45790267861
746, 67276.19930941373
990, 67126.66244173599
896, 67104.1604974008
887, 66801.04174874643
880, 66648.9309001215
707, 66538.88843688142
966, 66525.31918172321
1372, 66412.52142273643
806, 66363.11272063345
593, 66285.8087585163
1127, 65951.71317923229
1129, 65900.2684918534
548, 65757.34397363082
547, 65741.28863703263
340, 65404.136596904274
522, 65311.6893405687
1237, 65155.15936465257
1024, 65155.15653156533
1023, 65155.15653156533
280, 64822.093702357066
839, 64776.817414913654
175, 64586.12840541997
1054, 64544.70833154311
1022, 64304.38451174595
1098, 64243.370558602306
431, 64213.48788822786
1064, 64194.519892756965
344, 63894.08815433914
664, 63845.32589104961
1049, 63784.50599573936
1156, 63690.71030573804
1050, 63457.985073858625
624, 63349.423028844256
1021, 63326.34458072042
1151, 62978.737184865175
755, 62323.809696114484
1275, 62236.43552330068
1154, 62040.675481464044
66, 62023.81076210327
559, 61984.499525795756
296, 61957.94427062113
265, 61938.50390726664
440, 61917.56395224594
377, 61835.774889349326
336, 61703.90194581312
996, 61603.10712346526
911, 61338.28694352972
738, 61106.56161310606
292, 61104.780761556554
672, 61076.16372328183
950, 60999.45754187431
578, 60795.202487272814
767, 60583.2733324893
1055, 60554.29944520011
952, 60369.61892130104
1220, 60056.92177874396
378, 59911.82984337201
1233, 59538.45995592691
941, 59473.871289464274
35, 59469.4377501887
959, 59444.35333302109
1215, 59436.94163128412
893, 59381.84125647212
301, 59171.04753639339
722, 59112.085539896085
760, 59099.05521102298
627, 58868.026565896624
721, 58831.79496715423
261, 58771.59572153403
542, 58704.90275759789
539, 58704.90275759789
1420, 58638.13693073461
823, 58542.85443110577
1339, 58356.26598169917
201, 58223.67605135376
1295, 58074.27027671268
982, 57965.060925333455
924, 57963.49425409953
916, 57835.087821141155
838, 57795.22613250847
822, 57744.60410200019
1107, 57683.64789811544
263, 57575.24638244781
1070, 57525.784685464874
1071, 57525.784269991454
439, 57410.3103403696
8, 57243.10210387062
115, 57163.36658992163
943, 57047.32941766806
1194, 56873.94219478794
262, 56873.89158907679
906, 56842.382724405594
937, 56828.650755543684
121, 56796.792053428435
1072, 56766.880067902544
436, 56657.631406518914
735, 56647.741779023985
803, 56542.86691664424
1349, 56512.76030002243
1293, 56512.25028897873
1292, 56497.9114465149
944, 56262.09837169622
1332, 56234.9055046967
1213, 56217.0480629127
848, 56077.21619083277
27, 56010.17504746378
945, 56007.892618751146
1114, 55610.61276826397
76, 55416.44273196624
462, 55279.95434185673
1291, 55257.06080760593
499, 55190.1720516387
87, 55104.856623547515
974, 54939.729938945755
629, 54852.12625867468
1104, 54812.2007953215
1375, 54673.39289855104
52, 54524.315103609
678, 54200.02191066404
1252, 54042.65432607203
1068, 54020.793483579764
407, 53950.13235017138
324, 53940.54943497288
810, 53890.859171169366
28, 53851.070079248544
1276, 53804.141556110306
294, 53781.71063039903
615, 53679.44092235868
406, 53670.314526956085
394, 53665.39593681685
243, 53395.75601382988
650, 53359.05494997518
329, 53348.919729192865
1212, 53124.823393538456
1355, 53091.66678715232
392, 53091.09342195626
1359, 53081.61015341393
171, 52960.19160180877
341, 52870.961275609865
1261, 52792.7646119566
60, 52775.26614993536
843, 52694.91912551096
95, 52508.68887284391
355, 52484.471426366
1208, 52359.04943691527
603, 52342.398142027705
79, 52318.77924901617
1209, 52278.89006955505
1239, 52274.52058605816
1206, 52146.049869851464
323, 52063.202583849576
859, 52023.06232531458
376, 51989.73926080265
716, 51955.74851242394
491, 51944.9950403729
925, 51904.672217073756
1047, 51862.512214650094
317, 51820.21601606775
736, 51796.28398045179
884, 51791.83282882619
447, 51760.17326693821
319, 51720.08183284113
1131, 51697.680326932714
610, 51649.39740785614
988, 51638.57460667085
100, 51612.32394835934
1257, 51600.58962970903
714, 51574.203491585
101, 51522.16405483456
543, 51520.814268834525
472, 51501.33834716096
979, 51392.86668004506
561, 51344.57602742957
1353, 51316.3899128289
1289, 51255.05202200332
82, 51255.05202200332
779, 51230.97310970287
723, 51170.907766577126
737, 51122.055193101245
1207, 51116.513966692626
671, 51010.54328698341
75, 50986.99931289657
1205, 50929.84381420149
1095, 50841.59837266821
1014, 50760.12521187695
907, 50676.148138901524
197, 50673.047702720345
1254, 50642.56093609698
487, 50641.25435751801
385, 50384.62374400598
998, 50194.15233125295
1244, 50119.926131747336
715, 50113.36867557809
616, 50112.963281432676
677, 50108.72710213358
57, 49970.35354685531
797, 49968.018204887274
1327, 49961.74534735524
894, 49948.44410684974
1153, 49829.26394285623
1226, 49798.82733203834
489, 49781.878022799734
1045, 49676.460355339485
649, 49522.599377582505
585, 49479.33567614414
1053, 49475.252417272306
1033, 49460.58861271136
1335, 49437.6775276395
926, 49344.33269116917
375, 49160.55204337158
118, 49123.615661882846
652, 49078.68115382872
49, 49004.622309886014
9, 48992.17986021988
931, 48873.73418638419
648, 48870.541420993024
393, 48745.22601678742
602, 48616.144955209515
448, 48423.65251968694
1402, 48353.71155399688
300, 48329.08920758195
1142, 48284.83606549676
1073, 48244.09052170111
1331, 48192.90525070596
935, 48187.79401925617
1366, 47730.93599239855
181, 47556.75617260405
946, 47549.886432269326
1377, 47519.62973803819
573, 47478.000961058184
541, 47467.25205216785
590, 47400.18852850285
1038, 47329.46964536709
994, 47138.14799998494
320, 47067.869119247596
1069, 47059.77552425444
126, 46950.34959805947
651, 46937.15140693634
1259, 46877.02674645569
1260, 46791.26655226402
614, 46768.932536591776
639, 46670.42171927696
789, 46622.155882637504
147, 46596.61184503863
1357, 46503.0783826181
928, 46486.582289846294
680, 46473.16442565005
888, 46362.72875108118
631, 46340.641806212654
997, 46210.51071410562
873, 46210.51071410562
50, 46153.86561213572
196, 46151.699072202355
1358, 46121.13790969389
1294, 46113.51562105704
837, 46083.680672626884
312, 46077.433885213424
182, 45974.08002463761
572, 45898.66428556575
199, 45891.90468108284
58, 45841.568558264014
1099, 45747.8835470267
97, 45679.235397201366
851, 45581.703911722645
989, 45568.23475998421
403, 45568.23475998421
1325, 45505.8198025866
453, 45496.30754583954
452, 45496.30754583954
127, 45484.319645290496
1143, 45409.46155788875
1165, 45318.06861136707
628, 45250.534667750195
936, 45238.775359540996
718, 45118.22062117251
1231, 45050.13631470733
844, 45017.53741174613
293, 44962.97370873044
1238, 44951.19479610741
849, 44895.26682916421
1089, 44864.7011444466
1164, 44845.73808091203
200, 44845.73808091203
549, 44839.56534366532
188, 44806.9808779018
1333, 44746.40665209321
202, 44659.24061791596
245, 44593.77966096721
1258, 44570.94307961828
138, 44463.704208033996
402, 44430.296247109516
1161, 44414.65532669539
232, 44408.73195700668
1091, 44242.556185829315
1090, 44242.556185829315
591, 44226.716877328756
357, 44092.011014754076
214, 44029.6850152568
679, 43998.44893712287
875, 43890.63854623623
567, 43839.77313860971
744, 43818.99604703814
1134, 43817.94347255488
1309, 43645.45956112174
1319, 43542.96722276908
493, 43536.6972451853
1048, 43514.184958069505
731, 43452.13957606569
