1134, 100000.0
744, 99994.51830817392
567, 99886.49014833385
875, 99623.43270982512
1309, 99106.16327570604
679, 99072.41493830035
214, 98914.40447549488
357, 98601.28801805696
1319, 98579.27251544736
493, 98547.14167179272
1048, 98431.87252857667
731, 98114.96071785987
457, 98056.46474462023
591, 97934.23704625225
1091, 97856.65946483205
1090, 97856.65946483205
232, 97053.39191366702
1161, 97025.11258838483
402, 96950.55510224839
138, 96791.86338110363
59, 96741.5091979281
763, 96663.83495566639
666, 96609.08906927466
405, 96445.72811161092
1258, 96287.54622574501
1163, 96270.70627369636
245, 96181.14049341675
202, 95878.02667080713
657, 95690.89108820536
1333, 95478.72284066716
732, 95456.50348383683
630, 95456.17224890015
726, 95412.50521192366
188, 95204.09393242703
1250, 95098.21025164261
549, 95057.32142100473
1164, 95029.59207301296
200, 95029.59207301296
1089, 94944.5543798747
849, 94807.95660036166
1238, 94559.50761694531
293, 94507.4265259191
1087, 94282.69645501602
844, 94267.27024779734
1231, 94124.64729142265
718, 93828.81977984711
342, 93678.48503476211
31, 93426.58803543902
936, 93311.69681822545
628, 93261.7064123546
874, 93035.56980409726
1165, 92976.1434432402
1143, 92593.80462640537
127, 92284.1058356646
453, 92234.79674640816
452, 92234.79674640816
1325, 92195.72650846359
989, 91940.58707072951
403, 91940.58707072951
851, 91885.80440276233
97, 91492.0122491901
234, 91395.00285396459
1182, 91381.93570308322
1178, 91381.93570308322
1099, 91217.85354917987
1181, 91165.19178742729
1180, 91165.19178742729
1179, 91165.19178742729
1177, 90914.06747567136
58, 90847.65627796519
948, 90759.6338025487
247, 90752.53928255626
199, 90650.60980485812
572, 90624.24647317035
182, 90331.67406647022
1005, 90158.20608061632
312, 89935.30873621532
837, 89911.52024739367
1294, 89798.16732698481
1358, 89769.2770075361
196, 89653.72480513492
50, 89645.55017715167
997, 89432.61951630567
873, 89432.61951630567
631, 88949.20876768022
888, 88867.94595593282
207, 88849.35701197333
287, 88785.0513429023
386, 88775.44065959139
203, 88533.81176808431
787, 88489.81335347351
680, 88464.99263266995
928, 88416.41259307273
1357, 88356.79909129639
788, 88170.01151825597
1214, 88073.00055057956
147, 88021.09417123174
789, 87930.08877854502
132, 87823.01095524196
328, 87818.92825446973
639, 87758.91606972332
371, 87541.89976782414
1000, 87501.22943813434
566, 87442.90771418207
614, 87412.69737726224
1260, 87334.7850215719
863, 87265.08896274421
1259, 87037.58080698761
651, 86831.06286977325
126, 86785.93100298612
1416, 86555.584751768
1354, 86544.87709619857
1069, 86414.50907216515
994, 86151.48793638841
1322, 86034.60631434663
1038, 85519.67461858483
590, 85289.74942302701
541, 85073.47596457343
573, 85038.97032853805
1377, 84905.74608759805
946, 84809.32331286451
181, 84787.47821823531
938, 84754.26882816822
1366, 84239.41240925081
206, 84179.21301232342
638, 84156.6900563103
225, 84156.6900563103
482, 83815.20933811582
935, 82853.0772561297
1331, 82837.97146439619
1073, 82687.17700116562
733, 82604.61909245087
1142, 82567.75787472053
300, 82438.6757104572
1402, 82367.13125902605
448, 82164.97604938826
602, 81616.64721048846
1124, 81560.04225263867
393, 81255.41954126756
1303, 80962.84353696232
648, 80909.5777340247
931, 80900.82795197744
588, 80869.01865212647
1305, 80600.19804375042
9, 80578.35870725039
49, 80544.72323006584
652, 80345.45163910923
337, 80273.66858526097
1367, 80244.94815592244
118, 80225.31664843492
314, 80185.07245114377
375, 80126.99761939564
1249, 80017.65400541211
926, 79643.52145186283
1335, 79401.54429921573
1033, 79342.51559738991
1053, 79304.81008386276
585, 79294.32102192697
649, 79183.46151351725
520, 79002.5155465244
632, 78998.70589251198
1045, 78793.25193958759
489, 78529.48929949434
1226, 78487.34934652493
1153, 78411.86200471965
1150, 78226.80431609871
894, 78118.5475478457
174, 78112.69026658985
1327, 78086.03431850988
797, 78070.71648905677
57, 78065.01628298394
942, 77965.8144756758
677, 77729.68761503386
616, 77719.49635744515
715, 77718.52130427794
1244, 77702.75491219782
998, 77525.02031125184
385, 77074.99797532265
1185, 76981.37420697862
7, 76559.37813612417
1254, 76479.1208721722
197, 76409.6968062916
907, 76402.64826801345
1014, 76212.55384370888
1095, 76029.62505921115
1324, 75969.44789087199
980, 75942.03155355118
1205, 75833.13409015935
1284, 75777.58098528898
1360, 75752.72231288772
75, 75706.77108390897
671, 75654.9230507556
1207, 75423.02042982011
737, 75410.95966774301
723, 75304.90891011688
0, 75202.02017922996
779, 75175.20110156802
1289, 75123.41448963662
82, 75123.41448963662
458, 75078.90410645037
668, 75042.98165420693
490, 75020.3091222483
1353, 74992.03531685265
561, 74931.92257168212
979, 74829.3091261234
1145, 74612.14812622165
472, 74600.53409189235
543, 74559.70751966102
101, 74556.88081762916
1115, 74531.97698893075
714, 74448.17625936691
1257, 74393.2631153353
100, 74368.88642805678
988, 74314.45157004353
610, 74292.04807456264
1131, 74192.37936548346
319, 74146.2905356473
1025, 74144.43366530834
447, 74064.04855831244
884, 73999.32191470885
736, 73990.23712948948
317, 73941.45685491989
1, 73908.08513109777
1047, 73855.51207890315
925, 73770.18155928378
734, 73673.4857194357
716, 73667.25329230467
376, 73599.0263312404
859, 73532.34843534604
323, 73452.30287938354
1206, 73288.03053385035
119, 73195.01648333881
208, 73086.89406815065
1239, 73035.76303981685
1209, 73027.23529656442
79, 72949.54288962216
603, 72903.67378009575
1208, 72871.39559238026
778, 72790.26885928854
355, 72629.83657295283
95, 72583.51115071076
753, 72467.1627857358
71, 72273.9912788123
843, 72230.64517628252
60, 72080.22425424609
1261, 72047.60825119785
341, 71902.47730267608
213, 71852.4248380859
171, 71738.10090612824
148, 71728.26804970817
1411, 71702.41280106874
892, 71692.35200382955
1350, 71591.03812797928
665, 71521.06930259081
1359, 71516.51220393501
392, 71499.30539089961
1355, 71498.26551712287
1212, 71438.22113882954
1125, 71417.43409757613
329, 71036.96043715539
650, 71018.99828514214
243, 70954.08766671238
120, 70871.8932116488
394, 70483.49197263614
406, 70475.00926087053
615, 70459.27919671273
592, 70396.30302791731
1368, 70307.92313512751
294, 70283.85149691736
1276, 70245.58035364476
109, 70240.7236715183
810, 70098.31415066693
324, 70014.41918650403
407, 69998.28063220746
70, 69916.34957254527
1068, 69879.68588805413
1252, 69843.13954200773
1301, 69774.98284032468
1329, 69658.82205802469
678, 69582.0436261396
667, 69487.4010613539
52, 69054.76642648327
496, 69041.58657120481
1375, 68817.11695641342
311, 68645.15351897932
1104, 68598.45575937387
676, 68547.9572388183
629, 68536.02300476485
1405, 68483.24045606468
974, 68399.74813789834
326, 68220.897489723
87, 68145.51471598056
499, 68015.49145131961
1291, 67914.17688909285
486, 67905.62104896994
462, 67879.62615570665
76, 67674.95492159491
728, 67536.49616614178
1321, 67527.75215215022
729, 67472.00978568252
1114, 67387.61633135624
370, 67343.55473201767
958, 67173.62817278648
1388, 66961.42020676889
741, 66840.58371366443
945, 66813.32428533482
983, 66744.15139458311
848, 66714.93871066735
241, 66644.20654227237
1213, 66518.09814530407
1332, 66493.11415901178
944, 66455.135613784
757, 66195.98673062591
1292, 66129.11816702399
1293, 66109.48476305517
1349, 66108.78683056067
803, 66067.63534124277
670, 65961.26464087685
735, 65925.02531965947
436, 65911.63622181167
1072, 65764.39967046108
121, 65724.29977531497
937, 65681.69019907282
906, 65663.35605725662
262, 65621.35929278228
1194, 65621.29192329335
582, 65530.43719950716
943, 65391.97417687543
211, 65320.86979787506
212, 65280.56998491982
115, 65240.170058686665
8, 65136.619811311655
497, 64989.59215907235
439, 64921.46150508926
1071, 64774.42561290724
1070, 64774.42508613207
263, 64711.82745661023
315, 64671.58209497888
1107, 64575.43265412726
286, 64532.59086226191
822, 64499.21150049843
838, 64436.1709037013
916, 64386.69449365266
924, 64228.29152245039
982, 64226.36800226815
1295, 64092.82149825203
51, 64025.57906761765
201, 63911.82315598296
1339, 63752.82062551244
1171, 63723.99787032798
1079, 63647.38157396545
193, 63647.38157396545
756, 63607.91860302657
823, 63531.60662545746
904, 63498.73875987615
902, 63498.73875987615
901, 63498.73875987615
900, 63498.73875987615
1420, 63419.77269108098
542, 63341.858748643266
539, 63341.858748643266
261, 63264.3968142275
721, 63194.78994287831
627, 63153.0385039988
1034, 62924.87678801097
760, 62889.29801097254
722, 62874.549431598156
166, 62835.17549410942
301, 62807.979769723446
893, 62572.208404457306
1215, 62511.1446681936
959, 62502.94853835507
35, 62475.240357331284
941, 62470.34806521864
1233, 62399.24541704918
889, 62395.75485790378
897, 62335.54904778788
1328, 62225.22891408971
1279, 62225.22891408971
378, 61994.33360906162
1220, 61839.74151408618
952, 61511.67069862885
360, 61506.367515874495
956, 61480.857151652046
494, 61446.31721525639
1055, 61321.11355467331
767, 61291.429800046004
446, 61259.08486199605
578, 61076.033005566285
110, 61071.108740982985
950, 60871.265668028165
292, 60766.7452180097
738, 60764.98411789601
761, 60667.2408966187
911, 60537.56218990724
1008, 60508.96924123896
1304, 60304.013601534825
996, 60281.804917690155
1122, 60232.46477474739
336, 60185.59899429907
1184, 60139.064014927855
377, 60060.66346041767
579, 60026.0201720572
440, 59983.703477095274
265, 59964.06419950202
296, 59945.85474714367
559, 59921.017199421636
66, 59884.32552788483
1154, 59868.612621912434
492, 59781.28238916878
1275, 59687.44316200006
498, 59670.00750539298
755, 59607.299940007826
1151, 59020.28918127034
864, 58741.79544155252
1021, 58718.23492106013
624, 58698.40692494057
1050, 58605.507330475826
1078, 58508.59448714691
332, 58432.46630780259
1156, 58408.40358942544
730, 58377.35871088033
1049, 58329.74303674842
1183, 58320.335884188404
664, 58278.97348597517
344, 58238.40251350692
870, 58194.07250855867
1046, 58089.46134406912
1064, 57991.02658933707
431, 57975.55613948813
1098, 57951.218843513765
1022, 57901.660833878785
1054, 57708.186199183656
175, 57675.11599503541
1415, 57662.36425390756
839, 57523.89796069912
280, 57488.24008486827
1123, 57320.22358971046
1024, 57228.793520543695
1023, 57228.793520543695
1237, 57228.79133483889
48, 57145.197304670524
522, 57108.572181334035
340, 57038.0762481236
547, 56784.11113409886
548, 56772.13824326655
1225, 56756.68141728239
1129, 56666.03385199249
568, 56640.195861051216
1127, 56628.05151328918
1030, 56432.69384562263
806, 56328.22594498191
1372, 56292.67880062422
966, 56211.891397176805
707, 56202.20694477631
880, 56123.93735181192
887, 56016.526521614374
896, 55805.1432964557
990, 55789.5906984455
746, 55686.718841165086
327, 55642.086591077314
669, 55600.91221202649
747, 55543.86088558943
1097, 55366.48756964835
198, 55314.152116872414
758, 55278.09304228788
995, 55275.041870543006
349, 55162.83179665239
587, 55008.795335410025
883, 54910.6490137148
1133, 54882.09121988131
599, 54827.708190761885
927, 54789.752073403266
769, 54680.35236416717
1096, 54638.824189648585
322, 54613.37580342198
766, 54613.36790199814
282, 54540.685660684205
655, 54391.773608149
1340, 54358.51272007577
1116, 54350.45710502577
871, 54171.11049680783
38, 54148.08691244097
1374, 54073.480867674676
1198, 54062.39461372915
1195, 54057.92857273926
869, 54053.05858942027
617, 53960.41467651932
253, 53911.74478999845
1132, 53858.862464089696
586, 53795.572399375436
1387, 53771.12733509831
1386, 53712.29558727973
569, 53679.58740588541
689, 53651.83525695797
1197, 53576.262382945286
1196, 53530.5524478434
244, 53497.414705264986
511, 53487.39684127616
1298, 53438.05788015352
