1149, 100000.0
217, 99915.96622433401
1286, 99797.07186440902
156, 99755.71489582377
698, 99731.91536491847
1193, 99620.96630029763
1285, 99564.25145436358
544, 99390.977774243
1362, 99186.81186564536
461, 98555.49009624272
272, 97973.30081341146
613, 97527.62033767541
1348, 97274.28868164262
1255, 97240.45694095177
1236, 97222.97659847999
135, 97059.6088610401
1413, 97042.14040355905
177, 96549.21788037536
643, 96494.17449020417
612, 96168.76601936534
108, 96104.91702165405
102, 95959.65261773138
136, 95955.75754039978
512, 95848.76475763514
1379, 95839.59914143839
1419, 95763.77883012845
915, 95577.12153316775
65, 94848.32801525225
62, 94848.32801525225
112, 94632.76207509953
137, 94614.76711036934
4, 94380.55725618546
1299, 94269.96362478302
1084, 94064.11862399876
1082, 94064.11862399876
750, 93263.08963229932
751, 93042.22760775726
1262, 92915.21355143073
427, 92709.3750809588
421, 92537.38503620136
15, 92520.86868885759
575, 92292.0838087279
363, 92262.02942383358
1020, 92165.61298702798
775, 92003.12265555008
1318, 91993.23309836524
364, 91975.10507831784
845, 91872.21077871749
799, 91846.26353134472
798, 91846.26353134472
633, 91449.03396852434
239, 91152.52319260204
21, 91152.52319260204
692, 91064.07797683583
609, 91040.64562187076
908, 89939.07340569042
350, 89843.6493512523
425, 89791.83964158337
348, 89779.86075989436
459, 89460.26021653382
705, 89310.14845343292
703, 89310.14845343292
416, 89154.31788883018
696, 89052.98849262677
3, 88933.21183373779
2, 88933.21183373779
518, 88800.14305562331
396, 88693.66338509506
44, 88693.66338509506
291, 88405.54918147116
754, 88229.4140286208
1036, 88031.83474273789
1148, 87992.67081186452
1308, 87899.78119532886
285, 87847.21075469421
712, 87638.7352630908
1144, 87588.55928453687
169, 86835.82504053084
1067, 86785.3679141897
1246, 86775.11976259647
811, 86752.98479166515
158, 86311.80693563557
157, 86311.80693563557
411, 86059.76369773212
218, 85966.92372440262
426, 85954.6701411311
414, 85954.6701411311
170, 85944.32133925242
53, 85944.32133925242
1100, 85874.39723448103
352, 85825.25196875972
88, 85801.73828900412
479, 85797.42452423091
422, 85557.35537950216
413, 85557.35537950216
219, 85506.40788124663
955, 85426.95505247547
412, 84936.18338633585
1240, 84771.02899120934
984, 84629.12186859836
480, 84588.11528134249
1152, 84511.96777111109
210, 84225.27366259003
146, 84225.27366259003
1117, 84114.04593054623
636, 83896.88054391825
159, 83673.51854516653
428, 83663.64045425433
160, 83662.27347699433
161, 83654.57024358411
216, 83610.45446742824
782, 83381.71421379832
987, 83156.45735604435
985, 83156.45735604435
594, 83073.86784737036
986, 82878.45286711035
704, 82712.399362248
702, 82712.399362248
1173, 82543.21045950637
305, 82491.77534072487
382, 82403.18490033517
1103, 82132.45575906725
1170, 82096.039344813
620, 81994.57491368146
470, 81947.05040806204
179, 81566.48442407286
1312, 81482.88267762001
812, 81441.21360866202
41, 81061.78788468067
604, 80949.12836381947
189, 80924.7569038345
180, 80869.41839665116
813, 80626.22340064943
435, 80621.35600145944
330, 80541.81940891671
1043, 80513.215359499
961, 80244.97327778704
249, 80162.79791877775
176, 80007.67757663035
46, 79919.79626190811
209, 79814.43557550675
460, 79692.56847552728
513, 79682.31110333606
11, 79644.31738026002
473, 79617.4283172225
1264, 79607.52825973579
1263, 79607.52825973579
1192, 79588.52537558062
20, 79565.0402682835
192, 79390.92680972212
191, 79390.92680972212
749, 79378.55630920641
905, 79145.13832494548
899, 79145.13832494548
619, 79140.67866683652
194, 79138.83141860682
246, 78830.85893483076
242, 78805.93066891018
662, 78710.29460409838
663, 78456.17928489503
699, 78128.01310085777
1058, 78004.62395781938
358, 77651.9843251074
444, 77617.16109614348
366, 77601.07923719357
1401, 77490.06662005823
759, 77476.9950971375
556, 77380.82139063913
172, 77354.58288204225
397, 77215.53920713159
835, 77197.73149895117
600, 77126.77009195431
1002, 77055.26437722305
545, 77039.55409970891
398, 77011.49738566615
1403, 76840.98935414317
228, 76805.51486860275
500, 76387.1039159881
795, 76316.32194129797
504, 76247.76518993208
61, 76177.55906536695
250, 75962.25862783456
251, 75932.339578373
645, 75838.3184260213
644, 75838.3184260213
63, 75838.3184260213
64, 75669.01651537971
55, 75448.06651688868
697, 75208.9329491188
868, 75127.14971226125
695, 74936.79425119123
791, 74395.58306488534
39, 74374.67217849586
309, 74253.47967379224
656, 73576.43167207425
694, 73332.45360893232
691, 73301.42098100041
270, 73288.17708105985
268, 73288.17708105985
40, 73171.51678888369
606, 72670.10111900947
1044, 72657.37092451764
1398, 72624.19091667663
834, 72602.00666773024
1381, 72588.27257991127
1382, 72581.63976096959
659, 72378.3362644718
1028, 72093.75725289043
424, 71875.4822566153
423, 71857.7507556365
471, 71717.61520606506
418, 71689.32542817373
1136, 71647.23527262753
1313, 71618.58332938599
706, 70701.69416655856
1280, 70666.50035222914
693, 70622.04318820652
1057, 70182.17038014914
558, 70038.94332718653
134, 69888.10347040436
1414, 69820.92015705055
238, 69767.10861987823
1076, 69738.16097254219
1075, 69533.07416145357
840, 69483.0763292595
546, 68708.39123903011
399, 68256.27466628473
164, 66763.99917762562
1389, 66518.8936888867
701, 66351.0031290689
653, 66051.83677079165
43, 65989.14735173369
45, 65965.92615378332
745, 65708.92788515358
830, 65149.234228459565
920, 64216.1223662584
1302, 64171.007596371855
93, 63979.89729919648
142, 63923.04153067584
19, 63637.73549422509
1334, 63228.32369231144
1199, 63196.722970831484
5, 63113.860905075046
503, 63087.83176716751
919, 62996.934080939245
369, 62651.30966098776
1003, 62485.735963950916
1373, 62452.3403777121
1147, 62434.52072696457
464, 62434.52072696457
1004, 62400.29425083026
145, 62374.461709460214
353, 61700.19845944853
1035, 61638.19806799028
661, 61323.16820428599
1029, 61283.423035025786
516, 60787.21007236497
269, 60662.13606604878
6, 60583.26107053114
1172, 60431.59611518496
74, 60312.414966931494
133, 59534.49874284867
932, 59249.623470971266
141, 58849.59233765017
690, 58837.5717643158
502, 58749.406036948414
765, 58732.72213841363
515, 58732.72213841363
514, 58732.72213841363
123, 58667.880841498685
1060, 58648.23016890197
739, 58594.11076912013
740, 58556.513146593024
1162, 58147.11800043808
829, 58147.11800043808
481, 58139.968648067006
828, 58032.76145121771
654, 57992.435368052
1080, 57732.40019197345
1314, 57639.68663969732
274, 56639.51931198627
271, 56639.51931198627
1077, 56508.673911656406
1396, 56399.60690027652
1245, 56068.11044196401
227, 55599.03955676918
362, 55133.18936569858
1074, 54705.71168210987
256, 54532.69990051142
831, 54304.36869352474
796, 53846.48936229686
852, 53785.87452904927
273, 53620.18792970685
794, 53503.2794766694
1190, 53273.74789856451
674, 53254.85227288681
1188, 53252.09062433655
139, 53209.26856974665
1404, 53183.11131086046
1228, 53169.4702803193
865, 53169.4702803193
1317, 53082.729078571276
815, 53060.75865523019
501, 52855.686155544965
1344, 52544.66785230174
1039, 52211.90041335694
1061, 52098.905923288476
700, 51882.54739453767
866, 51788.9312015735
302, 51758.99859031828
673, 51720.06422897988
992, 51715.04818463475
860, 51618.80131456989
562, 51606.98724059434
1085, 51590.525583798044
564, 51533.95337781924
451, 51430.32546159218
1234, 51429.06519986272
1086, 51422.18318709905
1399, 51339.853737654754
1288, 50870.111767452785
1397, 50829.30841095984
1109, 50797.30443759604
1081, 50781.849056910476
1110, 50587.95219134732
1108, 50587.95219134732
607, 50473.82555933652
1101, 50060.98813855848
151, 50009.92116704166
401, 49956.76474005281
1395, 49941.303512346516
861, 49919.28243691789
124, 49852.693642905695
149, 49852.16637929513
264, 49360.36706702631
1056, 49345.46102348279
922, 49188.97737824341
1106, 48992.347366788235
1105, 48992.347366788235
1102, 48992.346593379
409, 48866.69006940525
391, 48850.05115542571
155, 48804.16611979435
1400, 48730.876010591965
1088, 48714.70308803384
1232, 48699.02078651839
437, 48660.532106593804
1018, 48633.14105173913
154, 48633.14105173913
571, 48464.46613836472
709, 48335.54049488049
554, 48296.07119564477
555, 48199.362694274874
855, 48126.470647230904
454, 48120.14596034095
1059, 48082.18381570503
856, 48041.350083768055
854, 48041.350083768055
442, 47835.471401423165
233, 47750.356300708045
1113, 47750.24324296513
1323, 47220.159329533315
168, 47006.34901257243
26, 46853.31649757966
434, 46792.28355565811
390, 46770.17117551608
72, 46686.53949380271
553, 46627.2447785025
419, 46560.761139018956
417, 46479.38596523656
167, 46479.135699289
267, 46471.577301518475
1027, 46193.36023981924
410, 46168.692584807395
993, 45937.25691398801
187, 45829.996299654595
42, 45450.701983071995
647, 45347.93109759691
903, 45346.00673458783
1410, 45292.974889429286
122, 45249.7726887126
1300, 45248.86870360973
574, 45228.962297447186
1015, 45156.513329753805
968, 44916.9790730006
1016, 44684.97550480544
1409, 44657.54647477193
1065, 44657.54647477193
85, 44657.54647477193
1408, 44648.155612706134
1407, 44644.39266193328
601, 44643.21595709505
86, 44610.35479167187
441, 44347.367768408636
1017, 44316.42556874464
783, 44128.47422573664
802, 44093.47019110897
801, 44093.47019110897
346, 44083.92419749939
970, 43894.48456837373
304, 43315.81993552968
1191, 43281.099464171835
1189, 43121.77817642599
565, 42988.47882707932
762, 42862.936932123186
772, 42810.42343152352
1066, 42783.742246550755
776, 42568.23486877002
1287, 42482.83085471242
420, 42365.233876165286
969, 42348.8633548592
415, 42291.69704356649
1155, 42252.97483997919
972, 42132.8347044612
967, 42132.8347044612
361, 42128.13962501996
1346, 42037.88203642424
853, 42031.47611231982
583, 41619.77431521153
222, 41269.66007502749
367, 41053.28087403582
116, 40739.6492643523
347, 40714.575176702594
858, 40663.95629593678
1290, 40497.19289851388
827, 40468.06348577435
1040, 40360.263600298866
971, 40098.04070277303
846, 40048.63792238922
517, 40047.956416903784
1342, 39987.65160583219
540, 39857.64997245294
1204, 39790.73319229254
495, 39643.83806562764
1201, 39611.85311700468
433, 39600.06625203053
204, 39596.72512815921
488, 39531.80268279079
509, 39514.30895692412
930, 39460.08407228273
277, 39381.595819600436
1274, 39371.13774286233
252, 39326.782322156054
1200, 39155.89936615087
1169, 39064.75119914338
885, 38659.51244909579
1224, 38631.27276437168
867, 38570.4680156979
781, 38551.695817707936
153, 38537.692432277094
231, 38351.61392379088
30, 38227.723981782576
220, 38132.014799484765
354, 38119.74081904058
299, 38080.26814586745
107, 38002.50803298687
584, 37956.74591076325
380, 37927.32869692197
978, 37889.42393044468
279, 37791.649235785815
450, 37671.54943874711
449, 37671.54943874711
278, 37651.5635219569
478, 37562.33312018085
771, 37520.229326933266
221, 37414.697917002115
106, 37348.95727234137
1111, 37343.065891092585
622, 37339.0411285756
621, 37339.0411285756
581, 37259.74797110256
1013, 36886.962129237254
1012, 36873.556331788684
618, 36865.124540624936
1137, 36770.881245254095
56, 36637.666150633515
1310, 36632.41320583342
557, 36369.61936534084
780, 36292.7860090051
534, 36206.447070068876
836, 36199.16406637718
29, 36049.421794515605
1217, 35953.18520921503
1216, 35953.18520921503
131, 35789.1057377159
536, 35759.04352323297
535, 35759.04352323297
395, 35625.96786566331
847, 35549.85380768692
1112, 35324.980363643495
1306, 35263.73563260955
596, 35245.71880331636
605, 35199.06829810193
977, 35129.904194451985
1052, 35056.547387138206
598, 34920.65386845563
178, 34872.67975179104
381, 34554.64734422836
173, 34447.911388121516
597, 34408.68384974021
