1152, 100000.0
1240, 99639.69596025345
210, 99598.84480102565
146, 99598.84480102565
159, 98828.20556199871
160, 98812.51865658734
161, 98801.77306251979
216, 98740.24084190637
782, 98421.38465533999
88, 98252.40285986528
170, 98066.10120269412
53, 98066.10120269412
218, 98036.68996861123
594, 97992.75499548303
158, 97591.98370713224
157, 97591.98370713224
704, 97490.19225989451
702, 97490.19225989451
1173, 97255.23233174675
305, 97183.83618817716
1067, 96993.54980137224
169, 96930.60196130251
1170, 96635.05221041181
620, 96494.49803954561
285, 95700.71276817266
1036, 95482.56055311894
604, 95049.86155719047
180, 94939.98203364175
518, 94594.84538227062
330, 94488.78503152855
1043, 94449.41928700726
696, 94309.60150035296
705, 94022.89103087617
703, 94022.89103087617
249, 93967.55703734605
459, 93857.09106065077
209, 93489.23933756194
908, 93335.7730164179
460, 93322.07900095722
1264, 93205.48444762742
1263, 93205.48444762742
192, 92908.70472706076
191, 92908.70472706076
749, 92891.76342379725
905, 92572.26774688545
899, 92572.26774688545
619, 92566.16661048171
194, 92563.6394748175
775, 91212.18595055192
699, 91183.78048652528
1058, 91015.75159030041
575, 90929.93709039477
421, 90693.07309239652
427, 90528.47615087965
444, 90488.68822300789
366, 90466.83102918338
1262, 90333.06559416854
1401, 90315.99239830147
759, 90298.23614583514
556, 90167.62502758435
172, 90132.0004762844
397, 89943.28468841815
835, 89919.12342771818
600, 89822.86217943029
1002, 89725.89205182593
545, 89704.59103983884
398, 89666.55348204034
1403, 89435.48714547069
228, 89387.43452203178
500, 88821.21637514778
504, 88632.87911638115
61, 88538.02732726974
250, 88247.32308323497
645, 88080.09663816202
644, 88080.09663816202
63, 88080.09663816202
915, 87951.60830667181
64, 87851.80838586845
512, 87722.83000630989
108, 87509.36179021143
643, 87189.09865166814
177, 87144.2079871109
868, 87122.25453400402
1413, 86746.50390949131
1255, 86588.64666930845
1348, 86561.8385274641
613, 86362.21394992311
272, 86015.7246233959
309, 85949.50250659272
1362, 85101.6161701295
1285, 84825.71380903952
1193, 84784.59059747373
156, 84687.23283551505
270, 84658.79395566165
268, 84658.79395566165
217, 84572.08019099731
1149, 84511.96777111109
1286, 84366.98539554734
698, 84320.41487941788
544, 84076.57680468854
1044, 83818.18760275065
1398, 83774.03430009121
834, 83744.5167295673
1382, 83717.41968721722
461, 83477.94602943113
659, 83447.06346522407
1028, 83069.01564936725
424, 82779.3568873684
423, 82755.83826927617
471, 82570.02790455634
418, 82532.53088074253
1236, 82519.97424001359
1136, 82476.75026498939
1313, 82438.7845100556
135, 82402.25240833299
612, 81759.26190383866
102, 81608.06976038692
136, 81605.25262578283
1379, 81521.22474709916
1419, 81466.36064058596
65, 80802.908847969
62, 80802.908847969
112, 80646.40646217087
137, 80633.33722576512
1057, 80541.30526440527
4, 80463.17017353754
1299, 80382.77418644643
558, 80352.73292364347
1084, 80233.06124354774
1082, 80233.06124354774
134, 80154.26033509528
1414, 80065.90214577444
238, 79995.14825049031
1076, 79957.09316497184
1075, 79687.61496567787
750, 79649.54745771104
840, 79621.95443808139
751, 79488.40194041243
15, 79107.56524332605
363, 78918.25985682475
1020, 78847.70519462101
1318, 78721.5095782365
364, 78708.234478822
845, 78632.87096163347
799, 78613.86241560667
798, 78613.86241560667
546, 78606.34479690733
633, 78322.6649856843
239, 78105.06477203107
21, 78105.06477203107
692, 78040.11828394301
609, 78022.90857327009
399, 78015.1445794496
350, 77142.09569983341
425, 77103.89646498427
348, 77095.06356373159
416, 76633.34205430448
3, 76469.92299879361
2, 76469.92299879361
396, 76292.74463612623
44, 76292.74463612623
291, 76079.46801322534
754, 75948.98842415083
1148, 75773.49656634971
1308, 75704.60397888017
701, 75536.011877512
712, 75510.88824083292
1144, 75473.6355870489
43, 75067.39181350636
45, 75037.34342288027
1246, 74868.88085314099
811, 74852.40278116509
745, 74704.98005101127
411, 74335.75957416864
426, 74257.33654489853
414, 74257.33654489853
1100, 74197.41762620257
352, 74160.72610966557
479, 74139.94779894319
830, 73982.38568000442
422, 73960.61590421527
413, 73960.61590421527
219, 73922.54052370183
955, 73863.1495450885
412, 73495.96606154519
984, 73265.93926037897
480, 73235.20332339566
1117, 72879.58038844856
920, 72781.42387070044
1302, 72723.47686597146
636, 72716.4949934655
428, 72541.21256704415
93, 72478.1284293507
142, 72405.17425647973
987, 72159.61023109927
985, 72159.61023109927
19, 72039.34522089417
986, 71950.17957418947
382, 71591.71391846983
1334, 71515.13954411271
1199, 71474.71536622508
1103, 71387.27678888866
5, 71368.74195242465
503, 71335.46044837781
470, 71247.16891053888
919, 71219.26455843529
179, 70959.32174038619
1312, 70896.04142093977
812, 70864.49472670378
369, 70777.84691911437
41, 70577.04722662049
1003, 70566.60656667253
1373, 70524.01773330614
1147, 70501.29503887522
464, 70501.29503887522
189, 70473.14894932527
1004, 70457.65591199511
145, 70424.7232357644
813, 70246.64040326957
435, 70242.94553616148
961, 69957.05749149104
176, 69776.6386258192
46, 69709.78664022216
353, 69566.38061973602
513, 69529.03587491675
11, 69500.10598301381
1035, 69487.57367464293
473, 69479.62948469447
1192, 69457.61741810634
20, 69439.72999792053
661, 69087.45982939904
1029, 69037.0171676344
246, 68879.86271510748
242, 68860.8299699015
662, 68787.797680401
663, 68593.63427821525
516, 68407.94360618574
269, 68249.58426117185
6, 68149.76063383993
358, 67978.12496465941
1172, 67957.9057533575
74, 67807.22674572068
795, 66952.32762863974
133, 66825.53344758273
251, 66656.61084608025
932, 66466.8198899493
55, 66283.13571419023
697, 66098.49917721063
141, 65963.81132470409
690, 65948.70916624661
695, 65888.20606567139
502, 65837.96413094027
765, 65817.01198624069
515, 65817.01198624069
514, 65817.01198624069
123, 65735.5959550101
1060, 65710.92645754911
739, 65642.99513472035
740, 65595.81103181574
791, 65469.44064204817
39, 65453.24604874091
1162, 65082.50114664568
829, 65082.50114664568
481, 65073.54476864079
828, 64939.27204712562
654, 64888.780522350564
656, 64834.22489716363
694, 64644.70573505366
691, 64620.58926048761
1080, 64563.39583023753
40, 64519.61019116449
1314, 64447.46626441632
606, 64129.444307808524
1381, 64065.711111492776
274, 63199.64613327343
271, 63199.64613327343
1077, 63036.77937636843
1396, 62901.087330853035
706, 62591.632950782325
1280, 62564.04851787333
693, 62529.19909397885
1245, 62489.03830707496
227, 61906.937197543535
362, 61329.93470068032
1074, 60801.42384688634
256, 60587.78274209004
831, 60306.06154240216
796, 59741.9059248201
852, 59667.30078443017
164, 59485.654518095
273, 59463.466406375235
794, 59319.72346757252
1389, 59290.999013993205
1190, 59037.705113391385
674, 59014.50035539791
1188, 59011.10906426929
139, 58958.528654882415
1404, 58926.41513878526
653, 58919.64443958151
1228, 58909.669268895115
865, 58909.669268895115
1317, 58803.20657476138
815, 58776.24690377829
501, 58524.720573274535
1344, 58143.64842350677
1039, 57736.460296202094
1061, 57598.32039650422
700, 57333.990603969534
866, 57219.6895055549
302, 57183.15229554714
673, 57135.63373504364
992, 57129.51230425478
860, 57012.07957197804
562, 56997.668136703585
1085, 56977.588482146726
564, 56908.5928476593
451, 56782.2488923796
1234, 56780.712697640454
1086, 56772.32401346022
1399, 56671.98838017257
1288, 56100.14841191474
1397, 56050.52773170854
1109, 56011.61364672328
1081, 55992.82303242561
1110, 55757.183381902716
1108, 55757.183381902716
607, 55618.57344955339
1101, 55117.70418647758
151, 55055.80588112435
401, 54991.38849244204
1395, 54972.654463312545
861, 54945.97402858259
124, 54865.31037236047
149, 54864.6717475896
264, 54269.59244421621
1056, 54251.57448079546
922, 54062.48719916178
1106, 53825.05791116048
1105, 53825.05791116048
1102, 53825.05697764426
409, 53673.42608452815
391, 53653.35350348314
155, 53598.0064300071
1400, 53509.624233378905
1088, 53490.124452190394
1232, 53471.21742749593
437, 53424.81944797008
1018, 53391.80399637875
154, 53391.80399637875
571, 53188.57405823663
709, 53033.329446407064
554, 52985.81894895897
555, 52869.4396028773
855, 52781.75096230382
454, 52774.14361807757
1059, 52728.486749520656
856, 52679.38401470838
854, 52679.38401470838
442, 52431.93672223294
233, 52329.695965763225
1113, 52329.560183387744
1323, 51693.60647315794
168, 51437.47604760385
26, 51254.28817722785
434, 51181.25992521037
390, 51154.80602522844
72, 51054.77539653026
553, 50983.87416907122
419, 50904.39687164138
417, 50807.146431491936
167, 50806.84739073263
267, 50797.81606356387
1027, 50465.57214999682
410, 50436.132156488646
993, 50160.06323936924
187, 50032.203708360066
42, 49580.50742502493
647, 49458.236943343254
903, 49455.94793363206
1410, 49392.87403569021
122, 49341.50099448895
1300, 49340.42613325723
574, 49316.75789536065
1015, 49230.633711194394
968, 48946.06320648312
1016, 48670.69870790105
1409, 48638.160113682476
1065, 48638.160113682476
85, 48638.160113682476
1408, 48627.020711617915
1407, 48622.55723203406
601, 48621.16147998843
86, 48582.185755960774
441, 48270.44816433672
1017, 48233.79163472957
783, 48011.227077046446
802, 47969.79510710032
801, 47969.79510710032
346, 47958.49714686912
970, 47734.37876696541
304, 47050.830766388994
1191, 47009.86726142164
1189, 46821.97124139852
565, 46664.85578452097
762, 46516.95995446054
772, 46455.117828443625
1066, 46423.70188143177
776, 46170.07337471901
1287, 46069.62234114229
420, 45931.36217186958
969, 45912.12027788116
415, 45844.93687032509
1155, 45799.43814919562
972, 45658.317618142835
967, 45658.317618142835
361, 45652.80399160312
1346, 45546.83074535011
853, 45539.310864890766
583, 45056.41719964681
222, 44646.381113746
367, 44393.25323197411
116, 44026.741244085264
347, 43997.459153202086
858, 43938.354131345885
1290, 43743.717019375596
827, 43709.731945964806
1040, 43583.996687512925
971, 43278.36990247594
846, 43220.82532051286
517, 43220.03157847536
1342, 43149.80369076931
540, 42998.46742235382
1204, 42920.59921829123
495, 42749.73584939244
1201, 42712.5452060568
433, 42698.841161061406
204, 42694.956706353754
488, 42619.48680622995
509, 42599.154319385176
930, 42536.13912436412
277, 42444.95117484475
1274, 42432.803076233104
252, 42381.28541134366
1200, 42182.89365477249
1169, 42077.127157556955
885, 41607.356660977784
1224, 41574.647970239756
867, 41504.23307361357
781, 41482.49735424603
153, 41466.28433623689
231, 41250.928959228004
30, 41107.63424186623
220, 40996.982110561294
354, 40982.794828759506
299, 40937.17369969689
107, 40847.32204692023
584, 40794.45687249939
380, 40760.47864341979
978, 40716.70270711474
279, 40603.81359757443
450, 40465.20775250403
449, 40465.20775250403
278, 40442.148587807416
478, 40339.219296522446
771, 40290.66416937079
221, 40168.998110686196
106, 40093.231946606626
1111, 40086.4430801673
622, 40081.8052811512
621, 40081.8052811512
581, 39990.44946598523
1013, 39561.33433979168
1012, 39545.91459120358
618, 39536.216509454316
1137, 39427.841579659675
56, 39274.719544127154
1310, 39268.683270221285
557, 38966.86005066774
780, 38878.67446520919
534, 38779.610574097256
836, 38771.25571001136
29, 38599.52837188219
1217, 38489.21565301367
1216, 38489.21565301367
131, 38301.232969322344
536, 38266.804383875125
535, 38266.804383875125
395, 38114.44896802785
847, 38027.34337988036
1112, 37770.148039312204
1306, 37700.139642654576
596, 37679.54793721085
605, 37626.237126970365
977, 37547.21637592709
1052, 37463.4288082513
598, 37308.27589363926
178, 37253.52240185248
381, 36890.80775153359
173, 36769.17698103818
597, 36724.48807131538
