1212, 100000.0
1355, 99882.58164998559
392, 99880.55231383677
1359, 99846.99337512576
171, 99418.25482075314
329, 99215.50321961037
650, 99180.46797553431
341, 99104.27318872839
243, 99053.918136695
1261, 98829.87752131367
60, 98768.57164960346
843, 98487.5300281896
394, 98139.17913454022
406, 98122.734500229
615, 98092.24421621764
95, 97838.9800063262
355, 97754.93402546494
294, 97752.56634181723
1276, 97678.55057322665
810, 97394.0336715889
1208, 97320.72870257455
603, 97263.21694714854
324, 97232.157433089
407, 97201.03521245664
79, 97181.69371051935
1209, 97044.15498720633
1239, 97029.09983774296
1068, 96972.50342130264
1252, 96902.1393050948
1206, 96587.41224071987
678, 96400.2698548714
323, 96303.56225721237
859, 96166.31025843733
376, 96052.50481661233
716, 95936.54640539252
925, 95762.54246660219
1047, 95619.13192074548
317, 95475.45563128703
736, 95394.24820483057
52, 95391.16900412079
884, 95379.15129196992
447, 95271.83494461986
319, 95136.09535889603
1131, 95060.32635499896
1375, 94938.27536142038
610, 94897.20533560774
988, 94860.67616475445
100, 94772.1280361342
1257, 94732.57045270123
714, 94643.67499817829
1104, 94522.6156069758
101, 94468.57549097274
543, 94464.03772623019
629, 94404.1189952254
472, 94398.5848441465
974, 94145.7537785743
979, 94034.7962918962
561, 93873.2503313749
1353, 93779.07604239468
87, 93664.78383635049
1289, 93574.43194997963
82, 93574.43194997963
779, 93494.20699485512
499, 93419.31917189911
723, 93294.35508402287
1291, 93228.29512982038
462, 93163.19984582638
737, 93132.09534939555
1207, 93113.70672034532
76, 92778.09477436815
671, 92762.67092567218
75, 92684.84176872544
1205, 92496.147557015
1114, 92238.90027475194
1095, 92205.49030254464
1014, 91937.86702177773
907, 91662.74728650885
197, 91652.6039729301
1254, 91552.91762656528
945, 91166.2995899154
848, 90983.21959864012
385, 90713.37298643003
1213, 90617.51943101201
1332, 90571.15901429924
944, 90500.70998479093
998, 90097.82166849126
1292, 89897.15409616531
1293, 89860.87506459767
1349, 89859.58555222477
1244, 89858.947440672
715, 89837.8712481782
616, 89836.56842223617
677, 89822.9554996748
803, 89783.57062376197
735, 89520.40455892144
436, 89495.71784926389
57, 89379.29417829236
797, 89371.82309678062
1327, 89351.75808510605
894, 89309.22449900518
1072, 89224.48082619591
121, 89150.68443566567
937, 89072.30460910736
906, 89038.59030847215
262, 88961.38851972198
1194, 88961.26470401112
1153, 88928.9152780452
1226, 88832.01941549125
489, 88778.10101538019
943, 88540.33405927748
1045, 88443.39559756807
115, 88262.26016389245
8, 88072.83927061727
649, 87956.86566348236
585, 87820.482128595
1053, 87807.6196976217
1033, 87761.44167651141
1335, 87689.33444197106
439, 87679.93492958642
1071, 87411.95482397825
1070, 87411.95386466639
926, 87396.08734428292
263, 87297.99561866162
1107, 87049.95679421035
822, 86911.5046722418
375, 86821.22528352571
838, 86797.08029142123
916, 86707.33053924527
118, 86706.08620088351
652, 86566.19361838394
924, 86420.31034022893
982, 86416.8280003457
49, 86336.05604708976
9, 86297.44316516772
1295, 86175.23154964612
931, 85930.61492248908
648, 85920.74553295167
201, 85848.34399871538
1339, 85561.70532908346
393, 85534.14470999828
823, 85163.72879383854
602, 85137.49212227334
1420, 84962.89211078957
542, 84823.11270552181
539, 84823.11270552181
261, 84684.25977047693
721, 84559.5854504152
448, 84548.91349349968
627, 84484.84811764612
1402, 84335.92071152787
300, 84261.04681207793
1142, 84126.62026843448
760, 84013.5086941275
1073, 84003.010291696
722, 83987.1902184591
301, 83868.44987274012
1331, 83847.94840441569
935, 83832.47769827687
893, 83448.58230451784
1215, 83340.01052579458
959, 83325.44312545576
35, 83276.20538272345
941, 83267.51323614534
1233, 83141.23614053584
1366, 82459.39495342605
378, 82423.93924390357
1220, 82150.89483619042
181, 81940.92135189234
946, 81920.52877053704
1377, 81830.763510256
573, 81707.39448198935
541, 81675.56486777692
952, 81572.93085434324
590, 81477.21107435474
1038, 81268.48245939985
1055, 81238.14757611527
767, 81186.0580370639
578, 80808.56624045187
994, 80706.0270828641
1069, 80476.56201400729
950, 80450.49975135463
292, 80268.02856047335
738, 80264.95576787333
126, 80157.08260916857
651, 80118.62040061942
1259, 79943.59825472994
911, 79868.62644400293
1260, 79694.49871105744
614, 79629.73254957463
996, 79424.05141226902
639, 79344.57999794999
336, 79257.12949908269
789, 79205.17556383341
147, 79131.47926135815
377, 79040.612548951
440, 78907.38026108945
265, 78873.39822868383
1357, 78862.10962243995
296, 78841.89650756633
928, 78814.68026094492
559, 78798.93813620956
680, 78776.11864491159
66, 78735.49770888759
1154, 78708.33735210395
888, 78459.32438997155
631, 78396.09141885208
1275, 78395.50280410722
755, 78257.30523239417
997, 78024.38247355909
873, 78024.38247355909
50, 77863.03017573683
196, 77856.86423804065
1358, 77769.93001470261
1294, 77748.25998385208
837, 77663.48700118819
312, 77645.74691026918
182, 77352.71252050012
1151, 77248.6079994626
572, 77139.4566378629
199, 77120.36554412186
58, 76978.32192561399
1021, 76731.98027449516
1099, 76714.51534663062
624, 76698.12388317726
1050, 76539.59078377113
97, 76521.67362071786
851, 76248.36680445737
989, 76210.68480884485
403, 76210.68480884485
1156, 76203.74218850226
1049, 76069.90378116489
1325, 76036.26485408327
453, 76009.71083119535
452, 76009.71083119535
664, 75983.57929967454
127, 75976.25650793534
344, 75914.62850289607
1143, 75767.61908816836
1165, 75513.51989325858
1064, 75494.84059679213
431, 75468.62372172404
1098, 75427.38925979665
1022, 75343.4558488706
628, 75326.19403017618
936, 75293.61400719655
1054, 75016.19342012196
175, 74960.32100617235
718, 74960.25615696634
1231, 74772.5096074363
839, 74705.0812127539
844, 74682.74866735103
280, 74644.95293864093
293, 74532.6992824472
1238, 74500.33887119383
849, 74346.83900817682
1089, 74263.05442585099
1164, 74211.11175339669
200, 74211.11175339669
1024, 74208.12917980741
1023, 74208.12917980741
1237, 74208.12550474018
549, 74194.20990613193
188, 74105.03938888363
522, 74006.11365303365
1333, 73939.49736459409
340, 73887.77188287073
202, 73701.7956300813
245, 73523.6799977072
547, 73462.15524337938
1258, 73461.62271765126
548, 73442.11763909957
1129, 73264.65171696279
1127, 73201.17129765323
138, 73170.75679968887
402, 73080.32875110132
1161, 73038.02232895905
232, 73022.00548548684
806, 72700.9420937461
1372, 72641.737828911
1091, 72573.78402793867
1090, 72573.78402793867
591, 72531.1736115604
966, 72507.2660065273
707, 72491.1536137058
880, 72360.9925465057
887, 72182.54094586216
357, 72169.57998143784
214, 72002.75271107387
679, 71919.25629336845
896, 71831.92650727934
990, 71806.160046975
746, 71635.83293057025
875, 71631.64794702295
327, 71561.99041703607
567, 71496.26292608067
669, 71493.89888168687
744, 71441.01893902147
1134, 71438.22113882954
747, 71399.59870262985
1097, 71106.77112368867
198, 71020.47182534783
1309, 70980.89122391737
758, 70961.03867086323
995, 70956.01068931303
1319, 70710.21015285474
493, 70693.67701879823
1048, 70634.3394503957
587, 70517.87246701616
731, 70470.99899588022
457, 70440.81690536416
883, 70356.6632931219
599, 70220.55607125051
1096, 69911.02541202167
766, 69869.3550597417
59, 69759.65447503561
282, 69750.43847307494
763, 69719.25672149213
666, 69690.77294865635
405, 69605.72427881627
1163, 69514.51573029615
1340, 69452.7704207685
1116, 69439.62044809302
657, 69211.69901744578
732, 69088.99834979656
630, 69088.8248322887
726, 69065.94693079866
1374, 68988.14226197042
1198, 68970.09794240126
1195, 68962.82945669214
1250, 68901.11172510119
586, 68536.4248650037
1387, 68496.75260538263
1087, 68472.00408895827
1386, 68401.31416726984
1197, 68180.85625099401
342, 68152.76680505062
1196, 68106.84637294796
511, 68037.0038387375
31, 68019.34445666792
1298, 67957.1917866706
874, 67811.84569762334
1311, 67798.27362757258
658, 67469.08838928866
1380, 67388.5342610771
821, 67386.39441529477
1130, 67178.68507368855
1146, 67137.24151020726
96, 66947.9840968753
234, 66936.07921317169
1182, 66929.06993716564
1178, 66929.06993716564
660, 66893.50352615309
1093, 66856.09895717284
510, 66856.09895717284
774, 66819.15633856185
773, 66819.15633856185
1181, 66812.72927946181
1180, 66812.72927946181
1179, 66812.72927946181
1177, 66677.7494835774
316, 66611.02219055907
948, 66594.642331248
247, 66590.82266719645
1005, 66270.270242023
910, 66011.72310506212
1351, 65928.291813316
32, 65702.68436994395
1158, 65640.10541555542
207, 65560.38159356701
287, 65525.36240924332
386, 65520.127541117676
1128, 65419.66003238252
203, 65388.416429279394
787, 65364.412807789406
784, 65332.651058852876
788, 65189.755207283306
383, 65144.719029955835
1214, 65136.70802716647
1007, 65132.909644901694
132, 64999.869274283265
328, 64997.632814365505
371, 64845.753226792214
1000, 64823.434924784415
566, 64791.420835549376
863, 64693.74385665006
951, 64531.16806493684
1416, 64302.98148074561
1354, 64297.07157933565
117, 64224.6540197448
1242, 64130.50880337589
1241, 64130.50880337589
351, 64053.68311884124
1322, 64015.00014676409
881, 63784.12722605417
938, 63303.460820431676
953, 63206.79427768753
297, 63206.79427768753
206, 62982.10351860416
638, 62969.49455909338
225, 62969.49455909338
1297, 62938.978312789215
1211, 62925.89057528781
91, 62898.89421982184
482, 62778.116039022556
163, 62735.41464588525
1269, 62599.855061298214
1251, 62588.79935352357
92, 62484.44294302113
933, 62435.90391232364
917, 62288.15770865277
626, 62176.097026839525
733, 62096.49130181969
1118, 62074.166601661585
595, 62074.166601661585
34, 62027.03709924027
1296, 62026.5634600843
1392, 61871.5664835746
339, 61850.258459917706
1268, 61794.50664667222
1124, 61504.34168394783
1303, 61164.12297101576
588, 61110.56018826831
1352, 60964.640854406636
1305, 60956.92750664624
524, 60941.44595118225
913, 60795.671071347635
337, 60769.97758271897
1367, 60753.516416054365
314, 60719.18934125834
1249, 60623.14133225828
443, 60533.28649721932
33, 60288.498532484235
284, 60286.59992206499
895, 60237.97038060433
688, 60114.36207718339
520, 60038.66355923956
632, 60036.4633156957
686, 60010.249163485285
1336, 59822.010010282276
1230, 59661.42178386234
882, 59628.036265149385
1150, 59589.60283006045
389, 59530.06199038518
687, 59527.636356520285
174, 59523.3628972707
942, 59438.037891425985
973, 59286.00310867876
804, 59246.446507508874
387, 59222.68219862355
785, 59217.9486943077
1364, 59149.69095238767
1394, 59098.368091708064
162, 58873.34336840075
1185, 58864.16600379558
388, 58823.47537524556
625, 58788.46945238084
805, 58739.23595177725
918, 58734.44527685202
550, 58643.66384875218
7, 58617.10754360281
608, 58572.83742415744
1324, 58270.65989655775
912, 58265.407812965896
980, 58254.5286517252
1265, 58233.251895363195
1126, 58197.91167561096
1284, 58157.71213881056
283, 58145.52931659528
1360, 58143.068661733014
965, 58085.787609568426
1267, 58082.4335248599
964, 58077.95106006473
963, 58077.95106006473
962, 58054.4377143781
1141, 57995.03958209681
1138, 57995.03958209681
521, 57924.79032949014
1140, 57831.724072386336
0, 57818.0930871613
954, 57791.81705966212
1139, 57750.30298839239
458, 57745.29035884989
668, 57724.037799299134
490, 57710.62178390478
914, 57653.113660285046
1338, 57622.4062654472
1337, 57622.4062654472
1218, 57581.74275738308
1219, 57563.479814697435
1145, 57468.78027647579
1115, 57421.20622364598
646, 57352.48975472143
400, 57210.662117726686
1025, 57190.90389043168
505, 57111.71811788183
1393, 57089.315302248935
879, 57050.87986905607
878, 57050.87986905607
1, 57050.18046640088
77, 57048.3190446632
