1239, 100000.0
1209, 99984.0138363786
79, 99838.43458810399
603, 99752.53916120977
1208, 99692.11822849655
1206, 99530.9159438865
355, 99240.57306865674
323, 99229.52866324887
95, 99154.10290126876
859, 99083.8160907319
376, 98963.00495148476
716, 98839.9172311801
925, 98655.23214483898
1047, 98503.03365157246
843, 98496.77357225223
317, 98350.56693738533
736, 98264.39717802331
884, 98248.37822641445
60, 98217.27441292621
1261, 98156.72596937322
447, 98134.51196641008
319, 97990.49873285563
1131, 97910.11679154076
341, 97887.5451485682
610, 97737.07774182764
988, 97698.32997606618
100, 97604.407591823
171, 97583.1428238474
1257, 97562.45083312028
714, 97468.16767070713
101, 97282.47132468915
543, 97277.6592117535
472, 97208.25065319595
1359, 97173.58574006907
392, 97141.82089367582
1355, 97139.9013977457
1212, 97029.09983774296
979, 96822.52856906554
561, 96651.27104955887
1353, 96551.4433909014
1289, 96334.53475750405
82, 96334.53475750405
329, 96290.35169610668
650, 96257.35152924429
779, 96249.50946977679
243, 96138.14681288615
723, 96037.71793753505
737, 95865.78405092104
1207, 95846.30017550969
671, 95474.39961594158
75, 95391.95561553232
394, 95276.23378668384
406, 95260.7345373821
615, 95231.99670730798
1205, 95192.08965581606
294, 94911.80686376133
1095, 94884.27037196945
1276, 94842.02895391987
1014, 94600.89496788045
810, 94573.77380507199
324, 94421.12945316867
407, 94391.78046495256
907, 94309.63168160562
197, 94298.89414092292
1254, 94193.37150694073
1068, 94176.2529553204
1252, 94109.88691245981
678, 93636.4530136336
385, 93304.93733133354
52, 92684.09916988753
998, 92653.83882041187
1244, 92401.23792525205
715, 92378.95243464322
616, 92377.57486558131
677, 92363.18103729455
1375, 92256.48817112112
57, 91894.13659941556
797, 91886.23919796584
1327, 91865.02940679407
1104, 91863.93105685757
894, 91820.0700159629
629, 91752.00277512116
974, 91507.93150818931
1153, 91418.12424117625
1226, 91315.7311604488
489, 91258.7564982979
87, 91053.47104283383
1045, 90905.12219593211
499, 90821.48542754403
1291, 90640.92751217396
462, 90579.39408005762
649, 90391.20994894786
585, 90247.17886962318
1053, 90233.59583102242
76, 90215.31220521817
1033, 90184.83162831278
1335, 90108.688890826
926, 89799.06572452467
1114, 89705.41246491476
375, 89192.26684971253
118, 89070.75752177283
652, 88923.13701093949
945, 88690.59983000653
49, 88680.31447072866
9, 88639.57672615153
848, 88517.31876946134
931, 88252.6113080172
648, 88242.20136786587
1213, 88171.13526349897
1332, 88127.24361874389
944, 88060.54380012296
393, 87834.4770879777
1292, 87488.99364636745
1293, 87454.63189145635
1349, 87453.41051364537
602, 87416.25483427508
803, 87381.41036255252
735, 87132.11838641699
436, 87108.73115150885
1072, 86851.74901225217
448, 86795.86193111088
121, 86781.82380683882
937, 86707.55223306929
906, 86675.60398901322
262, 86602.44384377824
1194, 86602.32650732379
1402, 86571.41287149282
300, 86492.51885594202
1142, 86350.88402347028
1073, 86220.6563308014
943, 86203.3730264238
1331, 86057.30719083379
935, 86041.01052917712
115, 85939.76269340437
8, 85760.16919187075
439, 85387.58453332323
1071, 85133.4133696473
1070, 85133.41245969581
263, 85025.31414005675
1107, 84790.00449127237
822, 84658.64249305252
1366, 84595.25202805936
838, 84550.06958872211
916, 84464.90430658114
924, 84192.51465795592
982, 84189.20954027634
181, 84049.66050460082
946, 84028.20495402998
1295, 83959.89157977286
1377, 83933.76392089376
573, 83803.97742439355
541, 83770.4937143417
201, 83649.56458617406
590, 83561.84711276197
1339, 83377.39759895606
1038, 83342.31539311077
823, 82999.43672258536
1420, 82808.66674792008
994, 82750.89240478803
542, 82675.88012836769
539, 82675.88012836769
261, 82543.96266125428
1069, 82509.66939489932
721, 82425.50629531164
627, 82354.49215421763
126, 82173.8775249747
651, 82133.45599650835
1259, 81949.53029715268
760, 81906.56045455865
722, 81881.54529508336
301, 81768.68019813822
1260, 81687.79365189049
614, 81619.74853309884
893, 81369.52341759224
639, 81320.19228069592
1215, 81266.2908689199
959, 81252.43933980868
35, 81205.62034645614
941, 81197.35504895943
789, 81173.76572330092
147, 81096.36234409235
1233, 81077.27425941758
1357, 80813.47330795857
928, 80763.66846447019
680, 80723.17659669033
378, 80395.00264751849
888, 80390.56187923643
631, 80324.17901713132
1220, 80135.21405549366
997, 79934.00697982016
873, 79934.00697982016
50, 79764.66849789176
196, 79758.19771513873
1358, 79666.96811243643
1294, 79644.22815012666
952, 79585.1693915026
837, 79555.2725742917
312, 79536.65780795658
1055, 79266.47138277693
182, 79229.20532200295
767, 79216.87884871163
572, 79005.49218908
199, 78985.46640057438
578, 78857.43666414673
58, 78836.47589368629
1099, 78559.80261105835
950, 78516.41603305732
97, 78357.58432443248
292, 78342.60336325577
738, 78339.67621679825
851, 78071.030369258
989, 78031.5257850727
403, 78031.5257850727
911, 77962.08728942409
1325, 77848.68170987301
453, 77820.84693675126
452, 77820.84693675126
127, 77785.77970852733
1143, 77567.10002540001
996, 77538.42748342986
336, 77379.3294070579
1165, 77300.80900097248
377, 77172.93721859889
628, 77104.52229216938
936, 77070.38613699099
440, 77045.92185693039
265, 77013.52388508189
296, 76983.49001769771
559, 76942.53242222012
66, 76882.04479352894
1154, 76856.14789863973
718, 76721.1460417367
1275, 76557.83565342643
1231, 76524.48675845501
844, 76430.47284881808
755, 76426.03567081524
293, 76273.32577237868
1238, 76239.4365740303
849, 76078.69435313002
1089, 75990.96320904452
1164, 75936.57615867261
200, 75936.57615867261
549, 75918.87930658985
188, 75825.51761730867
1333, 75652.20865554927
1151, 75463.70410957231
202, 75403.38581311732
245, 75216.96115178411
1258, 75152.01380870801
1021, 74970.59873281886
624, 74938.27852013845
138, 74847.63565357085
1050, 74786.92989117575
402, 74753.0180515451
1161, 74708.7534028069
232, 74691.99549788555
1156, 74466.25399754588
1049, 74338.44407600729
664, 74256.00247894613
1091, 74223.10406853243
1090, 74223.10406853243
344, 74190.15003682328
591, 74178.53550127271
357, 73800.37279329204
1064, 73789.16696745674
431, 73764.12116205288
1098, 73724.72778834667
1022, 73644.53893832295
214, 73625.92996674993
679, 73538.62883444704
1054, 73331.83834176103
175, 73278.44589818198
875, 73237.94985930025
567, 73096.43088167343
744, 73038.6873736862
1134, 73035.76303981685
839, 73034.51254279155
280, 72977.04236500243
1024, 72559.46719817143
1023, 72559.46719817143
1237, 72559.4636845862
1309, 72557.81870334307
522, 72366.3165270444
1319, 72275.00097173025
493, 72257.72808613925
340, 72253.15698335752
1048, 72195.73701471312
731, 72025.10406743766
457, 71993.57637770161
547, 71846.11194936767
548, 71826.94612025406
1129, 71657.19116041742
1127, 71596.4646081003
59, 71282.20424075665
763, 71240.02436208479
666, 71210.28468387657
405, 71121.48920553543
806, 71117.85523226412
1372, 71061.20027476626
1163, 71026.26772674939
966, 70932.51127955022
707, 70917.09108867249
880, 70792.51639221869
657, 70710.1668613564
887, 70621.70794949605
732, 70582.10053257187
630, 70581.91943415948
726, 70558.04217926465
1250, 70386.01673641645
896, 70286.05728192886
990, 70261.38771932997
746, 70098.30197597173
327, 70027.59366781857
669, 69962.38946786108
1087, 69938.2742828656
747, 69872.08357464045
342, 69605.25146217844
1097, 69591.62680296139
198, 69508.96391820775
31, 69466.08727377506
758, 69452.03262614478
995, 69447.21620645087
874, 69249.68186224533
587, 69027.45773408361
883, 68872.98348528838
599, 68742.5508674581
1096, 68445.88558408413
766, 68405.94301944721
234, 68336.63336188522
1182, 68329.32771244705
1178, 68329.32771244705
282, 68291.9516118121
1181, 68208.07249454841
1180, 68208.07249454841
1179, 68208.07249454841
1177, 68067.40181948192
1340, 68006.57646622954
1116, 67993.96837799795
948, 67980.79669281909
247, 67976.81636751747
1005, 67642.81485166357
1374, 67561.03440971553
1198, 67543.72881455175
1195, 67536.75784369378
586, 67127.75372842934
1387, 67089.69507294496
1386, 66998.13472696314
207, 66903.38028293132
287, 66866.91207262369
386, 66861.46066436595
1197, 66786.61496678216
203, 66724.30719584257
1196, 66715.5994435734
787, 66699.31295101986
511, 66648.5797666831
1298, 66571.99007663329
788, 66517.45856363585
1214, 66462.22949746746
1311, 66419.47721889944
132, 66319.77087473334
328, 66317.44266616357
371, 66159.33997430261
1000, 66136.10846790849
658, 66103.51375063535
566, 66102.78501456438
1380, 66026.18558593643
821, 66024.13138392674
863, 66001.11720321684
1130, 65824.72271008235
1146, 65784.93237747613
96, 65603.21208001523
1416, 65594.4513216828
1354, 65588.30165720228
660, 65550.89735500311
1093, 65514.978794257986
510, 65514.978794257986
774, 65479.50304015859
773, 65479.50304015859
1322, 65294.81306279189
316, 65279.61848607349
910, 64703.93371663748
1351, 64623.77346476892
938, 64554.70305910328
32, 64406.99116880883
1158, 64346.85493096063
206, 64220.549981388765
638, 64207.44032650944
225, 64207.44032650944
1128, 64134.99644958774
784, 64051.36897683993
482, 64008.47493413414
383, 63870.72579533056
1007, 63859.37375056705
733, 63300.02145028627
951, 63280.82916638727
117, 62986.05079154589
1242, 62895.4992710973
1241, 62895.4992710973
351, 62821.60237030141
1124, 62684.80946892937
881, 62562.295638263546
1303, 62331.44314187774
588, 62275.8172826921
1305, 62116.27744914501
953, 62006.772992065475
297, 62006.772992065475
337, 61922.159959592536
1367, 61905.068764829695
314, 61869.42843406434
1249, 61769.70995832378
1297, 61749.00906962167
1211, 61736.41149641162
91, 61710.42590039384
163, 61553.05809360189
1269, 61422.55474979773
1251, 61411.91094036773
92, 61311.43901371744
933, 61264.70461636412
520, 61163.0252237244
632, 61160.74180088437
917, 61122.44308159911
626, 61014.53391937581
1118, 60916.373406264014
595, 60916.373406264014
34, 60870.984962724986
1296, 60870.52881423023
1392, 60721.24862978751
339, 60700.725428031874
1150, 60697.052889104394
1268, 60647.025834594424
174, 60628.32940975693
942, 60539.809481336204
1185, 59944.57181827687
1352, 59847.49456132671
524, 59825.14178351658
7, 59688.38073486481
913, 59684.652342012334
443, 59431.75015972688
1324, 59329.192971081204
980, 59312.47041320345
1284, 59212.1084912474
1360, 59196.92929923939
33, 59195.77268276157
284, 59193.942272005006
895, 59147.05883186208
688, 59027.88265999448
686, 58927.49597335566
0, 58860.10052416021
458, 58784.651735655505
668, 58762.6273843802
490, 58748.72431345314
1336, 58745.97799145325
1230, 58591.107403733426
882, 58558.90867661059
1145, 58498.12292125312
389, 58464.41346820044
687, 58462.07389795914
1115, 58448.83010708421
973, 58228.99690485587
1025, 58210.22804668531
804, 58190.837779882466
387, 58167.91259232222
785, 58163.3461896216
1364, 58097.496629059766
1, 58064.45003307534
1394, 58047.98269454796
734, 57919.55307468383
162, 57830.87115149254
388, 57782.7528294439
625, 57748.97426401471
805, 57701.46575624849
918, 57696.842856954434
119, 57623.420946348284
550, 57609.23819359078
208, 57556.388157331865
608, 57540.88691483643
778, 57372.27246208996
912, 57244.16717781143
1265, 57213.12830010056
1126, 57179.0150446418
753, 57171.35804546406
283, 57128.44999542348
965, 57070.77897203118
1267, 57067.541080464754
964, 57063.21388826935
963, 57063.21388826935
71, 57051.05905306791
962, 57040.514853803405
1141, 56983.17235986002
1138, 56983.17235986002
521, 56915.35163371967
1140, 56825.498275387734
213, 56788.054501632454
954, 56786.96741918863
1139, 56746.88394047974
148, 56710.472861725204
1411, 56694.30966182841
892, 56688.01957624595
914, 56653.03988179795
1350, 56624.65678374698
