1242, 100000.0
1241, 100000.0
351, 99813.32499604422
117, 99771.94466511834
881, 99160.31694549268
951, 99041.13693175372
953, 97771.95668374668
297, 97771.95668374668
1007, 97656.43436711257
383, 97629.89862180961
784, 97210.82649158203
1297, 97132.61591190414
1211, 97101.44810044204
91, 97037.17982746699
1128, 97018.8287395631
163, 96648.63457843488
1158, 96538.01392307086
32, 96402.97321477297
1269, 96327.27656542548
1251, 96301.10093582397
92, 96054.27059656984
933, 95939.61389648358
1351, 95921.35354685849
910, 95745.29026474479
917, 95591.20251603266
626, 95327.53259143759
1118, 95088.13808652612
595, 95088.13808652612
34, 94977.59071697321
1296, 94976.48019779875
1392, 94613.5494188843
339, 94563.73116808108
316, 94511.95650023392
1268, 94433.4690449955
774, 94096.08938325195
773, 94096.08938325195
1093, 94022.92646909117
510, 94022.92646909117
660, 93949.04665021761
96, 93841.79379073711
1146, 93472.44912990984
1130, 93392.23396428819
821, 92993.7445306053
1380, 92989.66967066683
658, 92836.71898169076
1352, 92509.09126879607
524, 92455.69389869101
1311, 92220.59998305146
913, 92120.58371596849
1298, 91928.18736695165
511, 91782.54200759594
1196, 91655.74651403444
1197, 91522.04944023099
443, 91519.4907239549
1386, 91127.79607852793
33, 90961.10965664718
1387, 90958.95224216637
284, 90956.78778897773
586, 90889.08836149628
895, 90846.13798804223
688, 90565.2925743233
686, 90329.19535937569
1195, 90149.88779218293
1198, 90137.47016600135
1374, 90106.66897449567
1336, 89903.37378561821
1230, 89541.16595373405
882, 89465.98726844252
1116, 89347.92303568739
1340, 89326.16142327417
389, 89245.60835941446
687, 89240.15684137901
282, 88838.54779857949
973, 88698.20457814526
766, 88646.38415057216
804, 88609.69290522988
1096, 88579.39746147128
387, 88556.54615545532
785, 88545.96261975604
1364, 88393.43978231723
1394, 88278.87274027342
599, 88087.42547396859
883, 87874.17654624657
162, 87777.71195277572
388, 87666.90361616337
587, 87623.98674961267
625, 87589.17430872584
805, 87479.9299227028
918, 87469.30466092912
550, 87268.12024392177
608, 87111.36992793194
995, 86956.79710941135
758, 86949.24698894017
198, 86860.1810152814
1097, 86731.44203924293
912, 86433.11392598232
1265, 86362.37087440093
747, 86299.73287649464
1126, 86284.66587172191
283, 86169.57287840465
669, 86162.36827082478
327, 86063.67688266758
965, 86038.43207362773
1267, 86031.07327076854
964, 86021.23946029948
963, 86021.23946029948
962, 85969.66690392884
746, 85957.11657151219
1141, 85839.47654581351
1138, 85839.47654581351
990, 85713.15518260842
521, 85685.66758647107
896, 85676.47051457454
1140, 85482.17649837087
954, 85395.01497325764
1139, 85304.40444044009
887, 85182.96225850239
914, 85092.5174107218
1338, 85025.6414390511
1337, 85025.6414390511
1218, 84937.13473440881
880, 84935.77438803899
1219, 84897.40360357499
707, 84757.14268752647
966, 84735.1269472804
1372, 84552.21082430903
806, 84472.1416773525
646, 84439.26012662338
400, 84132.18953345115
505, 83918.39007611776
1393, 83870.03005439731
1127, 83806.71030462119
879, 83787.10255494528
878, 83787.10255494528
77, 83781.57923356771
1129, 83723.6575095269
23, 83554.34308053415
548, 83493.10275497918
547, 83467.22041779719
308, 83460.27051930405
24, 83190.00453242219
340, 82924.49377433224
522, 82775.93960657738
25, 82684.71376410493
1237, 82524.66668586517
1024, 82524.66214090714
1023, 82524.66214090714
1391, 82463.02409459934
333, 82023.15619401386
280, 81991.07585350785
684, 81980.79113959332
839, 81918.65268296635
321, 81630.01440344252
84, 81619.32437846239
175, 81613.92362950668
1054, 81547.79531456558
1266, 81451.42388574175
1092, 81236.66688172982
1022, 81164.5523317775
685, 81132.02741064952
975, 81098.23050877574
506, 81077.73576390071
1098, 81067.37325720863
976, 81041.98473423961
635, 81039.91781700304
634, 81039.91781700304
431, 81019.79570759428
1064, 80989.60191760254
1186, 80932.39581250792
682, 80740.02471121807
725, 80588.97793956695
344, 80511.9879779916
664, 80434.57791732799
1049, 80338.06942253398
683, 80295.17768704088
1156, 80189.32881073201
1341, 80009.3482918793
1006, 79947.3234572778
1050, 79820.76426027385
681, 79743.82702384552
624, 79649.07398917836
1021, 79612.59506431875
818, 79403.2931410231
1151, 79063.97577905073
529, 78887.70559714828
508, 78581.5987752729
842, 78473.2818409857
507, 78227.13167145164
724, 78086.90181726923
755, 78034.5129934038
372, 77956.41713838064
1275, 77897.58410382725
675, 77751.39694980702
1154, 77591.14866440477
66, 77564.77194032959
559, 77503.30241132944
296, 77461.78998509106
265, 77431.40553796366
440, 77398.68263054888
957, 77288.41593521026
377, 77270.92370930314
841, 77211.9346555793
1210, 77166.61114828133
336, 77065.10864295665
996, 76907.94503861573
404, 76832.98860006854
911, 76495.63427431924
229, 76147.05162315285
738, 76135.57145160456
292, 76132.80690360555
230, 76117.85019814232
950, 75969.37630685116
578, 75652.8270828266
111, 75583.56380049812
143, 75575.63256447056
767, 75324.93375280533
1055, 75280.14919637862
952, 74994.93569019408
523, 74901.56813423106
991, 74836.23847743495
1220, 74512.98091844977
378, 74289.76326761185
1345, 73964.10882462868
1233, 73716.54102864847
941, 73617.5538732466
35, 73610.7610047148
959, 73572.33233004279
1215, 73560.97927094111
764, 73489.15112896137
893, 73476.59898611691
1365, 73198.08057875159
373, 73189.90553141372
301, 73154.13392224968
722, 73064.03301694333
760, 73044.12685651232
627, 72691.53283453854
130, 72648.90059979433
721, 72636.29540826964
261, 72544.5530366194
542, 72442.96578891516
539, 72442.96578891516
1420, 72341.32164642416
1361, 72269.44137948925
823, 72196.35743084172
1339, 71912.79751630937
201, 71711.5554574103
1229, 71612.45804258806
1295, 71485.04495802415
303, 71435.42003653283
982, 71319.64547798663
924, 71317.2737716005
916, 71122.98596809716
1243, 71122.93128192691
838, 71062.71279027613
822, 70986.19685742572
1107, 70894.10148693644
551, 70759.59599195841
263, 70730.4336827774
1070, 70655.80172994043
1071, 70655.80110316235
1167, 70508.61112723638
439, 70481.67833437459
8, 70229.82804554563
1042, 70210.68754274231
1203, 70207.1800414194
115, 70109.84732517516
1041, 69986.96909767242
943, 69935.37764464127
1194, 69674.97691437566
262, 69674.90096460833
906, 69627.61792013492
937, 69607.01504937012
121, 69559.22420901054
1072, 69514.36457808962
436, 69350.61222841634
735, 69335.79569105551
803, 69178.74452790423
1349, 69133.68361553851
1293, 69132.92036861963
1292, 69111.46311724524
944, 68758.930938718
1332, 68718.32077342643
1213, 68691.6569903754
1202, 68643.14876712227
1320, 68506.128124275
848, 68482.99735620187
945, 68379.63680783994
1114, 67788.38605049608
76, 67500.08547864978
462, 67297.69322227487
1291, 67263.7667464303
499, 67164.67768626085
87, 67038.36693713714
974, 66794.13490674723
532, 66682.07337662703
629, 66664.6925016261
1104, 66605.72853099802
1375, 66400.8736650131
52, 66181.1106724583
128, 65753.54747853031
678, 65703.94013882703
1252, 65472.82327892039
1068, 65440.74001564006
407, 65337.07433313795
324, 65323.01982335962
810, 65250.15990790742
1276, 65123.075288588065
294, 65090.21680645149
615, 64940.47756915644
406, 64927.120881215626
394, 64919.92280739563
243, 64525.74322330473
650, 64472.15504582885
329, 64457.359051724896
708, 64147.06790119895
1212, 64130.50880337589
1355, 64082.1975509473
392, 64081.36223181401
1359, 64067.54687450549
171, 63890.75287801794
341, 63760.93383562257
1261, 63647.24158407202
60, 63621.80957641905
843, 63505.07887357369
95, 63234.7982495116
355, 63199.679636067965
298, 63193.94308324979
1208, 63017.906394668455
603, 62993.78711511529
79, 62959.58067607895
1209, 62901.82479498101
1239, 62895.4992710973
144, 62816.21782708711
1206, 62709.613407495446
323, 62589.83902271986
859, 62531.83496444747
376, 62483.69572072687
716, 62434.60475713039
925, 62360.862434822
1047, 62300.01519398777
317, 62238.99139146456
736, 62204.47177428301
884, 62198.05213101558
447, 62152.39773825805
319, 62094.60032651767
1131, 62062.31324805575
610, 61992.74260586544
988, 61977.15165370001
100, 61939.34130049613
1257, 61922.442166193185
714, 61884.44788482136
101, 61809.53733664953
543, 61807.594727451135
472, 61779.567283601355
533, 61637.431704465904
979, 61623.54504768904
561, 61554.127460017306
1353, 61513.622050772334
1289, 61425.50578091007
82, 61425.50578091007
779, 61390.92613773984
723, 61304.69459536342
737, 61234.589986944935
1207, 61226.63986843887
671, 61074.66699453619
75, 61040.91942175178
1205, 60959.01916607539
1095, 60832.64003192566
1014, 60716.03621662107
907, 60595.92563037173
197, 60591.49263529522
1254, 60547.90839524904
385, 60179.568716570495
998, 59908.0418210167
1244, 59802.33647444384
715, 59793.000925085835
616, 59792.42379953766
677, 59786.393215252385
57, 59589.5141650388
797, 59586.193222035356
1327, 59577.273281469024
894, 59558.360476815185
1153, 59388.986692343125
1226, 59345.75638850694
489, 59321.687015700896
1045, 59172.055995908326
649, 58953.881752640234
585, 58892.58049691524
1053, 58886.7958941031
1033, 58866.02371826857
1335, 58833.57345342123
926, 58701.42295207355
375, 58441.51721988937
118, 58389.32542756337
652, 58325.852090331944
49, 58221.28623694219
9, 58203.724209447086
129, 58165.52813565634
931, 58036.62674751269
648, 58032.1246492738
393, 57855.505258603815
602, 57673.755916466806
448, 57403.05554594171
1402, 57304.79701802269
300, 57270.218145629624
1142, 57208.086765418295
1073, 57150.89865844245
1331, 57079.08321804296
935, 57071.913454771064
1385, 57018.97436936423
318, 56816.68305962007
1366, 56432.18806630486
181, 56188.87641869977
946, 56179.286715136644
1377, 56137.05635344658
573, 56078.96950162995
541, 56063.9739733784
590, 55970.443133794164
1038, 55871.8661311598
994, 55605.4439111077
1069, 55496.41956860887
126, 55344.30547421765
651, 55325.967100893
1259, 55242.449542033864
1260, 55123.38848588667
614, 55092.39487930995
639, 54955.751202394655
789, 54888.83936470727
147, 54853.43712431028
1357, 54723.86500038591
928, 54701.02248234088
680, 54682.44457062898
593, 54595.35954128505
888, 54529.611099906906
631, 54499.0600579893
997, 54319.164534905096
873, 54319.164534905096
50, 54240.91287025502
196, 54237.92059911442
1358, 54195.716934893804
1294, 54185.19240444699
837, 54144.003438989566
312, 54135.38054906868
182, 53992.773104031534
572, 53888.785176246725
199, 53879.46751657815
58, 53810.09758231992
1099, 53681.057545129464
97, 53586.5609950266
851, 53452.39005189486
989, 53433.86876183981
403, 53433.86876183981
1325, 53348.067269765445
453, 53334.994385571656
452, 53334.994385571656
127, 53318.52051607329
1143, 53215.68375058878
1165, 53090.21111132014
628, 52997.55005447475
936, 52981.42034262639
718, 52816.14359196057
1231, 52722.86871917163
844, 52678.22551973689
293, 52603.52681425667
1238, 52587.40531084148
849, 52510.877682221435
1089, 52469.06756198606
1164, 52443.133262465046
200, 52443.133262465046
549, 52434.69209388225
188, 52390.13962177693
1333, 52307.34611704542
202, 52188.27308835385
245, 52098.901757165
1258, 52067.734238292316
138, 51921.44572446672
402, 51875.89686419273
1161, 51854.57576921624
232, 51846.50191849582
1091, 51620.14291065842
1090, 51620.14291065842
591, 51598.58194170742
357, 51415.3200359606
214, 51330.590939818576
679, 51288.142006096125
875, 51141.70746022754
567, 51072.660266007006
744, 51044.464028465176
1134, 51043.035714878715
672, 51011.58737960926
1309, 50809.132706307566
1319, 50670.28795580668
493, 50661.79758895587
1048, 50631.31631602711
731, 50547.33456578693
457, 50531.80434711708
59, 50180.308567278786
763, 50159.40185114628
666, 50144.65679278534
405, 50100.609931802144
