1257, 100000.0
100, 99955.95886646042
714, 99900.94913964362
988, 99857.64776540973
610, 99817.20071151889
101, 99705.87651298
543, 99700.82167083098
1131, 99637.36132726319
472, 99627.91344028513
319, 99554.2559734727
447, 99406.04877112988
884, 99289.48489834435
736, 99273.13001398566
979, 99222.78994979554
317, 99185.33678840082
561, 99042.94401114792
1047, 99030.75222720244
1353, 98938.11735604116
925, 98877.39377634332
1289, 98710.36521724086
82, 98710.36521724086
716, 98692.56874249793
779, 98621.09632081045
376, 98570.15241058067
859, 98450.58987078638
723, 98398.75117704747
323, 98307.15431519314
737, 98218.26752248264
1207, 98197.81577323376
1206, 98013.12181438909
671, 97807.47992389865
75, 97720.95919712618
1239, 97562.45083312028
1209, 97547.23445298903
1205, 97511.22533435261
79, 97408.6598408274
603, 97326.89271227195
1208, 97269.3736735161
1095, 97188.25017786174
1014, 96890.96740707797
355, 96839.46165140429
95, 96757.12339591415
907, 96585.4545640222
197, 96574.19257790166
1254, 96463.51927540563
843, 96131.09053061283
60, 95864.83794451156
1261, 95807.1543486943
341, 95550.6891882391
385, 95531.95663373607
171, 95260.62575685304
1359, 94870.29292382025
998, 94849.51978607045
392, 94840.01583253153
1355, 94838.18622409273
1212, 94732.57045270123
1244, 94584.82202648695
715, 94561.47094244476
616, 94560.02751286849
677, 94544.9455875858
57, 94053.53923582996
797, 94045.26633115536
329, 94028.25160817466
1327, 94023.04822870354
650, 93996.78348741481
894, 93975.95226996597
243, 93883.10867702786
1153, 93554.95327067286
1226, 93447.72033381207
489, 93388.05505795675
394, 93060.98299741987
406, 93046.19605386796
615, 93018.77864478249
1045, 93017.75934204517
294, 92713.27459350642
1276, 92646.69077303665
649, 92479.75355117013
810, 92390.69390533441
585, 92328.99527808906
1053, 92314.77839549961
1033, 92263.73945519458
324, 92245.00987768543
407, 92216.99790938287
1335, 92184.04737894726
1068, 92011.27665574079
1252, 91947.92583319398
926, 91860.02330207362
678, 91495.94198542493
375, 91225.15026162345
118, 91098.0428411606
652, 90943.63188105439
49, 90689.66499739702
9, 90647.06068046838
52, 90586.4202499922
931, 90242.40902298177
648, 90231.5244020455
1375, 90177.90342568884
393, 89805.25392001882
1104, 89802.80009519083
629, 89695.83516443345
974, 89462.56671838106
602, 89368.1001857483
87, 89028.1469772616
499, 88806.35423782225
448, 88719.79623809717
1291, 88633.71219324826
462, 88574.87297902782
1402, 88485.29997421175
300, 88402.88074361297
1142, 88254.92558540044
76, 88226.69608595874
1073, 88118.89604391971
1331, 87948.28223274164
935, 87931.26158593791
1114, 87738.96726335271
945, 86767.91787183695
848, 86602.06130935512
1366, 86421.83822387077
1213, 86270.66849953147
1332, 86228.64811941273
944, 86164.79023660047
181, 85852.51072335895
946, 85830.12498831222
1377, 85731.59247058886
1292, 85617.50721402385
573, 85596.19096025884
1293, 85584.5995313648
1349, 85583.42982791987
541, 85561.2600842465
803, 85514.47464321175
590, 85343.60922485348
735, 85275.70674488173
436, 85253.30532890954
1038, 85114.62851378527
1072, 85007.13862678078
121, 84940.15096242838
937, 84868.99701060074
906, 84838.38903028097
262, 84768.29623139072
1194, 84768.1838124246
994, 84497.87737367784
943, 84385.91288406526
1069, 84246.37723263238
115, 84133.28468982481
8, 83961.15448519215
126, 83896.33072352137
651, 83854.19731184225
1259, 83662.49318651058
439, 83604.00494530745
1260, 83389.71841115202
1071, 83360.32600960258
1070, 83360.3251371598
614, 83318.80961342512
263, 83256.67994901312
1107, 83031.04497138533
639, 83006.67580034393
822, 82905.07257382994
789, 82854.11853875926
838, 82800.94815282575
147, 82773.47897609028
916, 82719.26841774763
1357, 82478.7896150194
924, 82458.00396370231
982, 82454.833622889
928, 82426.91163273499
680, 82384.73525216608
1295, 82234.8543223865
888, 82038.31630060065
631, 81969.1854386923
201, 81937.12565568041
1339, 81675.97058994642
997, 81562.90904548991
873, 81562.90904548991
50, 81386.60626578437
196, 81379.86966436979
823, 81313.24436146514
1358, 81284.89473048644
1294, 81261.22189177269
837, 81168.61966963802
312, 81149.24234063052
1420, 81130.13835500924
542, 81002.67619329884
539, 81002.67619329884
261, 80876.04012757086
182, 80829.22151835985
721, 80762.31926929497
627, 80694.1408848152
572, 80596.39475103786
199, 80575.55444591376
58, 80420.51066969101
760, 80264.04147975956
722, 80240.01939994298
1099, 80132.62778345536
301, 80131.63128835503
97, 79922.24216546009
893, 79748.25967796938
1215, 79649.09739609185
959, 79635.79162545424
851, 79624.15180266423
35, 79590.81666007206
989, 79583.06021335351
403, 79583.06021335351
941, 79582.87679514941
1233, 79467.52036481374
1325, 79392.8815762515
453, 79363.93180007154
452, 79363.93180007154
127, 79327.4604362406
1143, 79100.03924933264
1165, 78823.13772134912
378, 78811.96268000979
628, 78619.05391980089
936, 78583.56385825892
1220, 78562.28835235181
718, 78220.50767927992
952, 78033.5535236647
1231, 78016.09689980315
844, 77918.38458525462
293, 77755.06596203615
1055, 77727.13731354295
1238, 77719.84756636515
767, 77679.45164545084
849, 77552.8090174111
1089, 77461.64718345419
1164, 77405.13539558974
200, 77405.13539558974
549, 77386.74751861476
578, 77333.79561391614
188, 77289.74299520257
1333, 77109.68400437718
950, 77005.79830226023
202, 76851.19781024364
292, 76838.602315938
738, 76835.78647785328
245, 76657.55457327669
1258, 76590.09671293231
911, 76472.52196496869
138, 76273.98265242999
402, 76175.72686277125
1161, 76129.76179774047
232, 76112.36041211283
996, 76064.85429933212
336, 75911.7399259267
377, 75713.09238426884
1091, 75625.52438584517
1090, 75625.52438584517
440, 75590.83314754884
591, 75579.25621633176
265, 75559.6471080141
296, 75530.73629488557
559, 75491.30953774184
66, 75433.08125738135
1154, 75408.15114157353
357, 75186.71468621398
1275, 75120.95262011702
214, 75005.66451591025
755, 74994.049510253
679, 74915.06272846356
875, 74603.0465844426
567, 74456.20812820262
744, 74396.297169662
1134, 74393.2631153353
1151, 74067.22363704038
1309, 73897.44707303532
1319, 73604.11076898754
1021, 73592.14210273825
493, 73586.19683721286
624, 73560.99923632579
1048, 73521.90639643779
1050, 73415.15729815076
731, 73344.9548149376
457, 73312.26131872142
1156, 73106.1131467726
1049, 72982.92567072724
664, 72903.4616047977
344, 72839.98523676961
59, 72574.72401687189
763, 72531.00109158106
666, 72500.17402471107
1064, 72453.42608928117
431, 72429.27869302854
405, 72408.13464229245
1098, 72391.2977845619
1022, 72313.9818698018
1163, 72309.43912256938
1054, 72012.45537095924
657, 71981.839973299
175, 71960.96623783874
732, 71849.13017851669
630, 71848.94251990678
726, 71824.20047503381
839, 71725.71135036183
280, 71670.28170204924
1250, 71645.95347001283
1024, 71267.48596053974
1023, 71267.48596053974
1237, 71267.48257096509
1087, 71182.09084478764
522, 71081.14363357879
340, 70971.96462997851
342, 70837.14662188443
31, 70693.01800177542
547, 70579.18781310179
548, 70560.69187232957
874, 70468.91297829807
1129, 70396.8626292477
1127, 70338.25257190315
806, 69876.2629507438
1372, 69821.56815590237
966, 69697.32592246064
707, 69682.43803923244
880, 69562.15954906774
234, 69523.65005650358
1182, 69516.08841656896
1178, 69516.08841656896
887, 69397.22981546538
1181, 69390.58850798472
1180, 69390.58850798472
1179, 69390.58850798472
1177, 69245.00317255434
948, 69155.37746993432
247, 69151.25841541385
896, 69073.09092450087
990, 69049.26534367626
746, 68891.75174043186
327, 68823.45539797757
1005, 68805.64538681098
669, 68760.4733085159
747, 68673.24164180309
1097, 68402.30761660945
198, 68322.4443808389
758, 68267.43936758497
995, 68262.78584160797
207, 68040.71317945787
287, 68002.99488743473
386, 67997.35667221212
587, 67857.18151838225
203, 67855.50841605889
787, 67829.65967875805
883, 67707.89504932561
788, 67641.59801571029
1214, 67584.48724395716
599, 67581.83398886793
132, 67437.1823221573
328, 67434.77499882721
1096, 67295.0816073037
371, 67271.30648853646
766, 67256.47050840277
1000, 67247.28763880166
566, 67212.83530904239
282, 67146.27478141367
863, 67107.72696956123
1340, 66870.37497767837
1116, 66858.18462482332
1416, 66687.3534429545
1354, 66680.99715591969
1374, 66439.54894643447
1198, 66422.81304318119
1195, 66416.07151313643
1322, 66377.67072561785
586, 66020.48882796083
1387, 65983.67501980135
1386, 65895.10666838578
1197, 65690.48367837902
1196, 65621.77890281477
938, 65612.95275730702
511, 65556.93775471326
1298, 65482.83505924922
1311, 65335.26623909088
206, 65267.78358220351
638, 65254.242932543406
225, 65254.242932543406
482, 65048.74739303058
658, 65029.51021497936
1380, 64954.672962817225
821, 64952.684892443394
1130, 64759.686294179475
1146, 64721.17277420908
96, 64545.27403370285
660, 64494.63234002758
1093, 64459.86170512506
510, 64459.86170512506
774, 64425.51912243921
773, 64425.51912243921
733, 64317.21065283561
316, 64232.008112371564
1124, 63682.16689498826
910, 63674.57342321031
1351, 63596.941856361045
32, 63386.98270973686
1158, 63328.735273689985
1303, 63317.499229770525
588, 63260.10030669808
1128, 63123.517269392825
1305, 63095.48416015383
784, 63042.505124017334
337, 62895.20812557059
1367, 62877.575643014825
383, 62867.49992204693
1007, 62856.50166198566
314, 62840.80705486855
1249, 62737.935348963314
951, 62295.906005060984
520, 62112.178614803706
632, 62109.823773210934
117, 62010.211557839444
1242, 61922.442166193185
1241, 61922.442166193185
351, 61850.812795859114
1150, 61631.68856435135
881, 61599.44230248746
174, 61560.833566204565
942, 61469.571755371835
953, 61060.81380131016
297, 61060.81380131016
1185, 60856.00318631836
1297, 60810.83879308897
1211, 60798.6210710698
91, 60773.41877239074
163, 60620.78769945432
7, 60591.979483606585
1269, 60494.20350941138
1251, 60483.878986283176
92, 60386.41828852369
933, 60341.082918530374
1324, 60221.867916724645
980, 60204.638426490856
917, 60203.07366536097
1284, 60101.23717511131
626, 60098.383527064536
1360, 60085.59875937471
1118, 60003.146397642806
595, 60003.146397642806
34, 59959.10814188779
1296, 59958.665557627355
1392, 59813.81909742195
339, 59793.904616679814
1268, 59741.796808782514
0, 59738.61070893847
458, 59660.89439398781
668, 59638.20868691472
490, 59623.888259619474
1145, 59365.781373927886
1115, 59315.0161039111
1025, 59069.304551155554
1352, 58965.80262028225
524, 58944.103487781904
1, 58919.19750070761
913, 58807.71680515997
734, 58770.00866391575
443, 58562.17642960962
119, 58465.13912737862
208, 58396.13488221727
33, 58333.040516578585
284, 58331.26306984252
895, 58285.73568380322
778, 58206.61635010083
688, 58170.00182540503
686, 58072.509461957925
753, 57999.82632459837
1336, 57896.212723382254
71, 57876.01934839309
1230, 57745.7844252087
882, 57714.50784188069
389, 57622.716031156204
687, 57620.443339098514
213, 57605.37173627344
148, 57525.5424213327
1411, 57508.91134055893
892, 57502.439210858014
1350, 57437.24375892361
973, 57394.01588188166
665, 57392.197537261905
804, 57356.94293591276
387, 57334.66996646067
785, 57330.233447187995
1125, 57325.44475739668
1364, 57266.25575405856
1394, 57218.14795682129
162, 57007.188273203545
120, 56973.42359072021
388, 56960.43033048302
625, 56927.60607523274
805, 56881.43885094924
918, 56876.946409933684
550, 56791.81201747678
608, 56725.38555236062
592, 56665.671259810115
1368, 56608.39162998779
109, 56564.820403182595
912, 56436.995692703196
1265, 56406.82574055266
1126, 56373.6669449387
70, 56354.27212040707
283, 56324.51563753558
965, 56268.45553635294
1267, 56265.30804144816
1301, 56262.39364387875
964, 56261.101649575976
963, 56261.101649575976
