1293, 100000.0
1349, 99998.40307866367
1292, 99955.11056878135
803, 99904.27596355858
735, 99578.54366462909
436, 99547.99886912794
944, 99219.37617634276
1072, 99212.52267267052
1332, 99134.83741234253
121, 99121.28801675061
1213, 99079.35508047431
937, 99024.40534496034
906, 98982.73808935101
262, 98887.33824085239
1194, 98887.18525405384
848, 98645.83063250537
945, 98431.51287865308
943, 98367.35750371544
115, 98024.25130927419
8, 97790.66801158381
439, 97306.5135523963
1114, 97211.00879621353
1071, 96976.56955474424
1070, 96976.56837401103
263, 96836.32712310406
76, 96619.22253903504
1107, 96531.21958741554
822, 96360.99477842795
838, 96220.35621523028
462, 96205.07896202813
1291, 96135.76186604261
916, 96110.07331094972
499, 95933.47915862399
924, 95757.55411005531
982, 95753.27864154536
87, 95675.99581758064
1295, 95456.74767285377
974, 95179.30471162092
201, 95055.81695431627
629, 94916.684919231
1104, 94797.19883628299
1339, 94704.52125164685
1375, 94382.77079320754
823, 94217.19003996179
1420, 93971.44478762499
52, 93939.37953593837
542, 93800.48236184737
539, 93800.48236184737
261, 93630.71212237862
721, 93478.32764563091
627, 93387.00188692177
678, 92980.88527723853
760, 92811.43771860938
722, 92779.31951550496
301, 92634.43889448821
1252, 92518.71457386506
1068, 92454.6633140416
407, 92247.88149644199
324, 92219.86778433276
893, 92122.48263256272
810, 92074.72156153513
1215, 91990.18515453192
959, 91972.43712836012
35, 91912.45365224648
941, 91901.86527990154
1276, 91821.8714989178
294, 91756.56142895218
1233, 91748.06619274712
615, 91459.27894324351
406, 91432.78864211611
394, 91418.5145569907
378, 90875.35181218867
243, 90638.80750900974
1220, 90543.55571614203
650, 90533.10497888301
329, 90503.93243376886
1212, 89860.87506459767
952, 89841.97243165228
1355, 89766.04872932206
392, 89764.40965145662
1359, 89737.3033986252
1055, 89436.04393717852
171, 89390.83993317177
767, 89372.91513456438
341, 89136.92024903321
578, 88915.66602138733
1261, 88914.8815414401
60, 88865.25643008035
843, 88637.68328157796
950, 88482.34233689157
292, 88261.66806336518
738, 88257.9527909639
95, 88112.02453825907
355, 88043.85339636386
911, 87778.9936491086
1208, 87691.47641717346
603, 87644.77972927448
79, 87578.57755376722
1209, 87466.86227423912
1239, 87454.63189145635
996, 87242.29009572089
1206, 87095.6504853988
336, 87040.92993114899
323, 86864.78118450816
377, 86779.86666609904
859, 86753.09946228012
376, 86660.47249737283
440, 86619.29268499037
265, 86578.34540228616
716, 86566.07113953533
296, 86540.38989532478
559, 86488.63537679848
925, 86424.37328421936
66, 86412.21497098495
1154, 86379.50124703688
1047, 86307.551009938
317, 86190.47803608423
736, 86124.29193899692
884, 86111.98636782194
447, 86024.50135290869
1275, 86002.86127181706
319, 85913.81811622238
1131, 85852.02209655328
755, 85836.56993366432
610, 85718.9507419026
988, 85689.14480137438
100, 85616.884832651
1257, 85584.5995313648
714, 85512.03715228137
101, 85369.07082224613
543, 85365.3651213579
472, 85311.91014348285
979, 85014.67611523368
561, 84882.61398168678
1353, 84805.60739756023
1289, 84638.21830892551
82, 84638.21830892551
1151, 84624.53832700608
779, 84572.579050122
723, 84409.0154559922
737, 84276.16910158249
1207, 84261.11106563655
1021, 84004.93781597378
671, 83973.54725934444
624, 83964.36087346474
75, 83909.76272918895
1050, 83774.40382798917
1205, 83755.0771397837
1095, 83516.6887223535
1156, 83372.2299445961
1014, 83297.06681411718
1049, 83212.05327849115
664, 83108.76894491886
907, 83071.16772722463
197, 83062.83668668383
344, 83026.28744719153
1254, 82980.95178123083
1064, 82524.42430536673
431, 82493.09885356219
1098, 82443.83361137552
1022, 82343.56889623113
385, 82290.66544829492
1054, 81952.82768457335
175, 81886.14925441613
998, 81783.79555583095
1244, 81586.92466644016
839, 81581.66152246225
715, 81569.54985878506
616, 81568.47580951682
677, 81557.25314924715
280, 81509.9595057451
57, 81191.32189066135
797, 81185.1569034019
1327, 81168.5991891737
894, 81133.4980806386
1024, 80989.37284782458
1023, 80989.37284782458
1237, 80989.36847040283
1153, 80819.50942802742
522, 80748.80929341257
1226, 80739.47168816235
489, 80694.92722302448
340, 80607.94145520512
1045, 80418.3014673248
547, 80101.64877536765
548, 80077.82609250872
649, 80015.85754529254
585, 79902.97276758353
1053, 79892.32489041523
1129, 79866.88833300606
1033, 79854.09512642621
1335, 79794.39188931296
1127, 79791.45723524997
926, 79551.49850123702
806, 79197.46787362825
1372, 79127.21503038451
375, 79074.92171731632
118, 78979.4004942439
966, 78967.68632904733
707, 78948.57516189969
652, 78863.31294765948
880, 78794.21678126695
49, 78672.26443268143
9, 78640.2011230446
887, 78582.67074400229
931, 78335.46778158739
648, 78327.26585755561
896, 78167.3037025572
990, 78136.79271558543
393, 78005.85142882791
746, 77935.15083584425
327, 77847.75852211239
669, 77767.18650556826
602, 77675.81421087425
747, 77655.62430620386
1097, 77309.35800329392
198, 77207.35721997647
448, 77185.58675709287
758, 77137.12322217149
995, 77131.18197054867
1402, 77008.03845003314
300, 76945.60592554658
1142, 76833.49210907686
1073, 76730.37206025545
587, 76613.74266488758
1331, 76600.97649701907
935, 76588.06428069955
883, 76423.49519426384
599, 76262.92976226182
1096, 75897.97635872554
766, 75848.86589290311
282, 75708.74467768469
1366, 75440.41438384593
1340, 75358.1767854611
1116, 75342.69576888069
181, 75006.21721170974
946, 74989.12988231523
1377, 74913.9053153378
1374, 74811.48798400247
573, 74810.49754839536
1198, 74790.26929210327
541, 74783.81372740849
1195, 74781.722392803
590, 74617.48761372479
1038, 74442.38823466995
586, 74280.58577399365
1387, 74233.98709385592
1386, 74121.90447965065
994, 73970.17635863801
1197, 73863.09933932658
1069, 73777.37014601046
1196, 73776.2471933982
511, 73694.29992238745
1298, 73600.67239541
126, 73508.77762170054
651, 73476.42972108882
1311, 73414.29986172648
1259, 73329.19818889307
1260, 73119.55951705587
614, 73065.03551515416
658, 73028.47539057136
1380, 72934.1084528954
821, 72931.60193576782
639, 72824.89016747451
789, 72707.437080478
1130, 72688.36307968159
147, 72645.33167514777
1146, 72639.84519060531
96, 72418.34433710291
1357, 72418.24759362743
928, 72378.25055269532
660, 72354.6009779911
680, 72345.72875781788
1093, 72310.8417904327
510, 72310.8417904327
774, 72267.62695456663
773, 72267.62695456663
888, 72078.45487805156
631, 72025.08528846207
316, 72024.22802744085
997, 71711.21577903246
873, 71711.21577903246
50, 71574.89523207552
196, 71569.68495583601
1358, 71496.21761266244
1294, 71477.90239816828
837, 71406.24551771276
312, 71391.24858442064
910, 71324.07781535202
1351, 71226.68767571021
182, 71143.44633270227
32, 70963.43314547047
572, 70963.01338444589
199, 70946.85676991138
1158, 70890.43729172224
58, 70826.62647177506
1128, 70633.38520647225
1099, 70603.23797161448
784, 70531.96570076063
97, 70439.86427589536
383, 70312.98148757573
1007, 70299.2241740661
851, 70208.20917724741
989, 70176.25956464253
403, 70176.25956464253
1325, 70028.34069379202
453, 70005.81654271352
452, 70005.81654271352
127, 69977.4375198309
1143, 69800.4076029252
951, 69598.7502232354
1165, 69584.69940602065
628, 69425.60298165465
936, 69397.92634116442
117, 69242.33828173633
1242, 69132.92036861963
1241, 69132.92036861963
718, 69114.63195089911
351, 69043.65021279399
1231, 68954.9945409098
844, 68878.65043747019
293, 68750.99753055268
881, 68730.56269799989
1238, 68723.46203052218
849, 68592.82360247076
1089, 68521.49982536923
1164, 68477.27604327153
200, 68477.27604327153
549, 68462.88484713783
188, 68386.95160046249
1333, 68245.94672377195
953, 68060.6839953748
297, 68060.6839953748
202, 68043.39282297427
245, 67891.5485532213
1258, 67838.63124133946
1297, 67750.25644199114
1211, 67735.0915199623
91, 67703.81203447442
138, 67590.51362792283
163, 67514.43927782132
402, 67513.3450507738
1161, 67477.2370270879
232, 67463.56601224623
1269, 67357.46570882728
1251, 67344.66583927395
92, 67223.86296236653
933, 67167.68465671882
1091, 67080.80589031035
1090, 67080.80589031035
591, 67044.39996405393
917, 66996.7262739654
626, 66867.10078926574
1118, 66749.22402755168
595, 66749.22402755168
357, 66735.32758599981
34, 66694.73128458906
1296, 66694.18367842192
214, 66592.65324296028
679, 66521.226619084
1392, 66515.01501682446
339, 66490.38928708798
1268, 66425.96281621922
875, 66275.09807509505
567, 66159.18754973113
744, 66111.88073488815
1134, 66109.48476305517
1309, 65717.6496728315
1319, 65485.556771491225
493, 65471.376338796836
1352, 65468.00379632526
524, 65441.25633809813
1048, 65420.47860176029
731, 65280.33813624174
913, 65273.188838321104
457, 65254.43770755466
443, 64970.828637824394
33, 64688.91918357723
284, 64686.733306601105
59, 64669.47074346072
763, 64634.751876897164
895, 64630.74936603285
666, 64610.27042736986
405, 64537.16346828251
688, 64488.47705555267
1163, 64458.747082983704
686, 64368.67683138587
657, 64198.29359796298
1336, 64152.15118928511
732, 64092.711412273806
630, 64092.56208371388
726, 64072.87296670351
1230, 63967.509498659194
1250, 63930.98506427834
882, 63929.132387917816
389, 63816.527512330176
687, 63813.73999458061
1087, 63561.38526701483
973, 63536.139075744926
804, 63490.70983361974
387, 63463.41952417415
785, 63457.98387918721
1364, 63379.60809535497
1394, 63320.68601829592
342, 63286.20361463811
31, 63171.139367313364
162, 63062.42886890461
388, 63005.215212319585
874, 62992.127228639394
625, 62965.056960547816
805, 62908.58280163968
918, 62903.087931855116
550, 62798.97430886464
608, 62717.76214835483
912, 62365.41318336975
1265, 62328.57399371528
1126, 62288.090031889275
234, 62235.73237576773
1182, 62229.672894817435
1178, 62229.672894817435
283, 62228.089816792155
965, 62159.66926351706
1267, 62155.82821411575
964, 62150.695008695824
963, 62150.695008695824
1181, 62129.08401294397
1180, 62129.08401294397
1179, 62129.08401294397
962, 62123.769029542455
1141, 62055.75689732433
1138, 62055.75689732433
1177, 62012.34883404113
521, 61975.332589535894
948, 61940.45845481857
247, 61937.15402024257
1140, 61868.80741642192
954, 61823.1365227663
1139, 61775.6311275334
914, 61664.43402107118
1005, 61659.74605761514
1338, 61629.306229716705
1337, 61629.306229716705
1218, 61582.793127156765
1219, 61561.9044787189
646, 61320.64662928367
400, 61158.54198173993
505, 61045.48485755052
207, 61044.73915327403
1393, 61019.89030655708
287, 61014.37679197856
386, 61009.83786046007
879, 60975.98218819029
878, 60975.98218819029
77, 60973.056881715114
203, 60895.62032324184
787, 60874.80140296354
23, 60852.615127433986
308, 60802.70182836872
788, 60723.28502127842
1214, 60677.2553013723
24, 60659.133205341495
132, 60558.494855755605
328, 60556.55357960671
371, 60424.698770516115
1000, 60405.31950778626
25, 60390.03767196749
566, 60377.51968284146
863, 60292.68911920842
1391, 60271.69546059051
333, 60036.37785142571
684, 60013.67795306614
1416, 59953.145187940936
1354, 59948.007772826924
321, 59825.48417104253
84, 59819.742125800316
1266, 59729.503238064186
1322, 59702.731737265676
1092, 59613.93639165355
685, 59557.5679711244
975, 59539.353596946
506, 59528.306271006935
976, 59509.031763751416
635, 59507.91728533672
634, 59507.91728533672
1186, 59449.920757451604
682, 59346.055167446655
725, 59264.409575972684
683, 59105.3689968791
938, 59083.363235018325
1341, 58950.34818700109
1006, 58916.67024676076
681, 58806.08015338725
206, 58803.3292881239
638, 58792.337849811986
225, 58792.337849811986
482, 58625.47417470539
818, 58620.685218976345
529, 58339.19332873118
508, 58171.616343228205
842, 58112.237407215995
