1308, 100000.0
1148, 99880.04686202983
712, 99662.27451876977
1144, 99597.3914884112
754, 99576.75945659215
291, 99353.35406951675
396, 98991.964987916
44, 98991.964987916
3, 98695.25442454412
2, 98695.25442454412
1246, 98546.94533312264
811, 98518.39837629993
416, 98424.36430383801
348, 97673.06462544578
425, 97658.89079998544
411, 97625.36598398666
350, 97597.6785729877
426, 97490.14942692762
414, 97490.14942692762
1100, 97386.89775877752
352, 97323.69703838971
479, 97287.9152961626
422, 96979.35295458943
413, 96979.35295458943
219, 96913.89955624305
955, 96811.84548305601
609, 96223.35165679685
692, 96197.18932933005
412, 96182.02867760736
239, 96098.68883693761
21, 96098.68883693761
984, 95788.46053051355
633, 95771.31379153361
480, 95735.92990195107
799, 95339.48737667015
798, 95339.48737667015
845, 95311.54496068865
364, 95201.05466790075
1318, 95181.6404838227
1117, 95129.12029564394
1020, 94997.80533309291
363, 94895.58936223252
636, 94851.44725791363
15, 94623.31194318527
428, 94553.4296828324
751, 94084.13470982763
987, 93906.13315256107
985, 93906.13315256107
750, 93859.37151979326
986, 93551.76056750097
1084, 93061.81111030957
1082, 93061.81111030957
382, 92946.64462908861
1299, 92861.20285579383
4, 92754.13925482261
1103, 92602.34867603367
137, 92529.0394827581
112, 92511.83562230639
470, 92366.72892368794
65, 92306.74788411817
62, 92306.74788411817
179, 91883.51652586201
1312, 91777.44207843389
812, 91724.58235732286
1419, 91455.90520961481
1379, 91386.85980056002
136, 91281.4936575143
102, 91277.96909607534
41, 91243.57205478057
612, 91089.56352272465
189, 91069.99242248821
813, 90692.08966107802
435, 90685.93109118505
135, 90304.49690148956
961, 90209.98662650873
1236, 90163.53584172108
176, 89910.20571242401
46, 89799.2391425727
513, 89499.52064270765
11, 89451.59103045818
473, 89417.67350458048
1192, 89381.21884215185
20, 89351.59997731457
461, 89047.00142188976
246, 88426.7510545002
242, 88395.38570207501
544, 88375.7815106195
662, 88275.07646990288
698, 88107.96201481723
1286, 88057.17114262612
663, 87955.57443672072
1149, 87899.78119532886
217, 87834.84697541998
156, 87710.98164049449
1193, 87606.7912999279
1285, 87562.92806846557
1362, 87270.8629899422
358, 86946.1004963517
272, 86330.0285214308
613, 85983.79688804355
1348, 85786.82647669986
1255, 85760.51245318766
1413, 85606.2201499115
795, 85275.01519287443
177, 85222.3992545072
643, 85179.51042284015
108, 84876.04408751143
251, 84795.87391150599
512, 84676.1902416023
915, 84464.11403295628
55, 84192.39375641292
697, 83894.72687076552
695, 83556.2419480613
791, 82883.92553611429
39, 82857.97150416712
1262, 82378.47923843148
427, 82216.63786835637
421, 82081.34757955607
575, 81888.29112203984
656, 81868.45989559253
775, 81660.72506639748
694, 81566.50344776745
691, 81528.11246958638
40, 81367.44543280991
606, 80747.8874880542
1381, 80646.86890984785
908, 80030.53577883876
459, 79651.18976017277
705, 79532.17005851485
703, 79532.17005851485
696, 79328.17280290248
518, 79127.47265046705
1036, 78516.85088494667
285, 78369.9471544568
706, 78324.85047135223
1280, 78281.66053760976
693, 78227.10922511056
169, 77564.01269392147
1067, 77523.75284638107
158, 77145.6539195571
157, 77145.6539195571
218, 76870.0160431766
170, 76851.94357263611
53, 76851.94357263611
88, 76737.91348189008
1240, 75912.41656480741
1152, 75704.60397888017
210, 75474.47013658696
146, 75474.47013658696
159, 75031.10928025717
160, 75022.06706603341
161, 75015.87271355002
216, 74980.3959034567
782, 74796.38670126736
594, 74548.57674221805
704, 74257.3613954125
702, 74257.3613954125
1173, 74120.96575767228
305, 74079.48881022018
1170, 73760.19336537637
620, 73678.27750231301
164, 73521.08920356147
1389, 73223.96989265854
604, 72833.05215545275
180, 72768.51821630797
653, 72658.40941859088
330, 72503.15712464324
1043, 72479.97710079157
249, 72195.87391686601
209, 71913.19212590682
460, 71814.24427477752
1264, 71745.17964127258
1263, 71745.17964127258
192, 71569.20290627713
191, 71569.20290627713
749, 71559.1497008823
905, 71369.39869576618
899, 71369.39869576618
619, 71365.7722635815
194, 71364.27013657617
699, 70541.26834014792
1058, 70440.66404419618
444, 70124.54875519301
366, 70111.42163123368
1401, 70020.79114030875
759, 70010.11792652043
556, 69931.57910249721
172, 69910.14855225554
397, 69796.55995832068
835, 69782.00951341052
600, 69724.02147276275
1002, 69665.57827547679
545, 69652.73652545881
398, 69629.80141596218
1403, 69490.38426782037
228, 69461.3708550619
500, 69118.97285405119
504, 69004.86864082176
61, 68947.36197132018
250, 68770.94407834306
645, 68669.34412218958
644, 68669.34412218958
63, 68669.34412218958
64, 68530.50817523901
868, 68085.75632648938
309, 67367.40024335354
270, 66571.8761681505
268, 66571.8761681505
1044, 66050.97854292509
1398, 66023.55688735312
834, 66005.22141898407
1382, 65988.38710276122
659, 65820.2990519632
1028, 65584.86996206632
424, 65404.179710352415
423, 65389.497054826876
471, 65273.43418051631
418, 65249.999114741855
1136, 65215.12883214078
1313, 65191.38955370431
1057, 63999.07532080526
558, 63879.9519549224
134, 63754.45061595966
1414, 63698.53764553391
238, 63653.7464620539
1076, 63629.648764264566
1075, 63458.872429663585
840, 63417.22575826967
546, 62771.2674086878
399, 62393.69550282499
701, 60797.832484915925
43, 60493.87349605783
45, 60474.358201924195
745, 60258.29824625235
830, 59787.275033242324
920, 59000.51037010351
1302, 58962.42423443536
93, 58801.03965799344
142, 58753.01229878509
19, 58511.9034349412
1334, 58165.6098195822
1199, 58138.86598892588
5, 58068.72928893785
503, 58046.69448196292
919, 57969.73420610816
369, 57676.94275430975
1003, 57536.588157800616
1373, 57508.27202842915
1147, 57493.16175932961
464, 57493.16175932961
1004, 57464.13731915615
145, 57442.22936299293
353, 56869.894987824344
1035, 56817.218073340046
661, 56549.43357549485
1029, 56515.63381575383
516, 56093.36117365543
269, 55986.84033580801
6, 55919.64805399483
1172, 55790.4093758534
74, 55688.81625151869
133, 55024.943262008084
932, 54781.50210896618
141, 54439.35596153542
690, 54429.06938480057
502, 54353.612148696295
765, 54339.331214110134
515, 54339.331214110134
514, 54339.331214110134
123, 54283.82317600829
1060, 54266.99921155668
739, 54220.66042009941
740, 54188.4643507336
1162, 53837.68621334929
829, 53837.68621334929
481, 53831.55724970123
828, 53739.63776336035
654, 53705.05566327413
1080, 53481.97406856533
1314, 53402.40024928993
274, 52542.78256889578
271, 52542.78256889578
1077, 52430.16191284778
1396, 52336.25748252327
1245, 52050.6852279505
227, 51646.183895594964
362, 51243.97936624906
1074, 50874.48270994026
256, 50724.82243187355
831, 50527.20769118353
796, 50130.576491087864
852, 50078.034894703495
273, 49934.37428384664
794, 49832.97063831172
1190, 49633.79187986807
674, 49617.38975136156
1188, 49614.99246781051
139, 49577.818074579016
1404, 49555.108602275664
1228, 49543.2649904974
865, 49543.2649904974
1317, 49467.943598151134
815, 49448.86300397805
501, 49270.71235595011
1344, 49000.34542914865
1039, 48710.8328959649
1061, 48612.46975148781
700, 48424.04719369087
866, 48342.48614489478
302, 48316.403875507254
673, 48282.474781771016
992, 48278.10333594798
860, 48194.21397850749
562, 48183.91532959251
1085, 48169.564735072454
564, 48120.24278567463
451, 48029.87714788308
1234, 48028.77802599104
1086, 48022.77589969316
1399, 47950.964287236035
1288, 47540.94227132001
1397, 47505.30299515534
1109, 47477.346832003
1081, 47463.845398196274
1110, 47294.41631160525
1108, 47294.41631160525
607, 47194.65174166547
1101, 46833.52219518915
151, 46788.82467057413
401, 46742.29205692176
1395, 46728.756253952655
861, 46709.47658646244
124, 46651.17078966801
149, 46650.70907259785
264, 46219.77426943881
1056, 46206.704449359146
922, 46069.46715928
1106, 45896.94268659736
1105, 45896.94268659736
1102, 45896.9420078309
409, 45786.64431129668
391, 45772.036468693324
155, 45731.749257736374
1400, 45667.39040964135
1088, 45653.18670863742
1232, 45639.413324444664
437, 45605.60728997554
1018, 45581.54666607166
154, 45581.54666607166
571, 45433.34315415118
709, 45320.02118968386
554, 45285.32126032768
555, 45200.28382194874
855, 45136.17456440543
454, 45130.61137244655
1059, 45097.21797647613
856, 45061.29493459513
854, 45061.29493459513
442, 44880.117638967975
233, 44805.18651985675
1113, 44805.08697846228
1323, 44338.05613602378
168, 44149.49720851613
26, 44014.4740894126
434, 43960.608806911834
390, 43941.09118826127
72, 43867.26311010943
553, 43814.90945491862
419, 43756.1988619117
417, 43684.32405626006
167, 43684.1029849534
267, 43677.42624059706
1027, 43431.57105685638
410, 43409.764168488306
993, 43205.1008029301
187, 43110.20641594164
42, 42774.429952538296
647, 42683.393527231085
903, 42681.68865825487
1410, 42634.70231233178
122, 42596.420282244035
1300, 42595.6192035421
574, 42577.97839506923
1015, 42513.76734008673
968, 42301.383799078496
1016, 42095.551569014555
1409, 42071.20850401561
1065, 42071.20850401561
85, 42071.20850401561
1408, 42062.87378414405
1407, 42059.53397621295
601, 42058.489584839095
86, 42029.32217458357
441, 41795.806578642405
1017, 41768.32141383647
783, 41601.321615242734
802, 41570.21059409539
801, 41570.21059409539
346, 41561.72577845975
970, 41393.30166296423
304, 40878.31790549803
1191, 40847.39372805897
1189, 40705.45665504991
565, 40586.65699354622
762, 40474.73332053074
772, 40427.90541236279
1066, 40404.11052723529
776, 40211.85563651415
1287, 40135.63659844793
420, 40030.6591521253
969, 40016.04283277245
415, 39964.9973604212
1155, 39930.41685845402
972, 39823.104656544965
967, 39823.104656544965
361, 39818.910211881004
1346, 39738.26679715102
853, 39732.542507549195
583, 39364.448348732796
222, 39051.10773490285
367, 38857.3126003645
116, 38576.22148521904
347, 38553.739009353696
858, 38508.34752485833
1290, 38358.76334535382
827, 38332.62804002059
1040, 38235.89124483489
971, 38000.465690265366
846, 37956.09349496277
517, 37955.48134580358
1342, 37901.30940197464
540, 37784.49964777619
1204, 37724.35777662252
495, 37592.29802291292
1201, 37563.53661421669
433, 37552.937059533615
204, 37549.93243322796
488, 37491.54337632207
509, 37475.80841660108
930, 37427.03057025041
277, 37356.414442235895
1274, 37347.004184818776
252, 37307.08998121954
1200, 37153.27395244446
1169, 37071.20112023769
885, 36706.07397228919
1224, 36680.615109544524
867, 36625.791553554474
781, 36608.8641633805
153, 36596.23639729614
231, 36428.39336881414
30, 36316.59919932175
220, 36230.20960572239
354, 36219.12922746448
299, 36183.49272343677
107, 36113.27899515627
584, 36071.95127165023
380, 36045.38200438396
978, 36011.14386806797
279, 35922.811503323755
450, 35814.279085460985
449, 35814.279085460985
278, 35796.21479552177
478, 35715.55228241232
771, 35677.48474531591
221, 35582.05160223783
106, 35522.588327623926
1111, 35517.25899630446
622, 35513.61815716866
621, 35513.61815716866
581, 35441.88097369711
1013, 35104.41875595016
1012, 35092.27709576011
618, 35084.64018550328
1137, 34999.26990041963
56, 34878.561042037014
1310, 34873.80038009063
557, 34635.550729977076
780, 34565.862371431984
534, 34487.53563204056
836, 34480.927675431834
29, 34345.03673640512
1217, 34257.673968238996
1216, 34257.673968238996
131, 34108.67312485826
536, 34081.36662382705
535, 34081.36662382705
395, 33960.46373767517
847, 33891.29304313892
1112, 33686.852513714046
1306, 33631.15181254133
596, 33614.76420761733
605, 33572.328607731586
977, 33509.40396073454
1052, 33442.65235277721
598, 33318.96098283448
178, 33275.28401114463
381, 32985.59919056602
173, 32888.32279094493
597, 32852.564964776386
