1314, 100000.0
1080, 99722.160699728
654, 98955.72846801778
828, 98838.53357384863
481, 98529.10050672799
1162, 98508.57460391572
829, 98508.57460391572
740, 97355.45694878613
739, 97251.70679736868
1060, 97102.98524622011
123, 97049.1648994002
274, 97027.47030368232
271, 97027.47030368232
765, 96872.25083706202
515, 96872.25083706202
514, 96872.25083706202
502, 96826.89749066037
1077, 96644.12165428951
690, 96588.3568572878
141, 96555.98027979213
1396, 96325.54120443086
932, 95498.09487785022
1245, 95362.58536721478
133, 94767.20284732888
227, 94013.54877134858
74, 92860.65712816412
362, 92689.25087033518
1172, 92579.54242279289
6, 92225.84150530513
269, 92043.65530179923
516, 91757.19059955416
1074, 91487.3788746393
256, 91004.53112946746
1029, 90649.24817258504
661, 90562.4263281951
831, 90370.42370514806
1035, 89883.9923189884
353, 89752.47385792292
796, 89109.44161713873
852, 88943.56257089377
273, 88491.3877814994
145, 88362.99175441274
1004, 88311.20008816439
1147, 88242.73872648702
464, 88242.73872648702
1373, 88207.16670560924
794, 88173.42528552962
1003, 88140.63333838705
369, 87813.28007913726
1190, 87551.76744061774
674, 87500.74449733764
1188, 87493.2893015272
139, 87377.75281280333
1404, 87307.23768132288
1228, 87270.48164029981
865, 87270.48164029981
919, 87143.16654615049
1317, 87037.03838202526
815, 86977.98766330983
503, 86969.83014638134
5, 86920.41275273754
1199, 86763.73891280741
1334, 86704.2454300624
501, 86428.31057585994
19, 85946.01695482357
1344, 85599.80699291597
142, 85431.04888065562
93, 85329.70686062198
1302, 84992.12381574466
920, 84913.11250754929
1039, 84720.17242360266
1061, 84423.06935934417
700, 83856.41069718862
866, 83612.1248728541
302, 83534.13198227582
673, 83432.76681427761
992, 83419.71440381443
830, 83334.8410972099
860, 83169.56762846734
562, 83138.90199130205
1085, 83096.18698597224
564, 82949.51922216704
451, 82681.3644435788
1234, 82678.10734422567
1086, 82660.32275023249
1399, 82447.78984066892
745, 82436.660456844
45, 82035.69275450458
43, 81999.80815317271
701, 81447.84771639697
1288, 81243.01170143254
1397, 81138.98745092042
1109, 81057.46604904048
1081, 81018.11958481706
1110, 80525.70391154496
1108, 80525.70391154496
607, 80236.91372956407
1101, 79198.65536283179
151, 79070.9176597333
401, 78938.11437001686
1395, 78899.51760610496
861, 78844.56902930084
399, 78749.52217165566
124, 78678.5826324153
149, 78677.26934149885
546, 78156.1744401653
264, 77459.26689289599
1056, 77422.56590649478
840, 77177.38398342245
1075, 77115.79343226225
922, 77038.03900412966
1076, 76865.09690306277
238, 76829.96094103444
1414, 76764.80832059961
134, 76683.76109166366
1106, 76556.8198929042
1105, 76556.8198929042
1102, 76556.81800438838
558, 76502.97915943155
1057, 76332.82273681957
409, 76250.4312014644
391, 76209.92692494456
155, 76098.30854811355
1400, 75920.26879053023
1088, 75881.02100737336
1232, 75842.97771871672
437, 75749.6668920969
1018, 75683.31085614103
154, 75683.31085614103
571, 75275.60297359705
709, 74965.03099906408
554, 74870.13489697933
1313, 74703.23582647808
1136, 74672.0880801244
555, 74637.97882855775
418, 74626.42370429733
471, 74595.79305737742
855, 74463.33341647862
454, 74448.19345682088
423, 74444.78591712638
424, 74425.76424472184
1059, 74357.36586925892
856, 74259.75522144749
854, 74259.75522144749
1028, 74193.16261947846
659, 73894.1630044521
442, 73768.9903474001
1382, 73683.4508595553
834, 73662.47277043817
1398, 73639.64976643249
1044, 73605.5667617989
233, 73566.765069213
1113, 73566.49671412083
270, 72969.30881686446
268, 72969.30881686446
1323, 72315.79193285637
309, 72036.89656833645
168, 71815.5314320766
26, 71458.94743352087
434, 71317.07439816878
390, 71265.72131814057
868, 71233.23832721726
72, 71071.72756576829
553, 70934.40612243062
419, 70780.6521101795
64, 70752.83711881413
645, 70605.45757550791
644, 70605.45757550791
63, 70605.45757550791
417, 70592.76964202787
167, 70592.19234379657
267, 70574.75861210263
250, 70498.36904069218
61, 70313.93526163751
504, 70254.22696348264
500, 70136.3469239545
1027, 69935.0808196306
410, 69878.55592816928
228, 69787.27895282209
1403, 69758.01714553176
398, 69618.0865974584
545, 69595.17429744653
1002, 69582.35848765042
600, 69524.15243593037
835, 69466.5919792273
397, 69452.17877134489
993, 69349.73771215153
172, 69340.0723097664
556, 69319.00270649989
759, 69242.00599143843
1401, 69231.56885885175
366, 69143.1973688174
444, 69130.43505316129
187, 69105.57277760707
1058, 68825.94476046228
699, 68730.17036427255
42, 68246.79411764788
647, 68015.34199583594
903, 68011.01310529807
194, 67966.47725541472
619, 67965.11481765538
905, 67961.82608441875
899, 67961.82608441875
1410, 67891.78920052238
122, 67794.76679297938
1300, 67792.73763206018
749, 67790.65054033513
192, 67781.63077956719
191, 67781.63077956719
574, 67748.06427652645
1264, 67624.53928166955
1263, 67624.53928166955
1015, 67585.64165758897
460, 67563.29472028866
209, 67475.94791615022
249, 67228.9562767801
968, 67050.4701788607
1043, 66984.45783755349
330, 66964.67180568846
180, 66739.88645557666
604, 66685.69456827138
1016, 66534.79850737618
1409, 66474.00534146643
1065, 66474.00534146643
85, 66474.00534146643
1408, 66453.20000104862
1407, 66444.864428936
601, 66442.25796962068
86, 66369.49595510519
620, 65992.53688574226
1170, 65926.95795048284
441, 65789.06173779076
1017, 65720.98850241212
305, 65673.95307257079
1173, 65641.38900396929
704, 65534.78597468989
702, 65534.78597468989
594, 65309.629472251465
783, 65308.47758742675
802, 65231.83783588944
801, 65231.83783588944
346, 65210.94743677345
782, 65120.61524458169
216, 64981.773121045604
161, 64955.15062203232
160, 64950.50707484784
159, 64943.73121863818
970, 64797.273767723455
210, 64615.19157621557
146, 64615.19157621557
1152, 64447.46626441632
1240, 64297.62290438409
88, 63717.06792770484
170, 63638.66514585179
53, 63638.66514585179
218, 63626.27822734685
304, 63544.12513326015
1191, 63469.431978197885
158, 63438.66605096286
157, 63438.66605096286
1067, 63185.253008588916
169, 63158.53372332495
1189, 63127.40417953072
565, 62842.13938073584
285, 62634.049494709856
762, 62574.22187199014
1036, 62540.532086786436
772, 62462.36738269836
1066, 62405.584332777566
518, 62158.4612058858
696, 62035.17025849995
776, 61948.12828410623
705, 61910.9879428077
703, 61910.9879428077
459, 61839.05723203055
1287, 61767.42465443159
908, 61612.32253815233
420, 61519.14399806785
969, 61484.63057821295
415, 61364.20327338009
1155, 61282.71394275754
972, 61030.31140168323
967, 61030.31140168323
361, 61020.46061188821
1346, 60831.2815508541
853, 60817.86859542838
775, 60679.75461136589
575, 60554.71022829213
421, 60449.572349706774
427, 60376.404059053944
1262, 60289.423051449485
583, 59959.64851130239
222, 59235.67680176065
915, 59219.24447586604
512, 59115.43854008849
108, 59018.420038008546
643, 58872.57526683751
177, 58852.104677220064
367, 58790.91210944043
1413, 58670.448178009574
1255, 58598.19528853798
1348, 58585.91646501377
613, 58494.40587971782
272, 58335.24599745763
116, 58149.83049503252
347, 58098.75962459341
858, 57995.740948944294
1362, 57913.36313456196
1285, 57785.458160728784
1193, 57766.371224541705
156, 57721.1600437787
217, 57667.64249558226
1290, 57657.118908655604
1149, 57639.68663969732
827, 57598.09126937366
1286, 57572.209141561056
698, 57550.51872353061
544, 57436.825798925915
1040, 57379.95885468382
461, 57156.81760834557
971, 56851.398180073855
846, 56752.14055355816
517, 56750.77202058161
1236, 56706.08437412857
135, 56650.46936455443
1342, 56629.750633831885
540, 56369.37574653544
612, 56345.82456736765
102, 56273.97428442963
136, 56272.63472737362
1204, 56235.6250177824
1379, 56232.665982183105
1419, 56206.55549682541
495, 55942.667632215256
65, 55889.945431089174
62, 55889.945431089174
1201, 55878.997378426284
433, 55855.54471707457
204, 55848.89783009539
112, 55815.02612180787
137, 55808.76569260398
4, 55727.19515886149
488, 55719.831374987516
1299, 55688.619985855104
509, 55685.083362086465
1084, 55616.722311838676
1082, 55616.722311838676
930, 55577.455732616334
277, 55421.88307054142
1274, 55401.17303775037
750, 55335.71001598145
252, 55313.38617484489
751, 55257.88291042779
15, 55073.57054132057
363, 54981.75223805164
1200, 54975.93109553558
1020, 54947.497105715425
1318, 54886.18125927176
364, 54879.727702110205
845, 54843.07798521868
799, 54833.83066196299
798, 54833.83066196299
1169, 54796.420348149666
633, 54691.998954774535
239, 54585.80588200768
21, 54585.80588200768
692, 54554.076216872796
609, 54545.66573330107
350, 54113.7115806303
425, 54094.91189247488
348, 54090.564003894346
885, 54002.3943250761
1224, 53947.30756317058
416, 53862.87251839802
867, 53828.80490709474
781, 53792.249537850876
3, 53782.08924316028
2, 53782.08924316028
153, 53764.98970911147
396, 53694.38848217228
44, 53694.38848217228
291, 53588.65942905594
754, 53523.88946181955
1148, 53436.6717446471
231, 53403.49982224814
1308, 53402.40024928993
712, 53305.935335557784
1144, 53287.36788809435
30, 53163.584525909944
1246, 52985.19086613644
220, 52978.65740224574
811, 52976.937318563265
354, 52954.96803867462
299, 52878.82414145659
107, 52729.002011863304
411, 52717.62100136938
426, 52678.16683065499
414, 52678.16683065499
1100, 52648.0056465981
584, 52640.94212370496
352, 52629.52937619372
479, 52619.063957888735
380, 52584.37804677281
422, 52528.668989617436
413, 52528.668989617436
978, 52511.54389005111
219, 52509.46016465824
955, 52479.486288829255
279, 52323.92880515206
412, 52293.863149231256
984, 52177.3043191638
480, 52161.713894872366
450, 52093.98544380449
449, 52093.98544380449
278, 52055.77482457892
1117, 51981.05433678862
636, 51898.03633442544
478, 51885.36639422354
428, 51808.69052868296
771, 51805.0655159116
987, 51613.75092789875
985, 51613.75092789875
221, 51604.09589464063
986, 51506.5146383562
106, 51479.119349056935
1111, 51467.927638591085
622, 51460.28266522313
621, 51460.28266522313
382, 51322.55466430601
581, 51309.79355561803
1103, 51217.40641450509
470, 51145.24633769639
179, 50996.744228558455
1312, 50964.05206809187
812, 50947.74814495935
41, 50799.00172305353
189, 50745.15355492973
813, 50627.60499573845
435, 50625.685757660256
1013, 50605.51458683055
1012, 50580.286526081996
618, 50564.42242580872
961, 50477.01473565663
1137, 50387.290527709
176, 50383.016824946295
46, 50348.15274386966
513, 50253.79682810577
11, 50238.68128117322
473, 50227.98096325052
1192, 50216.475509090385
20, 50207.12583459018
56, 50137.48322290251
1310, 50127.646524597636
246, 49913.787738020874
242, 49903.791065159414
662, 49865.424234955884
663, 49763.310518651604
557, 49636.86013171844
780, 49493.85673947086
358, 49438.55490572829
534, 49333.42398314834
836, 49319.903582650884
29, 49042.35366890835
795, 48893.74403084285
1217, 48864.41573450627
1216, 48864.41573450627
251, 48735.848843327636
131, 48561.82630586941
55, 48535.896267234166
536, 48506.49395469306
535, 48506.49395469306
697, 48436.82181166567
695, 48323.79994338361
395, 48261.95343185622
847, 48122.37691624372
791, 48098.16100289187
39, 48089.421036851556
656, 47754.429317864786
1112, 47711.24025970784
694, 47651.531452843745
691, 47638.42555960301
1306, 47599.58418637166
40, 47583.52424808329
596, 47566.763290283656
605, 47481.835483100884
606, 47370.97174041821
977, 47356.06586726393
1381, 47336.18571480176
1052, 47222.86034803402
598, 46976.60754912541
178, 46889.83155023183
706, 46526.58109161864
1280, 46511.337009761795
693, 46492.07457801374
381, 46316.64582784184
173, 46125.081064341146
597, 46054.7783749727
215, 46044.22568796123
790, 46012.01625370952
1363, 45997.55921020272
