1326, 100000.0
455, 99318.96464557787
1094, 99137.19161031478
768, 99047.19228908441
331, 98985.43556847102
1307, 98932.06616412278
195, 98713.44567073762
793, 98668.70207035134
833, 98606.83642436207
934, 98372.19921413143
236, 98161.30777644813
1315, 98115.53940378684
365, 98115.53940378684
1418, 97859.52775174995
257, 97806.25722282616
456, 97769.41929630125
1278, 97751.4332342757
98, 97603.16607009424
1384, 97438.14400139455
748, 96706.09634767749
816, 96406.52945966557
184, 96356.35301227681
183, 96356.35301227681
527, 96284.099613437
463, 96042.26670868038
266, 96020.31913658654
1063, 95813.21982566225
477, 95757.7386729397
825, 95347.04292158311
817, 95278.7305844056
240, 95276.44267290317
368, 95142.31695476681
786, 94541.98052547076
276, 94478.38327774724
640, 94434.65598559311
17, 94384.22429882795
10, 94384.22429882795
792, 94283.89137983843
429, 94047.6772942293
255, 93896.55810913132
1032, 93459.93002522764
430, 93148.30208850547
306, 92954.3860405628
820, 92237.78092127533
642, 92016.91364326126
530, 89992.6047523503
1273, 89970.74003296484
1370, 89941.00709697691
1369, 89941.00709697691
891, 89440.15914131966
438, 89338.02078400216
475, 89058.11127325361
713, 88901.3756061763
1356, 88539.99851303487
345, 87806.60622662734
717, 87526.01048715453
808, 87093.99738342769
258, 87091.66698709229
343, 86890.22348614667
1135, 86792.29649304118
125, 86654.69877932953
770, 85748.69392406415
313, 85736.79283848846
1383, 85543.13007585336
466, 85436.0015212308
862, 85278.86999724038
468, 85134.95006976866
469, 85066.24959648684
467, 85014.77062664062
1248, 84946.8716629782
1271, 84933.36648172454
1222, 84657.07042369238
165, 84467.43162686398
872, 84325.32827523602
777, 84209.31459116784
99, 83726.7130395261
1270, 83591.0226775523
1256, 83430.38446425261
152, 83336.48339947604
1174, 83261.00783610837
150, 83261.00783610837
307, 83179.20621385906
1283, 83079.54505503559
356, 82802.8394972008
465, 82629.35029255587
476, 82343.11350930724
519, 82157.04502415664
1272, 81976.59760909982
1120, 81509.41320440077
1119, 81422.80206843276
190, 81360.01800421967
876, 81183.90759744204
185, 80562.56966471553
281, 80513.0825003108
22, 80303.38554952394
13, 80303.36928099649
104, 80047.0080186077
237, 80040.39746049582
83, 80000.1073204627
105, 79994.8968365934
103, 79994.8968365934
1347, 79952.4283193433
384, 79900.56989755234
288, 79627.4484638681
940, 79301.23571696626
832, 79301.23571696626
720, 79179.05049372694
528, 79146.34914332168
325, 79129.05851068946
408, 79090.23812680654
235, 79039.08581515077
1235, 78975.11424242493
289, 78160.61078816424
295, 78084.93374069686
1417, 77890.04083921527
89, 77849.78841853523
81, 77511.88843370935
526, 77428.48879094559
1227, 77250.60856000587
78, 77238.62869203892
589, 77011.08962311097
824, 76956.36891059528
248, 76953.89028454672
1011, 76225.70594190914
929, 76129.89240729145
73, 75912.00264019643
641, 75752.38511249617
114, 75731.38379026669
947, 75659.88762956942
12, 75614.73045317303
981, 75191.99625270198
1019, 75167.07388656802
445, 75167.07388656802
54, 75005.81632927149
485, 74487.96843559154
244, 74338.63965274427
484, 74295.29192657417
1406, 74236.74473783423
483, 74236.74473783423
689, 74042.50893563691
569, 73989.7184852416
1132, 73651.8028526942
253, 73553.13979228096
617, 73462.7394648681
379, 73354.21070741331
869, 73291.7208534727
809, 73182.23199819226
807, 73182.23199819226
38, 73117.72965039244
871, 73075.79062814424
1316, 73071.69037858727
637, 73071.69037858727
655, 72678.04488812487
322, 72286.12258260038
769, 72169.11908349353
552, 71986.81012985602
927, 71979.42869434846
1133, 71820.6786813919
349, 71345.51399208607
1026, 70344.36144747332
1371, 70291.33427254709
711, 69427.83237882337
1030, 69327.82847058726
224, 69320.81096177128
742, 69240.9022976766
1009, 69129.95957269064
568, 69017.20678875434
1225, 68845.03565265732
205, 68513.12089269975
67, 68437.85611922639
909, 68327.20498920833
48, 68281.92925103384
1390, 68272.48096780735
1123, 68033.7042258363
1281, 67991.56404014477
310, 67729.93887364895
94, 67564.34367584002
1415, 67557.92574253691
80, 67344.07397290342
47, 67142.68483141898
1046, 66980.9409469476
37, 66934.9759869996
1037, 66859.88944980928
870, 66842.39138418534
1183, 66676.58396895119
730, 66602.20567070086
332, 66530.62051063371
743, 66528.77831024426
359, 66433.7705585343
1078, 66432.20313272403
864, 66134.09931350444
999, 66063.45299729233
259, 65813.65228816334
890, 65806.20740673378
710, 65228.75230632743
498, 64995.80473337526
492, 64864.29229225603
113, 64622.15280987419
579, 64578.60521934083
1184, 64448.27334362504
1122, 64341.351958060026
1304, 64259.90854811204
1008, 64028.80352246503
761, 63852.531797561605
260, 63507.276232603916
1001, 63473.518802947496
110, 63411.17163855904
446, 63209.777690983996
223, 63108.767181823045
494, 63011.66161039372
956, 62975.380756888546
360, 62948.63753034874
338, 62799.69858731345
335, 62715.98088619139
577, 62628.90860553596
1412, 62558.83912374108
1221, 62285.417978918755
1328, 62213.06330670718
1279, 62213.06330670718
897, 62103.175910266196
889, 62043.53312674488
1223, 61686.44457722413
166, 61615.07726229177
1062, 61611.301116149
819, 61588.52781159523
1034, 61529.06886763447
1247, 61528.05916645719
1277, 61430.03249711405
1282, 61144.44445967645
904, 60990.104943104474
902, 60990.104943104474
901, 60990.104943104474
900, 60990.104943104474
756, 60889.719777878556
1079, 60853.601393784265
193, 60853.601393784265
1171, 60783.72809983146
51, 60511.84920868121
850, 60340.275359197534
286, 60065.830213526664
315, 59945.912902313044
960, 59771.90640156883
290, 59749.37830862055
497, 59675.24462822019
1376, 59673.56120093918
611, 59664.36863410114
212, 59431.998080878366
211, 59398.63517032804
563, 59280.69979870212
582, 59226.40052716737
90, 59150.31073894562
670, 58878.82770321542
719, 58800.24107742774
757, 58693.05615196463
752, 58638.54777559918
1176, 58615.28735007523
1083, 58515.34368094494
241, 58345.12900555114
983, 58268.74102087687
1051, 58222.51729091217
741, 58195.442742718384
1388, 58104.15144883685
958, 57945.31006032394
370, 57819.45846312735
729, 57725.10230655218
623, 57689.57523820834
1321, 57684.36406464908
728, 57677.984982221365
1121, 57635.81467436961
486, 57411.46011053787
326, 57188.014424091634
16, 57099.182887448784
1405, 57004.95784533857
676, 56960.19453532234
311, 56893.2558007758
1175, 56691.10129753352
496, 56623.78673919062
949, 56523.35934067545
667, 56327.401904496735
1010, 56247.49694611926
1329, 56215.26313436064
1301, 56139.83921856363
70, 56048.658057266555
109, 55841.927789070345
1368, 55799.528020307276
857, 55794.489712400406
592, 55743.98520511038
826, 55630.102847685455
1031, 55465.18682292508
120, 55449.33729200577
334, 55340.879315977254
531, 55209.05716436249
877, 55134.40603809149
1125, 55119.9142894974
576, 55117.45053778373
14, 55117.436051792465
665, 55058.33981490823
1350, 55016.94637509168
892, 54957.26222512547
1411, 54951.35165646119
148, 54936.17551362843
18, 54904.506599194494
560, 54903.521978724646
213, 54863.56806655321
525, 54814.5250345316
1343, 54780.278311853814
71, 54620.3024596257
753, 54510.48941001861
778, 54329.08701024547
208, 54165.010479161465
119, 54105.77836969607
140, 54085.55142042757
734, 53847.27354326822
537, 53745.78656351762
1, 53722.63717319335
432, 53603.531431690375
1025, 53598.44565692313
275, 53501.89429924205
1115, 53397.733312635464
1145, 53356.65833800079
538, 53240.250492615945
490, 53149.86625567887
668, 53138.49201290418
458, 53120.49463210163
814, 53092.341599259715
0, 53059.03516641315
570, 52867.10018379728
1360, 52788.274346410246
1284, 52776.20969964716
980, 52696.73400607333
921, 52684.99867816613
1324, 52683.54090438001
7, 52403.5147037436
1185, 52207.62181202594
474, 52142.44922708984
1330, 52024.99403537628
186, 51972.386490614896
36, 51972.386490614896
1378, 51906.276884754174
226, 51820.65288848892
942, 51764.356020352934
174, 51699.81375616645
800, 51650.372406604525
1150, 51649.94589035654
1363, 51345.311877007036
790, 51327.30979504111
632, 51318.86563554152
520, 51317.25808317123
215, 51287.28815362038
597, 51274.20170422189
173, 51187.341353160344
381, 50953.469627780956
1249, 50897.82640612396
314, 50830.31983583448
1367, 50806.28839981737
337, 50794.782073497816
1305, 50664.90291555718
588, 50559.257130008096
1303, 50522.65242247754
1124, 50292.85344619185
178, 50277.34663907038
598, 50177.960766289885
733, 49903.72066265286
1052, 49900.01445520316
977, 49752.13538490999
605, 49614.06860756981
596, 49521.679872177025
1306, 49486.15579857955
482, 49472.03984812589
1112, 49366.048177154844
638, 49353.834962184046
225, 49353.834962184046
206, 49346.092028311694
938, 49150.601751817354
847, 48933.481656689604
395, 48789.99969081908
1322, 48730.053884760695
1354, 48567.86091426025
1416, 48564.48939429537
536, 48542.59957383158
535, 48542.59957383158
131, 48487.31100371348
863, 48343.9529680856
566, 48289.55185774544
1000, 48271.78387472181
371, 48259.415205533216
1217, 48189.35970324517
1216, 48189.35970324517
328, 48175.637231724766
132, 48174.4086757278
1214, 48099.517967936576
788, 48070.63261301458
29, 48017.54684842243
787, 47976.10219605206
203, 47963.17907215773
386, 47892.5598590981
287, 47889.76324643015
207, 47871.0748950543
836, 47754.422438923975
534, 47741.75356417993
780, 47592.46139703016
1005, 47499.54594972864
557, 47460.97960780851
247, 47336.22232894931
948, 47334.29240150622
1177, 47292.39516515673
1181, 47224.7262241822
1180, 47224.7262241822
1179, 47224.7262241822
1182, 47166.77492954221
1178, 47166.77492954221
234, 47163.29445535175
1310, 47020.79227878097
56, 47012.140418965784
1137, 46794.606281250686
874, 46737.993184483734
618, 46642.862217536975
31, 46639.9301227876
1012, 46629.37153678201
1013, 46607.95129773789
342, 46577.406254683134
1087, 46429.46610073144
1250, 46234.219180757966
726, 46160.29408954777
630, 46150.08033450691
732, 46150.0029113646
657, 46095.41606669352
581, 46026.101601002236
1163, 45962.06940666743
405, 45922.282687552724
622, 45905.68031585824
621, 45905.68031585824
1111, 45899.5983715209
106, 45890.70098919616
666, 45885.33862115375
763, 45872.9990360195
59, 45855.52678071906
221, 45791.83975727937
771, 45634.74642676777
478, 45572.6162222519
457, 45565.890123091085
731, 45553.269699876095
1048, 45485.277694746605
493, 45460.705705899905
1319, 45453.871319343016
278, 45441.957542390184
450, 45412.87960152758
449, 45412.87960152758
1309, 45342.72047608928
279, 45239.56688688244
1134, 45158.04880772906
744, 45156.93092046094
567, 45134.88689983175
978, 45100.248002066364
875, 45081.09843123079
380, 45046.66030468884
584, 45005.23307205814
679, 44967.92390596165
107, 44941.06613477627
214, 44935.342902743905
357, 44870.61167919898
299, 44832.80218175014
354, 44778.21266613405
220, 44761.28819656718
591, 44731.961058912246
1091, 44715.76945200026
1090, 44715.76945200026
30, 44630.123765677956
232, 44547.2922510013
1161, 44541.33345255849
402, 44525.614270815
138, 44492.1132474821
231, 44462.43833510284
1258, 44385.25291904928
245, 44362.629358261176
202, 44298.03442303555
153, 44214.930422770056
1333, 44212.604828176394
781, 44196.51164584164
867, 44171.86541773395
188, 44153.62595078742
549, 44122.03043910305
1164, 44116.05530876602
200, 44116.05530876602
1089, 44097.71969931116
1224, 44092.38632216469
849, 44068.2299872045
885, 44055.65557806903
1238, 44014.47628492093
293, 44003.18902243221
844, 43951.05508419344
1231, 43920.02685121746
718, 43855.50813915698
936, 43742.20386597399
628, 43731.215340335875
1165, 43668.324835269224
1143, 43583.79956749397
1169, 43540.9380225512
127, 43515.06180913365
453, 43504.09513289816
