1329, 100000.0
1301, 99761.57764566859
667, 99647.10418889216
70, 99474.00891196521
109, 98824.69672020525
496, 98732.85678841412
1368, 98691.98174817479
592, 98518.36228759435
311, 97924.13220006095
676, 97726.4592962044
120, 97601.75395335071
1405, 97594.97384034895
326, 97063.05045684817
1125, 96585.69372213623
486, 96426.08360932939
665, 96396.78829408178
1350, 96269.97483556559
892, 96087.37741437461
1411, 96069.3107984057
148, 96022.93576249687
213, 95801.32787951792
728, 95683.47405177502
1321, 95665.92376449393
729, 95554.08663867124
370, 95296.6570616453
71, 95062.02710230698
958, 94956.74240263696
753, 94729.89268102494
1388, 94533.24709427678
741, 94292.59182696925
778, 94183.39049220108
983, 94100.7956128647
241, 93902.25282298899
208, 93691.38583856456
119, 93514.30464900291
757, 93014.84092720407
734, 92744.76896908626
670, 92552.06401349949
1, 92375.6463455272
1025, 92009.06486785854
582, 91706.09273754866
1115, 91419.18033898534
1145, 91298.85184018615
211, 91296.19119389974
212, 91217.48699612117
490, 90695.05334750103
668, 90661.93873369711
497, 90650.3606994998
458, 90609.5621697975
0, 90430.88948798914
315, 90032.83642183203
286, 89763.68515641682
1360, 89647.2026512363
1284, 89612.41349740466
980, 89383.5175802379
1324, 89345.56697515152
51, 88785.70695047373
7, 88543.16617673411
1171, 88206.82106687798
1079, 88060.0910731134
193, 88060.0910731134
1185, 87985.35171077948
756, 87984.56729908536
904, 87775.80718927637
902, 87775.80718927637
901, 87775.80718927637
900, 87775.80718927637
942, 86733.65953943162
1034, 86683.036788975
174, 86552.61215587839
166, 86512.90380921956
1150, 86412.93644978365
889, 85682.10931114927
897, 85568.62070730413
632, 85490.19205031576
520, 85485.73102630272
1328, 85360.87794966623
1279, 85360.87794966623
1249, 84328.11489766209
314, 84142.96895921271
1367, 84077.13724568195
337, 84045.63125245637
360, 84013.87523156962
956, 83966.28556896934
494, 83901.87422437349
1305, 83690.65015052966
446, 83553.17646225737
588, 83402.77662355785
1303, 83303.21490467426
110, 83203.87300683736
1124, 82680.31316268259
761, 82456.02188663551
1008, 82163.92113049296
1304, 81786.47364148663
1122, 81654.92404328943
733, 81633.83319298463
1184, 81483.36467342381
579, 81275.97751848765
492, 80827.93428199412
498, 80624.64936887145
482, 80485.00478236092
638, 80172.6157817229
225, 80172.6157817229
206, 80152.1855494646
938, 79637.69475755123
864, 78939.24275270294
1322, 78539.4572305292
1078, 78518.68136703846
332, 78381.63772504414
730, 78282.51074070779
1183, 78180.00581652808
1354, 78118.99142426273
1416, 78110.26929145248
870, 77953.2759679457
1046, 77765.6796632132
863, 77541.33676222555
566, 77401.47630040241
1000, 77355.83752907727
371, 77324.0793625811
328, 77109.22635694103
132, 77106.07899955373
1415, 77002.14699299698
1214, 76914.40327552316
788, 76840.5694456958
787, 76599.31117311795
203, 76566.37315032442
1123, 76393.22445482739
386, 76386.56807932048
287, 76379.45405856396
207, 76331.92733234799
48, 76082.65683482119
1225, 75395.51994841389
1005, 75391.64245738124
568, 75190.10286591462
247, 74981.02207229057
948, 74976.17983396204
1177, 74871.1153844665
1030, 74824.8669958767
1181, 74701.65306883947
1180, 74701.65306883947
1179, 74701.65306883947
1182, 74556.7509626135
1178, 74556.7509626135
234, 74548.05492534552
874, 73491.01102549699
31, 73248.84539703753
342, 73094.74647727996
1087, 72731.06332948762
349, 72608.64384054432
1250, 72253.09035817458
1133, 72123.03086995777
726, 72072.71090777786
630, 72047.81453496151
732, 72047.62583705348
927, 71963.64749970469
657, 71914.67358235926
769, 71775.03429064892
322, 71659.67813411525
1163, 71590.63363829798
405, 71494.15263400716
666, 71404.6482527369
763, 71374.77099760601
59, 71332.48153109034
655, 71278.63333979069
871, 70900.15994356642
38, 70860.72557506345
869, 70698.07228906623
457, 70634.05066070225
731, 70603.7287715549
617, 70539.66967972933
253, 70456.52082284245
1048, 70440.52969594012
493, 70381.61615394367
1132, 70366.22753934724
1319, 70365.23630571098
1309, 70099.22159358647
569, 70060.53051142447
689, 70013.26366690588
244, 69750.53010254927
1134, 69658.82205802469
744, 69656.1621042338
567, 69603.72411237564
875, 69475.88936318697
679, 69207.45485343583
54, 69173.2099127364
214, 69130.31213283735
1019, 69036.62115747474
445, 69036.62115747474
357, 68977.2252416255
591, 68650.11894603395
947, 68626.0785983625
1091, 68611.99019177706
1090, 68611.99019177706
114, 68567.36377315536
641, 68550.1569640544
232, 68216.1260279092
1161, 68202.15400422105
1011, 68167.11950608336
402, 68165.30563448176
138, 68086.81975027539
1258, 67836.88667721338
245, 67784.05450905499
202, 67633.36422020991
1333, 67434.42498811534
78, 67376.938597744
1227, 67367.82522005442
188, 67297.31678707947
549, 67223.94564535015
1164, 67210.07637515536
200, 67210.07637515536
81, 67170.37118818102
1089, 67167.52865412792
849, 67099.13668711476
1238, 66974.59513751787
293, 66948.46391982437
844, 66827.85894008374
1231, 66756.14988993213
718, 66607.20984940427
936, 66346.19887418946
628, 66320.92255544077
1165, 66176.38503446872
408, 66028.48941912614
528, 65989.43230769369
1143, 65982.46329467869
127, 65825.04675094839
453, 65799.95551503869
452, 65799.95551503869
1325, 65780.0689216353
989, 65650.08514577324
403, 65650.08514577324
851, 65622.14856670196
97, 65421.05256753956
105, 65410.926423921555
103, 65410.926423921555
83, 65407.44302931374
237, 65380.53545085459
104, 65376.1253203866
1099, 65280.7577211186
58, 65090.936246936944
199, 64989.72019483177
572, 64976.16880237641
182, 64825.629555012165
312, 64621.24529948772
837, 64608.9627258959
1294, 64550.41073344415
1358, 64535.48090889856
190, 64525.6466380089
196, 64475.739282241695
50, 64471.511281020445
1120, 64431.98715997733
997, 64361.305035889425
873, 64361.305035889425
1272, 64143.02455661991
631, 64110.55981020417
888, 64068.334036686036
519, 64032.97986119791
476, 63920.40434331384
680, 63858.632699105925
928, 63833.31521507648
1357, 63802.23707096049
147, 63627.00710728085
789, 63579.44062319073
639, 63489.89855997416
614, 63308.492685737736
1256, 63280.23648611283
1260, 63267.61484063691
1270, 63188.134581857594
1259, 63111.49760781594
99, 63110.81941918072
651, 63002.8439154159
126, 62979.08014649598
1069, 62783.253547847125
872, 62774.91506269379
994, 62644.300977570274
467, 62398.20798400735
469, 62370.504808679216
468, 62333.62436000768
1038, 62309.56971680714
862, 62256.69713527521
590, 62187.423224342696
466, 62173.21944887502
1383, 62116.6098216807
541, 62072.36621746405
573, 62053.9946627104
313, 62014.891897739224
770, 62008.66688540888
1377, 61983.02533473408
946, 61931.622842687495
181, 61919.97295248921
1366, 61627.16114696528
1135, 61474.13786677719
717, 61111.29181624476
345, 60975.24394270418
935, 60881.90653879745
1331, 60873.749665954434
1073, 60792.27993902486
1142, 60727.70551558746
300, 60657.850333693044
1356, 60626.51676162105
1402, 60619.1078403928
448, 60509.54137133977
713, 60458.23744963369
602, 60211.63493537309
393, 60014.80608820948
1370, 59986.691961681325
1369, 59986.691961681325
648, 59825.93168794692
931, 59821.147716862186
9, 59644.64835454665
49, 59626.21727287487
652, 59516.94125511417
118, 59450.99403297377
375, 59396.98445442932
926, 59130.89687079286
642, 59097.47804563584
820, 59006.73248573876
1335, 58997.40882884372
1033, 58964.81358871571
1053, 58943.98634504458
585, 58938.19163985412
649, 58876.92299252749
306, 58717.15304172568
1045, 58660.91572858163
430, 58640.039940462826
489, 58514.59544703088
1226, 58491.1954223646
1153, 58449.26181435797
255, 58347.32773502062
429, 58289.12674458613
894, 58286.12882871952
1327, 58268.02676442247
797, 58259.49708439558
57, 58256.32272762907
792, 58198.75732792922
17, 58160.59375029875
10, 58160.59375029875
640, 58141.460557425904
276, 58124.89763884202
786, 58100.85257808867
677, 58069.3761433215
616, 58063.68810312163
715, 58063.14387753508
1244, 58054.343391836715
998, 57955.07297341088
368, 57876.422808059426
240, 57826.902377389844
825, 57800.926023393986
385, 57703.206672241926
527, 57461.91101428317
816, 57418.39417049153
1254, 57368.56944166999
197, 57329.49697468096
907, 57325.52900471629
1014, 57218.446484254804
1095, 57115.27468200352
1384, 57058.59997131203
1205, 57004.31613775819
257, 56933.12073279888
75, 56932.88342554185
671, 56903.556741458364
1315, 56828.84475260623
365, 56828.84475260623
1207, 56772.26416517696
737, 56765.43045568403
723, 56705.31810007793
833, 56665.31925609306
793, 56644.90933446663
779, 56631.739430991845
195, 56630.17318640514
1289, 56602.34521318202
82, 56602.34521318202
331, 56541.04462812065
1353, 56527.7292020512
768, 56520.91462844932
561, 56493.56706096392
979, 56435.2205510187
472, 56304.99622541333
543, 56281.7361453399
101, 56280.12546021593
714, 56218.16171506978
1326, 56215.26313436064
1257, 56186.84329021346
100, 56172.936991201575
988, 56141.87519366217
610, 56129.088004908066
1131, 56072.17747750631
319, 56045.8482678773
455, 55999.40167491299
447, 55998.84595918491
884, 55961.83597238399
736, 55956.6401285569
1094, 55941.5682798701
317, 55928.73600076298
1047, 55879.55057036104
1307, 55876.19394234083
925, 55830.68910166421
716, 55771.71432386307
376, 55732.600274321376
934, 55697.16005616797
859, 55694.357280452714
323, 55648.42505935167
236, 55629.491894870276
1206, 55554.08527710197
1418, 55532.4411447191
456, 55503.41256115147
1278, 55497.61555278102
98, 55449.79306161642
1239, 55409.01144795368
1209, 55404.10309237521
79, 55359.372543226746
603, 55332.95312022246
1208, 55314.35691378001
355, 55175.06310609386
748, 55159.10607539504
95, 55148.3243311286
184, 55045.14632473162
183, 55045.14632473162
843, 54944.382678014445
463, 54942.502291507946
266, 54935.31904080764
1063, 54867.46797972087
60, 54857.30068593324
477, 54849.26963334087
1261, 54838.40710375858
341, 54754.28704420613
817, 54691.774959967486
171, 54658.91417356432
1359, 54530.181332498585
392, 54520.17703748007
1355, 54519.572402880214
1212, 54484.65251498637
329, 54250.93404668169
650, 54240.45721380098
243, 54202.586182266255
1032, 54087.57155816493
394, 53927.53488747505
406, 53922.569040869465
615, 53913.35979371141
294, 53810.58927094875
1276, 53788.15296993663
810, 53701.76531106581
324, 53652.51381055951
407, 53643.036323683256
1068, 53573.359337463364
1252, 53551.87644089408
678, 53398.24474664145
52, 53087.170034540475
1375, 52946.6059347795
530, 52907.84895848559
1273, 52900.290835442756
1104, 52817.07503570226
629, 52780.056140580244
891, 52716.416258054
974, 52699.19940017748
438, 52680.91700758771
475, 52583.46061349005
87, 52548.155788903525
499, 52470.8074172109
1291, 52410.4904410478
462, 52389.91148803952
76, 52267.90802050889
1114, 52096.34319811041
808, 51892.49147641969
258, 51891.66416868847
343, 51820.08256196182
945, 51752.446700435474
125, 51736.22036433237
848, 51693.39788069763
1213, 51575.14078990067
1332, 51560.11976466623
944, 51537.28121480956
1292, 51340.98799992435
1293, 51329.15302291228
1349, 51328.732281660086
803, 51303.92102830206
735, 51217.88444175939
436, 51209.80253837384
1248, 51122.58287609648
1072, 51120.87953916642
1271, 51117.69118857537
121, 51096.645984642295
937, 51070.88854239045
906, 51059.803286016584
262, 51034.40585817613
1194, 51034.36511085765
1222, 51017.478356963395
165, 50948.54563198572
943, 50895.55821623802
777, 50854.523816942106
115, 50803.55182890483
8, 50740.737071553296
439, 50610.07835364289
152, 50534.88769556522
1071, 50520.67831939666
1070, 50520.677998949446
1174, 50507.124242777434
150, 50507.124242777434
263, 50482.59058732868
307, 50477.01140000503
1283, 50440.29261667573
