1365, 100000.0
373, 99984.74286002808
764, 99461.81483505695
130, 98977.82824321745
1345, 98604.84545395579
1361, 98274.81819067796
991, 97096.33211433887
1229, 97063.91030228326
523, 96986.57770531155
303, 96738.95509448196
1243, 96166.76865830639
143, 95879.27821420404
111, 95866.51607671753
551, 95503.70104576276
1167, 95047.05584361595
230, 95020.5658801408
229, 94975.09935037394
1042, 94506.47613811145
1203, 94500.1212629434
1041, 94101.58349875057
404, 93929.19075151264
1210, 93435.34647858421
841, 93368.98386526528
957, 93257.38951917428
675, 92592.11964728891
372, 92303.03398022805
724, 92120.76910196617
507, 91926.36629445107
1202, 91688.14117850081
842, 91588.76568898189
1320, 91443.83919069916
508, 91441.65644137912
529, 91030.62557664799
818, 90353.62709355229
681, 89916.69828139442
1006, 89659.36745127145
1341, 89581.48584761882
683, 89225.8662155204
725, 88865.85770866969
682, 88682.91217785126
1186, 88451.9844495079
635, 88323.91019642033
634, 88323.91019642033
976, 88321.45515666134
506, 88279.03222734209
975, 88254.74795086076
532, 88222.52356434976
685, 88214.75784912732
1092, 88091.38324085966
1266, 87840.23884173868
84, 87645.79915728282
321, 87633.47557432213
684, 87232.77631863442
333, 87184.8603846237
1391, 86693.32670418052
128, 86604.49696175552
25, 86449.65231231453
24, 85904.11781138403
308, 85617.81962106358
23, 85519.04595750988
77, 85282.30052370469
879, 85276.57832055201
878, 85276.57832055201
1393, 85190.84743618974
505, 85141.01016187249
400, 84922.05934028477
646, 84611.47368499874
1219, 84156.4027459186
1218, 84117.39849807846
1338, 84030.77158639391
1337, 84030.77158639391
914, 83965.55345937019
708, 83839.04587699253
1139, 83760.25735729221
954, 83673.08104893618
1140, 83589.56795529035
521, 83395.89971037809
1141, 83250.71560856138
1138, 83250.71560856138
962, 83128.62420534252
964, 83080.46079743073
963, 83080.46079743073
1267, 83071.28992509749
965, 83064.429905079
283, 82942.56351138042
1126, 82836.20824772146
1265, 82764.71644563113
912, 82699.84866788589
298, 82218.30948638325
608, 82088.30895311045
550, 81949.59948558791
918, 81772.9795584873
805, 81763.69532889641
625, 81668.49130308285
388, 81601.03090859571
144, 81580.07330595046
162, 81505.25995887129
1394, 81077.87029264164
1364, 80981.47165768978
785, 80853.87697038992
387, 80845.05438943295
804, 80800.81144844032
973, 80727.35313985504
687, 80283.60813623897
389, 80279.19649514477
882, 80101.70808070732
1230, 80041.53929710688
1336, 79754.31002609286
533, 79602.95802068991
686, 79422.1713518738
688, 79240.54029404423
895, 79026.78306856964
284, 78943.24232891573
33, 78939.98701697572
443, 78524.2085835143
913, 78087.03502205152
524, 77847.8561184339
1352, 77810.03937886945
1268, 76498.83488264952
339, 76413.565544086
1392, 76381.06678905319
1296, 76146.16401559938
34, 76145.45020855287
1118, 76074.54400428812
595, 76074.54400428812
626, 75922.00654196244
917, 75755.58610498084
933, 75538.18704549776
92, 75467.26031594443
1251, 75315.59227073942
1269, 75299.58953965738
163, 75104.37956706308
91, 74871.4154566919
1211, 74833.19964264336
1297, 74814.6985762509
953, 74439.77307534583
297, 74439.77307534583
129, 73905.71587322805
881, 73654.61882051727
351, 73298.42471067388
1242, 73198.08057875159
1241, 73198.08057875159
117, 73075.81473253305
951, 72683.00195844432
1385, 72064.48328304623
1007, 71934.47072774226
383, 71920.07164748547
318, 71741.65274979697
784, 71692.3970807889
1128, 71587.91584482965
1158, 71325.79004733928
32, 71252.0472077559
1351, 70988.60553266066
910, 70892.12876648769
316, 70213.71226911948
774, 69983.92999906285
773, 69983.92999906285
1093, 69943.4508812359
510, 69943.4508812359
660, 69902.55874405788
96, 69843.16548055416
1146, 69638.36809770777
1130, 69593.83514885246
821, 69372.31701669603
1380, 69370.04933315159
658, 69284.89485047001
1311, 68941.15176487333
1298, 68777.60383853689
511, 68696.04582230964
1196, 68624.99026121362
1197, 68550.01356368295
1386, 68328.59763850186
593, 68236.02878250524
1387, 68233.62689038225
586, 68194.30430459956
1195, 67777.32177302276
1198, 67770.30250453902
1374, 67752.88955012546
1116, 67323.01044843066
1340, 67310.6545229775
282, 67033.40500264235
766, 66923.93842776451
1096, 66885.75192641298
599, 66604.86385586491
883, 66482.87296742636
587, 66339.56586316931
995, 65956.43025408621
758, 65952.08645026562
198, 65900.83045257619
1097, 65826.69845307544
747, 65577.71893198749
669, 65498.37119028394
327, 65441.325305583916
746, 65379.695793937375
990, 65238.46207782343
896, 65217.208039410514
887, 64930.86048547878
880, 64787.13832985365
707, 64683.153124404605
966, 64670.330120900864
1372, 64563.730115484155
806, 64517.033035003034
1127, 64128.136582677806
1129, 64079.49642460231
548, 63944.352485333744
547, 63929.17016326311
340, 63610.30366074789
522, 63522.85455611928
1237, 63374.77189683989
1024, 63374.769216467444
1023, 63374.769216467444
280, 63059.615791480195
839, 63016.76729491372
175, 62836.285488451125
1054, 62797.07873151777
672, 62728.060549283415
1022, 62569.56993090746
1098, 62511.80218129907
431, 62483.50831795333
1064, 62465.548448080575
344, 62181.04616164089
664, 62134.86259841887
1049, 62077.25639940033
1156, 61988.41106779772
1050, 61767.93842298585
624, 61665.07725295059
1021, 61643.20950593846
1151, 61313.786428846506
755, 60692.85876504586
1275, 60609.994704041004
1154, 60424.317401039276
66, 60408.319880917996
559, 60371.029184506544
296, 60345.83813372004
265, 60327.39611021486
440, 60307.53116816426
377, 60229.9376351357
336, 60104.81814514754
996, 60009.17586355695
911, 59757.85446109441
738, 59537.89507815178
292, 59536.204484235655
950, 59436.21478743889
578, 59242.27789922668
767, 59041.019386755026
1055, 59013.50155069519
952, 58838.08619773081
1220, 58541.01455855556
378, 58403.14635702598
1233, 58048.28821869882
941, 57986.89056838239
35, 57982.675946723204
959, 57958.82984245966
1215, 57951.783929225756
893, 57899.40153759646
301, 57698.983416174335
722, 57642.91726363928
760, 57630.52652785355
627, 57410.815367228286
27, 57396.292651813594
721, 57376.354786645075
261, 57319.0957876227
542, 57255.65685092139
539, 57255.65685092139
1420, 57192.145041989475
823, 57101.500222462346
1339, 56923.97253916518
201, 56797.804262037076
1295, 56655.617709002894
982, 56551.67399902538
924, 56550.18279697428
916, 56427.955234720604
838, 56390.00899004213
822, 56341.817627769306
1107, 56283.785573957066
263, 56180.57686956096
1070, 56133.481432839515
1071, 56133.48103723421
439, 56023.52377972709
8, 55864.28484037631
115, 55788.34170307399
943, 55677.814380132506
1194, 55512.64007031707
262, 55512.59185815132
906, 55482.57289885476
937, 55469.490000842314
121, 55439.13658596092
1072, 55410.63716664531
436, 55306.54157692164
735, 55297.117953648325
803, 55197.18002022021
1349, 55168.48902672583
1293, 55168.00299030758
1292, 55154.338103483
28, 55131.160899518414
944, 54929.58507243936
1332, 54903.66472876863
1213, 54886.6426249083
848, 54753.34297918194
945, 54687.25202893359
1114, 54308.4232870773
76, 54123.22509247805
462, 53993.02517171601
1291, 53971.184952083175
499, 53907.37128560841
87, 53825.97286236649
974, 53668.41086114477
629, 53584.81152907303
1104, 53546.709004690565
1375, 53414.22890228805
52, 53271.92981703217
491, 53135.06987928477
678, 52962.32080823594
1252, 52812.0484278421
1068, 52791.17164477751
407, 52723.68867083061
324, 52714.53646152594
810, 52667.07835050011
1276, 52584.25144536466
294, 52562.825929819235
615, 52465.135072279045
406, 52456.416877378375
394, 52451.718255481595
243, 52194.1073106448
650, 52159.03900043627
329, 52149.35448327753
1212, 51935.20235678676
1355, 51903.5136292054
392, 51902.965639715185
1359, 51893.90203843751
171, 51777.850272041
487, 51771.69069760353
341, 51692.556415362065
1261, 51617.80418623323
60, 51601.07582786302
843, 51524.26169064698
95, 51346.20003724146
355, 51323.042783654746
1208, 51203.10395877745
603, 51187.179666789714
79, 51164.59160154877
1209, 51126.44233197013
1239, 51122.26336120715
1206, 50999.387181074904
323, 50920.14059856446
859, 50881.74292199895
376, 50849.86550165444
716, 50817.34844030322
925, 50768.484832038084
1047, 50728.14966609597
317, 50687.68275770732
736, 50664.7851315361
884, 50660.52632013988
447, 50630.234349027545
319, 50591.87357449884
1131, 50570.43852766824
610, 50524.237281611306
988, 50513.880837228484
100, 50488.76093256669
1257, 50477.531892713225
714, 50452.281533537745
101, 50402.48046258933
543, 50401.188705676934
472, 50382.54991593921
979, 50278.7350748293
561, 50232.514544831145
1353, 50205.5358416365
1289, 50146.82327093839
82, 50146.82327093839
779, 50123.77412850383
723, 50066.275526561854
737, 50019.508395972036
1207, 50014.203594456776
671, 49912.74954297591
75, 49890.20781648631
1205, 49835.48351715766
1095, 49750.98655140473
1014, 49672.96860803621
907, 49592.547327604814
197, 49589.578062302215
1254, 49560.38069265429
385, 49313.322541533336
998, 49130.85013383682
1244, 49059.733181191514
715, 49053.450194820456
616, 49053.06176776736
677, 49049.002878699655
57, 48916.4124764344
797, 48914.174604320004
1327, 48908.16353435898
894, 48895.41729432209
1153, 48781.20359175178
1226, 48752.03348960756
489, 48735.78913920941
1045, 48634.750804261676
649, 48487.26548258069
585, 48445.79108135611
1053, 48441.87661966779
1033, 48427.81888851371
1335, 48405.8543988624
926, 48316.36180960058
375, 48140.144987281325
118, 48104.72548894672
652, 48061.63483720173
320, 48042.864914428115
49, 47990.61137806912
9, 47978.678460325384
931, 47865.07698792527
648, 47862.014643241775
393, 47741.81170291044
602, 47617.9834296522
448, 47433.29914709009
1402, 47366.187788715266
300, 47342.560646918355
1142, 47300.094926443235
1073, 47260.99372564801
1331, 47211.87219997763
935, 47206.96693226486
1366, 46768.43302301156
181, 46601.19480438765
946, 46594.59833976206
1377, 46565.54478980679
573, 46525.570148904546
541, 46515.24812377205
590, 46450.84585342739
1038, 46382.92932384247
994, 46199.16877115583
1069, 46123.88502152968
126, 46018.76332192325
651, 46006.083619487916
1259, 45948.319156073085
1260, 45865.92040314813
614, 45844.4608072146
639, 45749.80204353962
789, 45703.420661372766
147, 45678.87317986885
1357, 45588.98423822563
928, 45573.1301765145
680, 45560.23437507784
888, 45454.089978901444
631, 45432.860093083465
997, 45307.770542652004
873, 45307.770542652004
50, 45253.31568701175
196, 45251.2328669881
1358, 45221.85224909493
1294, 45214.5242829238
837, 45185.84090901799
312, 45179.83514457821
182, 45080.46443410241
572, 45007.94965846573
199, 45001.449845043906
58, 44953.04711588715
1099, 44862.95502867522
97, 44796.93508009861
851, 44703.13100603087
989, 44690.17600380307
403, 44690.17600380307
1325, 44630.14164715866
453, 44620.99192396047
452, 44620.99192396047
127, 44609.460804487404
1143, 44537.452428380115
1165, 44449.53246406951
628, 44384.560480752116
936, 44373.24689298679
718, 44257.255125888325
1231, 44191.74256941944
844, 44160.3736897433
293, 44107.86685113403
1238, 44096.531645036055
849, 44042.70891895136
1089, 44013.29271174023
1164, 43995.04240594985
200, 43995.04240594985
549, 43989.10161796053
188, 43957.74104506319
1333, 43899.43972758302
202, 43815.53915482882
245, 43752.52646361695
1258, 43730.54315834024
138, 43627.30552630561
402, 43595.142151691056
1161, 43580.083608523506
232, 43574.38073877172
1091, 43414.37928114675
1090, 43414.37928114675
591, 43399.127312704324
357, 43269.40823830272
214, 43209.38453287343
679, 43179.30111029503
875, 43075.46296623509
567, 43026.46839217805
1187, 43018.25604913998
744, 43006.45487687975
1134, 43005.44097606252
1309, 42839.28226220796
1319, 42740.53695387397
493, 42734.495923110575
1048, 42712.80540287203
