1386, 100000.0
1387, 99796.71509011528
586, 99712.62169429674
1197, 99529.50970857698
1196, 99371.87501184606
511, 99223.26056938418
1298, 99053.60362253913
1195, 98823.632862802
1198, 98808.71096452563
1374, 98771.69978054747
1311, 98716.33280949653
658, 98019.9940658787
1116, 97860.74664391327
1380, 97850.06301977535
821, 97845.55146286404
1340, 97834.6413179717
1130, 97408.24177321114
1146, 97321.13238643733
282, 97250.01542583403
766, 97019.78710046166
1096, 96939.55353392201
96, 96923.94983600183
660, 96809.80122422977
1093, 96731.47867126319
510, 96731.47867126319
774, 96654.16184080309
773, 96654.16184080309
599, 96350.64293794785
316, 96219.27238210657
883, 96095.56691271579
587, 95796.45198033113
995, 94999.57034975897
758, 94990.55906723397
910, 94973.77670575192
198, 94884.26722938566
1351, 94801.17165960159
1097, 94730.66499007968
32, 94335.38524313034
747, 94215.8869941606
1158, 94206.43234608675
669, 94052.18995726359
327, 93934.60919296043
746, 93807.68109323586
1128, 93753.02422151502
784, 93574.42977255957
990, 93517.19746520619
896, 93473.5302323076
383, 93189.38172512305
1007, 93165.2177810266
887, 92886.41820387379
880, 92592.57736441088
707, 92380.32758604878
966, 92354.1741034642
1372, 92136.92710334566
806, 92041.85659355046
951, 91938.92759297576
117, 91318.00859799093
1127, 91252.37768262657
1129, 91153.92063487621
1242, 91127.79607852793
1241, 91127.79607852793
351, 90972.75033864309
548, 90880.69447405689
547, 90850.03013192539
881, 90429.98029892391
340, 90207.41686887313
522, 90031.65067356496
1237, 89734.47563220325
1024, 89734.4702584097
1023, 89734.4702584097
953, 89273.9028768633
297, 89273.9028768633
280, 89103.93337010057
839, 89018.4060553556
1297, 88740.56830480487
1211, 88714.55278009851
91, 88660.90400885689
175, 88658.6833131678
1054, 88580.65160343572
163, 88336.43015007208
1022, 88128.6379859109
1269, 88067.89472360106
1251, 88046.01489471913
1098, 88014.07891924032
431, 87958.00094399303
1064, 87922.41551682583
92, 87839.64284640491
933, 87743.74882306927
917, 87452.23206531676
344, 87359.81709934739
664, 87268.68650015186
626, 87231.49841311312
1049, 87155.09323713859
1118, 87030.99730626009
595, 87030.99730626009
1156, 86980.06661888203
34, 86938.38121878727
1296, 86937.4507382514
1392, 86633.2600235207
339, 86591.48945301157
1050, 86546.60477681067
1268, 86482.25244132239
624, 86344.79821297103
1021, 86301.92991852741
1151, 85657.6165627032
1352, 84865.5196710373
524, 84820.57954344306
913, 84538.44726038753
755, 84450.59787913901
1275, 84290.24954908641
443, 84031.95811880195
1154, 83931.570911434
66, 83900.70812503473
559, 83828.79072390872
296, 83780.22776744135
265, 83744.68547304731
440, 83706.41030150834
33, 83560.97070673952
284, 83557.32343100557
377, 83556.99911468671
895, 83463.935139615
336, 83316.38753184568
688, 83226.81894060489
996, 83132.72294971907
686, 83027.39117858703
1336, 82667.49296701221
911, 82651.17685687666
1230, 82361.14412725068
882, 82297.53444619583
738, 82230.99373790222
292, 82227.76881953413
389, 82111.01956636026
687, 82106.40481023575
950, 82037.15601725515
578, 81668.14374377311
973, 81647.41257050353
804, 81572.40757390374
387, 81527.36517670141
785, 81518.3950129205
1364, 81389.10411066398
1394, 81291.96440722077
767, 81286.16606367294
1055, 81234.01494770635
952, 80902.00211709956
162, 80866.80289830419
388, 80772.7466533114
625, 80706.75736447262
805, 80613.99738904327
918, 80604.97445381878
550, 80434.09687653187
1220, 80341.41750929691
608, 80300.9169856906
378, 80081.97455334256
912, 79724.21770006827
1265, 79664.02669509333
1126, 79597.90336997708
283, 79499.9476514851
1233, 79416.28240594956
965, 79388.3089412036
1267, 79382.04369464186
964, 79373.6711101323
963, 79373.6711101323
962, 79329.75940275111
941, 79301.4080830768
35, 79293.52585227745
959, 79248.93654269015
1215, 79235.76412279435
1141, 79218.89007674667
1138, 79218.89007674667
893, 79137.87147968962
521, 79087.87386371147
1140, 78914.48218569973
954, 78840.19376522639
301, 78763.92755657932
1139, 78762.95338811327
722, 78659.48797579986
760, 78636.41660565208
914, 78582.28250087668
1338, 78525.24470251061
1337, 78525.24470251061
1218, 78449.74773677108
1219, 78415.85283865752
627, 78227.91732240435
721, 78163.94911460637
261, 78057.72237895284
646, 78024.83245763255
542, 77940.12027008976
539, 77940.12027008976
1420, 77822.4773437566
400, 77762.57063762707
823, 77654.73909628241
505, 77579.88390954293
1393, 77538.55163030289
879, 77467.66688879597
878, 77467.66688879597
77, 77462.94529000338
1339, 77326.77881460571
23, 77268.6522694937
308, 77188.19442922247
201, 77094.1439858562
24, 76956.96703640274
1295, 76832.41616957856
982, 76641.37913348425
924, 76638.64028431346
25, 76524.36093217356
916, 76414.32266728322
838, 76344.75198184384
1391, 76334.43634726338
822, 76256.44563211547
1107, 76150.17793513995
263, 75961.37420619355
333, 75957.37070425326
684, 75921.038541562
1070, 75875.30180864022
1071, 75875.30108583877
439, 75674.5389932216
321, 75620.10663933915
84, 75610.93266054272
1266, 75466.82039622786
8, 75384.28698951675
1092, 75282.42663552456
115, 75246.06553249704
685, 75192.55563713411
975, 75163.52509344884
506, 75145.91984853428
976, 75115.20770338914
635, 75113.43204464216
634, 75113.43204464216
943, 75045.13295838535
1186, 75021.05230774074
682, 74855.72798724781
1194, 74745.37185534071
262, 74745.28444931773
725, 74725.87767911701
906, 74690.87192641088
937, 74667.16417432185
121, 74612.17511563498
1072, 74560.56375683816
683, 74473.20509444851
436, 74372.20642371167
735, 74355.1667711483
1341, 74227.2588690921
803, 74174.58361199571
1006, 74173.87189258053
1349, 74122.78186168754
1293, 74121.90447965065
1292, 74097.23910624924
681, 73998.67327207801
818, 73705.34921516334
944, 73692.15718795588
1332, 73645.51266426408
1213, 73614.88899770606
848, 73375.29979680247
529, 73260.89624521363
945, 73256.6567644312
508, 72996.82626760652
842, 72903.34918662264
507, 72690.85445292632
1114, 72578.47739529987
724, 72569.7555195905
372, 72457.04466710391
675, 72279.8973006628
76, 72248.09254434146
462, 72016.27493091393
1291, 71977.4255279064
957, 71879.61733070282
499, 71863.97379666637
841, 71813.46153121776
1210, 71774.25267374532
87, 71719.38862443544
404, 71485.54048116473
974, 71439.929393447
629, 71291.87427932094
1104, 71224.44502383222
1375, 70990.24407454935
229, 70891.39184498969
230, 70866.08159923388
52, 70739.11038421135
111, 70402.75385615016
143, 70395.87258672967
678, 70194.22005715544
1252, 69930.49759798397
1068, 69893.89809854545
523, 69810.68139175377
407, 69775.65649261739
324, 69759.62780921448
991, 69753.92718514205
810, 69676.54109833956
1276, 69531.64869321992
294, 69494.19213087359
615, 69323.53139692801
406, 69308.31109911145
394, 69300.1088795687
1345, 68995.63193754558
243, 68851.12774637471
650, 68790.11776458054
329, 68773.27376561915
764, 68582.16247398514
1212, 68401.31416726984
1355, 68346.35678611282
392, 68345.40660148882
1359, 68329.69172095292
1365, 68328.59763850186
373, 68321.47404495675
171, 68128.62947663805
341, 67981.03735823727
1261, 67851.8125629342
130, 67849.81638134371
60, 67822.91022887015
843, 67690.27060105749
1361, 67518.72014514338
95, 67383.27744266673
355, 67343.40126479432
1208, 67137.0493981481
603, 67109.67465670283
79, 67070.85360584449
1209, 67005.31243245261
1239, 66998.13472696314
1229, 66944.93015153716
303, 66790.1929575843
1206, 66787.24815250644
323, 66651.40777898829
859, 66585.63544581154
376, 66531.05509273065
1243, 66516.9454941558
716, 66475.40128801415
925, 66391.81119372815
1047, 66322.84785053157
317, 66253.69313083982
736, 66214.5779335475
884, 66207.30395487644
551, 66199.04105949163
447, 66155.57660115772
319, 66090.09798060967
1131, 66053.52340139973
1167, 65979.31602786342
610, 65974.72257642815
988, 65957.06467581092
100, 65914.24403777337
1257, 65895.10666838578
714, 65852.0826156222
101, 65767.26515638588
543, 65765.06581246766
472, 65733.33525416843
1042, 65718.36796486094
1203, 65715.29493826235
979, 65556.73231659512
1041, 65522.322215237575
561, 65478.17628571373
1353, 65432.343780473355
1289, 65332.65212027565
82, 65332.65212027565
779, 65293.53489413501
723, 65196.00014548449
737, 65116.71907914961
1207, 65107.72904337288
671, 64935.90576824211
75, 64897.75748825767
1205, 64805.18846343431
1095, 64662.37729062307
1014, 64530.64557069651
907, 64394.98535286658
197, 64389.97910317431
1202, 64343.04018063778
1254, 64340.761194037725
1320, 64222.63391932262
385, 63924.98737921791
998, 63618.69649166287
1244, 63499.5040331954
715, 63488.97859827869
616, 63488.3279204327
677, 63481.52880921484
57, 63259.606394443625
797, 63255.863796171034
1327, 63245.81143099539
894, 63224.49817800704
1153, 63033.66429485127
1226, 62984.96729949419
489, 62957.85611765211
1045, 62789.34546150924
532, 62616.88036669458
649, 62543.73650949609
585, 62474.74673770268
1053, 62468.23707045065
1033, 62444.86187107845
1335, 62408.34717357101
926, 62259.66994617154
375, 61967.37878222827
118, 61908.70256610647
652, 61837.351680666674
128, 61797.42082871249
49, 61719.82875554715
9, 61700.09305194026
931, 61512.34949072757
648, 61507.292021413305
393, 61308.92224270902
602, 61104.86622769533
448, 60801.08374798947
1402, 60690.85906213518
300, 60652.074405139814
1142, 60582.39301225786
1073, 60518.263473664825
1331, 60437.74186132953
935, 60429.703563610914
708, 60376.3477931807
1366, 59712.9607734935
298, 59531.24542170176
181, 59440.604436448884
946, 59429.87278320718
1377, 59382.61611796479
573, 59317.622421058404
541, 59300.84510507193
590, 59196.21250629152
144, 59195.92072995453
1038, 59085.95659632779
994, 58788.08196644799
1069, 58666.23388385812
126, 58496.27340016792
651, 58475.78711896873
1259, 58382.49722623112
1260, 58249.53263299384
614, 58214.9250438847
533, 58147.96011751489
639, 58062.374459944156
789, 57987.68894937832
147, 57948.17791140796
1357, 57803.59213152121
928, 57778.10682244451
680, 57757.38040103906
888, 57586.902002544404
631, 57552.830207519146
997, 57352.24662577459
873, 57352.24662577459
50, 57265.019139212956
196, 57261.68391950408
1358, 57214.64541687519
1294, 57202.915835275126
837, 57157.01320280644
312, 57147.40400095484
182, 56988.509387182814
572, 56872.67437587645
199, 56862.296386997834
58, 56785.038553018
1099, 56641.35495469098
97, 56536.15902460336
851, 56386.83164311946
989, 56366.22135329107
403, 56366.22135329107
1325, 56270.752616472986
453, 56256.20828877597
452, 56256.20828877597
127, 56237.88072747159
1143, 56123.48646040757
1165, 55983.94506055333
628, 55880.91735475045
936, 55862.98510064214
718, 55679.272404039206
1231, 55575.62061139949
844, 55526.01783440805
293, 55443.0307385483
1238, 55425.122100659566
849, 55340.11915339185
1089, 55293.684264463016
1164, 55264.88328017186
200, 55264.88328017186
549, 55255.509385600046
188, 55206.03667732306
1333, 55114.11172631817
129, 55048.15294039096
202, 54981.9332909208
245, 54882.74678817875
1258, 54848.160584911675
138, 54685.855603021075
402, 54635.32974473577
1161, 54611.680574313024
232, 54602.72540025314
1091, 54351.71789060322
1090, 54351.71789060322
591, 54327.81519830287
357, 54124.69198100266
214, 54030.80602125766
1385, 54020.118574305496
679, 53983.77566617638
318, 53838.51243173442
875, 53821.56815597535
567, 53745.100538529055
744, 53713.87719450224
1134, 53712.29558727973
1309, 53453.351389497846
1319, 53299.70087402093
493, 53290.30655124131
1048, 53256.58133143056
731, 53163.672776695224
457, 53146.49353073346
59, 52757.82135561095
763, 52734.71222647635
666, 52718.41444823775
405, 52669.7321875626
1163, 52617.491806260194
657, 52443.81204119679
