1419, 100000.0
1379, 99917.45691969295
136, 99791.51521156666
102, 99787.30285350684
612, 99562.17521448077
65, 99002.18770129253
62, 99002.18770129253
112, 98767.35036725592
137, 98747.7487833685
135, 98625.02327262958
4, 98492.65800258372
1236, 98456.91380175643
1299, 98372.22359299565
1084, 98148.09495259232
1082, 98148.09495259232
750, 97276.32185870316
461, 97127.04657629773
751, 97036.06738744417
15, 96469.12551320615
544, 96329.03415193471
363, 96187.75693766755
1020, 96082.9656070958
698, 96010.92831389565
1286, 95950.6204089999
1318, 95895.63573381414
364, 95875.93725621668
845, 95764.13530849623
1149, 95763.77883012845
799, 95735.94346050292
798, 95735.94346050292
217, 95686.71122075661
156, 95539.7290713157
1193, 95416.1225223595
1285, 95364.09307409183
633, 95304.43523306261
1362, 95017.77129110965
239, 94982.4402541137
21, 94982.4402541137
692, 94886.41048226725
609, 94860.97001445705
272, 93903.5564338568
350, 93562.12384707929
425, 93505.93809890818
613, 93494.05607812671
348, 93492.94781856987
1348, 93261.22075456024
1255, 93230.1224552396
1413, 93047.81098715037
416, 92814.78839337616
177, 92594.53672505477
3, 92575.1778020134
2, 92575.1778020134
643, 92543.9089872229
396, 92315.63641869201
44, 92315.63641869201
108, 92185.81076063112
291, 92003.55176688076
512, 91950.09840486546
754, 91812.803341821
915, 91700.07521021536
1148, 91556.4671524391
1308, 91455.90520961481
712, 91173.34391560884
1144, 91119.04021994311
1246, 90239.03300246871
811, 90215.09582410447
411, 89465.6799708318
426, 89352.10889577938
414, 89352.10889577938
1100, 89265.3680572086
1262, 89246.97407015615
352, 89212.26610715278
479, 89182.19933982856
427, 89057.05093407015
422, 88922.84336252729
413, 88922.84336252729
421, 88898.33359901697
219, 88867.81017487554
955, 88781.9908421713
575, 88671.92245909001
775, 88405.1529764937
412, 88252.0328935157
984, 87920.5752375978
480, 87876.31774399235
1117, 87364.78636895158
636, 87130.53449894255
428, 86878.99522893991
908, 86497.71126690727
987, 86332.20636025754
985, 86332.20636025754
459, 86054.74873206198
986, 86032.60065067149
705, 85915.8392681534
703, 85915.8392681534
696, 85677.82897932673
382, 85520.58102842985
518, 85443.76112869653
1103, 85229.01674581069
470, 85029.38452265109
1036, 84732.20205075848
179, 84619.72266515784
285, 84561.14548513097
1312, 84529.74838212634
812, 84484.90566962576
41, 84076.66061368925
189, 83929.25636087345
169, 83623.60581975817
813, 83608.18797657712
435, 83602.95388902418
1067, 83576.81164868725
961, 83198.28692423698
158, 83137.53095793823
157, 83137.53095793823
176, 82943.23083168731
46, 82848.78612742001
218, 82817.50168365694
170, 82796.52485008056
53, 82796.52485008056
88, 82664.18698143732
513, 82593.60253731876
11, 82552.78251270037
473, 82523.89406816337
1192, 82492.84279403037
20, 82467.61266356651
1240, 81707.0598347394
246, 81679.15307110065
242, 81652.3911650782
662, 81549.72610357353
1152, 81466.36064058596
663, 81276.97770640673
210, 81199.9251539878
146, 81199.9251539878
159, 80686.97522828354
160, 80676.51852024326
161, 80669.3552809828
216, 80628.33109952211
782, 80415.59600013624
358, 80414.23339190039
594, 80129.22436114172
704, 79792.87512838736
702, 79792.87512838736
1173, 79635.40788637639
305, 79587.53176213389
1170, 79219.10795727016
620, 79124.62616575237
795, 78982.73197157201
251, 78571.52129900767
604, 78150.64894877956
180, 78076.35246876838
55, 78053.11435095401
697, 77797.21024059043
330, 77770.94917898584
1043, 77744.27907229739
695, 77506.05445925918
249, 77417.50073164041
209, 77092.54185735948
460, 76978.83911795513
791, 76927.23879501203
39, 76904.88072697807
1264, 76899.48906858549
1263, 76899.48906858549
192, 76697.35468817895
191, 76697.35468817895
749, 76685.80929853753
905, 76467.93738039919
899, 76467.93738039919
619, 76463.77432049515
194, 76462.04992244054
656, 76051.71599022234
694, 75791.07487476151
691, 75757.92696918681
40, 75619.1783240102
699, 75518.04691638022
1058, 75402.75793525336
606, 75083.77858613573
444, 75040.6518618736
366, 75025.6198564556
1381, 74996.42730739663
1401, 74921.84870801042
759, 74909.62920568159
556, 74819.72003822579
172, 74795.18936276506
397, 74665.18668383501
835, 74648.53576392759
600, 74582.1814885925
1002, 74515.31416945999
545, 74500.6224299543
398, 74474.38421415022
1403, 74314.91412897117
228, 74281.73318311278
500, 73890.2978361536
504, 73759.91138196446
61, 73694.20998823337
250, 73492.69954503234
645, 73376.6808708983
644, 73376.6808708983
63, 73376.6808708983
64, 73218.17984901245
706, 72984.33090439985
1280, 72946.82851147822
693, 72899.45685182842
868, 72710.72785413997
309, 71892.04993125277
270, 70986.79442508343
268, 70986.79442508343
1044, 70394.82317899323
1398, 70363.67700202153
834, 70342.8520841194
1382, 70323.73280280193
659, 70132.86486933583
1028, 69865.63696030044
424, 69660.62624769857
423, 69643.97058153682
471, 69512.32865688558
418, 69485.75160518472
1136, 69446.20848818845
1313, 69419.28956865678
164, 68795.80235187963
1389, 68535.58053076889
1057, 68068.91032456238
653, 68039.87983734005
558, 67934.17057007062
134, 67792.25122309066
1414, 67729.03514626635
238, 67678.39860095776
1076, 67651.15795723122
1075, 67458.14545406158
840, 67411.08604957064
546, 66681.67190034104
399, 66255.75180400262
701, 64459.05689034114
43, 64117.48984764504
45, 64095.56700104629
745, 63852.90887883997
830, 63324.25977921586
920, 62442.33894612926
1302, 62399.68125511966
93, 62218.96100603642
142, 62165.190566258665
19, 61895.327193022786
1334, 61507.95971432559
1199, 61478.054824236904
5, 61399.63563268155
503, 61375.00096317541
919, 61288.96864243885
369, 60961.7825592039
1003, 60805.00737998602
1373, 60773.38371305595
1147, 60756.509174011655
464, 60756.509174011655
1004, 60724.097262237345
145, 60699.63363659415
353, 60060.908387833224
1035, 60002.15719381722
661, 59703.58833679716
1029, 59665.91418487612
516, 59195.448992944766
269, 59076.83315619029
6, 59002.02428173093
1172, 58858.16358824171
74, 58745.10198182267
133, 58006.84373543147
932, 57736.367478116015
141, 57356.443755730346
690, 57345.02536374788
502, 57261.272759579675
765, 57245.42325478662
515, 57245.42325478662
514, 57245.42325478662
123, 57183.822630135015
1060, 57165.15338902348
739, 57113.73528835884
740, 57078.01288934594
1162, 56688.96179999713
829, 56688.96179999713
481, 56682.16649960148
828, 56580.263418062415
654, 56541.93004359993
1080, 56294.71245022506
1314, 56206.55549682541
274, 55255.09492927672
271, 55255.09492927672
1077, 55130.560760931934
1396, 55026.74376832337
1245, 54711.14412296128
227, 54264.41303653574
362, 53820.57013771483
1074, 53413.1298407217
256, 53248.18495975464
831, 53030.46225308299
796, 52593.72701207936
852, 52535.898316382336
273, 52377.811980632105
794, 52266.252651221126
1190, 52047.19045220732
674, 52029.15475635199
1188, 52026.51876427851
139, 51985.64433068937
1404, 51960.67600476948
1228, 51947.65477971081
865, 51947.65477971081
1317, 51864.8512326918
815, 51843.87718085105
501, 51648.085625342566
1344, 51351.076792498476
1039, 51033.210033556694
1061, 50925.25441344458
700, 50718.5147242251
866, 50629.04851655097
302, 50600.44128298411
673, 50563.229777072
992, 50558.43560284755
860, 50466.441904250714
562, 50455.14936920593
1085, 50439.414229071444
564, 50385.3370655201
451, 50286.27265797843
1234, 50285.06784030008
1086, 50278.488572163216
1399, 50199.77781651927
1288, 49750.57553822165
1397, 49711.54770944074
1109, 49680.9354009389
1081, 49666.15178045446
1110, 49480.665742554236
1108, 49480.665742554236
607, 49371.47512640242
1101, 48976.40298631662
151, 48927.52372462734
401, 48876.642224731484
1395, 48861.84224919872
861, 48840.762638262466
124, 48777.01826264404
149, 48776.513507054486
264, 48305.60795899196
1056, 48291.33205786321
922, 48141.45252721893
1106, 47953.09214241906
1105, 47953.09214241906
1102, 47953.091401473845
409, 47832.70278922526
391, 47816.76044797367
155, 47772.79515660389
1400, 47702.567744826854
1088, 47687.07006710613
1232, 47672.042318936095
437, 47635.15922770627
1018, 47608.9100656443
154, 47608.9100656443
571, 47447.253235956705
709, 47323.675896058034
554, 47285.84116738622
555, 47193.13225709721
855, 47123.24968644628
454, 47117.18591732767
1059, 47080.78915965742
856, 47041.63788972138
854, 47041.63788972138
442, 46844.220878414955
233, 46762.59374322909
1113, 46762.48531452112
1323, 46253.98835560313
168, 46048.819057779314
26, 45901.94791637176
434, 45843.36683987411
390, 45822.14201160763
72, 45741.8634788116
553, 45684.94261431704
419, 45621.11715326779
417, 45542.99055110451
167, 45542.7502675022
267, 45535.49332660075
1027, 45268.339498579015
410, 45244.6496367195
993, 45022.36309055346
187, 44919.327578880395
42, 44554.897168675925
647, 44456.133058702304
903, 44454.28363774936
1410, 44403.31584079855
122, 44361.79337662252
1300, 44360.924522573194
574, 44341.79155495712
1015, 44272.15471226055
968, 44041.88688247086
1016, 43818.81279537277
1409, 43792.43650090341
1065, 43792.43650090341
85, 43792.43650090341
1408, 43783.405919102705
1407, 43779.7873132251
601, 43778.65574376673
86, 43747.0545817693
441, 43494.118870931634
1017, 43464.35548103345
783, 43283.54737859292
802, 43249.87044260584
801, 43249.87044260584
346, 43240.68618617854
970, 43058.409470483544
304, 42501.43913421589
1191, 42468.011445461176
1189, 42314.609409222445
565, 42186.24621660344
762, 42065.33963023922
772, 42014.76114487255
1066, 41989.06222351777
776, 41781.46688852468
1287, 41699.187610863686
420, 41585.88324856356
969, 41570.10937919211
415, 41515.02483395953
1155, 41477.71118291601
972, 41361.93325848934
967, 41361.93325848934
361, 41357.40840907661
1346, 41270.419713152995
853, 41264.24553560643
583, 40867.365773825055
222, 40529.74460080714
367, 40321.03506618556
116, 40018.450611016844
347, 39994.25615621113
858, 39945.41144756967
1290, 39784.47784066856
827, 39756.3643540196
1040, 39652.317938105625
971, 39399.184638862826
846, 39351.48787860185
517, 39350.82989313748
1342, 39292.604769734404
540, 39167.07602348537
1204, 39102.456077132985
495, 38960.5897542791
1201, 38929.69737530612
433, 38918.3129196635
204, 38915.085842170425
488, 38852.377607402
509, 38835.4799078546
930, 38783.10087857942
277, 38707.28004958243
1274, 38697.17699993887
252, 38654.32632015898
1200, 38489.22505329477
1169, 38401.15077780492
885, 38009.49381034388
1224, 37982.195447345715
867, 37923.415244850825
781, 37905.267455168134
153, 37891.729662919635
231, 37711.82235094177
30, 37592.02500307762
220, 37499.4686474326
354, 37487.59843563408
299, 37449.42340833156
107, 37374.215787655165
584, 37329.95343830902
380, 37301.499391153266
978, 37264.83461355537
279, 37170.25286586507
450, 37054.06405451625
449, 37054.06405451625
278, 37034.72778988501
478, 36948.39376397418
771, 36907.6543115043
221, 36805.536004943206
106, 36741.91680690667
1111, 36736.21536245252
622, 36732.32034055793
621, 36732.32034055793
581, 36655.58046294034
1013, 36294.727522478584
1012, 36281.74866425559
618, 36273.58532576781
1137, 36182.33848519401
56, 36053.34617847616
1310, 36048.25944028591
557, 35793.75087212411
780, 35719.3288882721
534, 35635.693707986815
836, 35628.638488603196
29, 35483.56966042292
1217, 35390.326624821566
1216, 35390.326624821566
131, 35231.33301270933
536, 35202.20015338522
535, 35202.20015338522
395, 35073.22928694849
847, 34999.45628808285
1112, 34781.470759337324
1306, 34722.09456701935
596, 34704.62681696534
605, 34659.39675428143
977, 34592.33521774773
1052, 34521.2040186656
598, 34389.42142853819
178, 34342.89485522623
381, 34034.409388059554
173, 33930.85835186735
597, 33892.79891300865
