701, 98596.32447323922
43, 97799.40864090758
45, 97748.41237457162
399, 97292.08341692023
745, 97185.16930074139
546, 96388.02055221221
830, 95965.80578055332
840, 94903.64991069831
1075, 94810.53478857265
1076, 94431.87340894676
238, 94378.84784030679
1414, 94280.55182961046
134, 94158.32868528101
920, 93954.78873314387
558, 93885.91278991384
1302, 93858.24431777492
1057, 93629.77533472641
93, 93449.96885679396
142, 93328.7226815149
19, 92721.79636197057
1334, 91855.19467242935
1199, 91788.51662943944
5, 91613.8194914533
503, 91558.98530616923
919, 91367.65610072321
1313, 91189.791249064
1136, 91143.38245504849
418, 91075.35994734152
471, 91029.74224432542
423, 90804.97045818262
424, 90776.67120438094
369, 90642.42097137377
1028, 90430.87791728103
1003, 90296.25725179714
1373, 90226.53626921547
1147, 90189.34720789446
464, 90189.34720789446
1004, 90117.94407184147
145, 90064.07536436012
659, 89987.07160296247
1382, 89674.78028054662
834, 89643.71038306251
1398, 89609.9124084619
1044, 89559.44825871353
353, 88665.00373696128
270, 88619.244940556
268, 88619.244940556
1035, 88537.02580086433
661, 87888.48972793351
1029, 87806.87335960726
309, 87247.7474683727
516, 86791.74765401619
269, 86536.99577336968
6, 86376.57271782254
868, 86071.63729300184
1172, 86068.60212624667
74, 85827.05285511022
64, 85371.23242004812
645, 85156.75295416587
644, 85156.75295416587
63, 85156.75295416587
250, 85001.02417222108
61, 84733.0475087489
504, 84646.3549310734
500, 84475.28935635215
133, 84260.28542382955
228, 83969.41645246431
1403, 83927.05665442739
398, 83724.59100439306
545, 83691.45488625241
932, 83690.7759188199
1002, 83672.92239359792
600, 83588.77005969734
835, 83505.57913295714
397, 83484.75238607753
172, 83322.8207857748
556, 83292.39869238206
759, 83181.25595403575
1401, 83166.19405657121
366, 83038.7011797884
444, 83020.2944960366
141, 82894.85501741456
690, 82871.00673128938
502, 82696.21141077454
765, 82663.15836097432
515, 82663.15836097432
514, 82663.15836097432
1058, 82581.54236429384
123, 82534.77163906528
1060, 82495.88581097292
699, 82443.69760092816
739, 82388.84613064227
740, 82314.53118966124
1162, 81507.82553102853
829, 81507.82553102853
481, 81493.7784050783
194, 81347.27703660299
619, 81345.32534372901
905, 81340.61429494627
899, 81340.61429494627
828, 81283.30282893806
654, 81204.21286803875
749, 81095.53238675422
192, 81082.62501158858
191, 81082.62501158858
1264, 80857.93343797083
1263, 80857.93343797083
460, 80770.38927331952
1080, 80695.27145864803
209, 80645.58771943892
1314, 80514.25300460623
249, 80293.02586209931
1043, 79944.51831256927
330, 79916.33687313995
180, 79596.3989036131
604, 79519.32945305589
274, 78576.07094063632
271, 78576.07094063632
620, 78535.67127351732
1170, 78442.81171533035
1077, 78324.47040493588
1396, 78115.09067834739
305, 78084.88605691283
1173, 78038.85556531671
704, 77888.2286379201
702, 77888.2286379201
594, 77570.39255131784
1245, 77480.61511966801
782, 77303.89321179833
216, 77108.3180080877
161, 77070.83495468217
160, 77064.29767581429
159, 77054.75880232637
210, 76592.69417939478
146, 76592.69417939478
227, 76587.70573434068
1152, 76357.13767001157
1240, 76146.88644826363
362, 75706.53853651238
88, 75333.988987577
170, 75224.41576968772
53, 75224.41576968772
218, 75207.10870508295
158, 74945.12592564255
157, 74945.12592564255
1074, 74902.82872945581
1067, 74591.7043037383
256, 74578.86232242154
169, 74554.47016717722
831, 74152.46462818683
285, 73824.73464728046
1036, 73694.8495186684
796, 73301.33375486948
852, 73189.05145953255
518, 73164.9151057146
696, 72994.15598060838
273, 72882.60063250377
705, 72822.2834682266
703, 72822.2834682266
459, 72722.78450629947
794, 72666.77802037456
908, 72409.41762699258
1190, 72244.02508898023
674, 72209.28077064046
1188, 72204.20352630941
139, 72125.49987752525
1404, 72077.44699634123
1228, 72052.39404367717
865, 72052.39404367717
1317, 71893.19295028345
815, 71852.89863387463
501, 71477.35963078287
775, 71124.76712518702
575, 70953.02997738305
1344, 70909.7626007941
421, 70808.72683823042
427, 70708.35313651223
1262, 70589.08502632179
1039, 70305.06904178445
1061, 70100.34635848549
700, 69709.20439214719
866, 69540.30834934201
302, 69486.35009337217
673, 69416.19673767424
992, 69407.1612733456
860, 69233.90662847093
562, 69212.65522517616
1085, 69183.04918703518
915, 69126.45626767012
564, 69081.3540368278
512, 68985.05356535877
451, 68895.26779437419
1234, 68893.00629030152
1086, 68880.6573767063
108, 68852.97152646676
1399, 68733.0144154062
643, 68654.55297142843
177, 68626.71626290855
1413, 68379.83348606044
1255, 68281.7075110758
1348, 68265.03573058349
613, 68140.82204124017
272, 67924.93585871381
1288, 67893.6766489206
1397, 67821.01376977109
1109, 67764.04817288327
1081, 67736.5468917825
1110, 67392.00138857147
1108, 67392.00138857147
1362, 67353.62526365429
607, 67189.61365960023
1285, 67180.68524880752
1193, 67154.88852014982
156, 67093.7949223664
217, 67021.49706242903
1149, 66983.73962607728
1286, 66892.62835255703
698, 66863.3482787841
544, 66709.93166899875
1101, 66460.02834792685
151, 66370.05431018215
461, 66332.50796034129
401, 66276.46272553032
1395, 66249.25262776576
861, 66210.50740017902
124, 66093.41484220613
149, 66092.48808616247
1236, 65726.20891788085
135, 65651.50521748468
612, 65242.710572599346
264, 65230.83873609763
1056, 65204.809022837115
102, 65146.39831514505
136, 65144.60306392138
1379, 65091.04384080838
1419, 65056.06154532787
922, 64931.85381856068
65, 64632.280712368054
62, 64632.280712368054
1106, 64589.65811659367
1105, 64589.65811659367
1102, 64589.656772347436
112, 64532.11148968645
137, 64523.74302115771
4, 64414.73248840138
409, 64371.434015735096
1299, 64363.198107303644
391, 64342.56456100896
1084, 64267.17631053965
1082, 64267.17631053965
155, 64262.98374156373
1400, 64135.97113909323
1088, 64107.95954284718
1232, 64080.8033169596
437, 64014.17788260342
1018, 63966.78312931041
154, 63966.78312931041
750, 63892.24491173038
751, 63788.51075970528
571, 63675.29543700652
15, 63543.02440852246
709, 63452.92762208861
363, 63420.82552850109
554, 63384.92609177872
1020, 63375.25219991148
1318, 63293.69881819511
364, 63285.11686265502
845, 63236.385844818265
799, 63224.09178641104
798, 63224.09178641104
555, 63218.4540087789
855, 63093.11660664955
454, 63082.24691522952
633, 63035.60994935471
1059, 63017.02333141735
856, 62946.901713330306
854, 62946.901713330306
239, 62894.58631953869
21, 62894.58631953869
692, 62852.46575908508
609, 62841.302242797196
442, 62593.919660037776
233, 62448.262295112865
1113, 62448.06892583406
350, 62268.65817290215
425, 62243.76660360096
348, 62238.01018929828
416, 61936.75128564725
3, 61829.95856402358
2, 61829.95856402358
396, 61714.075498566264
44, 61714.075498566264
291, 61574.4459642566
1323, 61544.5234515631
754, 61488.948998502725
1148, 61373.869430084014
1308, 61328.66511503104
712, 61201.47351662053
168, 61181.816010577924
1144, 61176.999659568995
26, 60922.82228978074
434, 60819.671202842954
390, 60782.31922292678
1246, 60779.053087330096
811, 60768.19309393641
72, 60641.14518152397
553, 60541.14458931749
419, 60429.11008755587
411, 60427.238719799956
426, 60375.406563091485
414, 60375.406563091485
1100, 60335.79053920829
352, 60311.5256551365
479, 60297.78252550591
417, 60292.11084583098
167, 60291.689730279155
267, 60278.97205945115
422, 60179.109547587504
413, 60179.109547587504
219, 60153.89934177491
955, 60114.566142077085
412, 59871.12780707673
1027, 59811.701108121284
410, 59770.351376244165
984, 59718.39287842457
480, 59697.971167355165
1117, 59461.455934161124
993, 59383.03499865152
636, 59352.850042412494
428, 59236.021733528054
187, 59203.917410064576
987, 58981.31970461884
985, 58981.31970461884
986, 58841.32515601766
382, 58601.362825217606
42, 58572.48048022549
1103, 58464.31417101499
647, 58401.91437817257
903, 58398.7226866852
470, 58370.307868121796
1410, 58310.796312653736
122, 58239.211139797095
1300, 58237.71367387891
574, 58204.74274347491
179, 58176.965095422864
1312, 58134.422728713194
812, 58113.20927409721
1015, 58084.815964795336
41, 57919.75961575195
189, 57849.76743054458
813, 57697.049307782436
435, 57694.556671033955
968, 57689.09140207741
961, 57501.54830911125
176, 57379.59953989501
46, 57334.38447270352
1016, 57306.950435647894
1409, 57261.845226181285
1065, 57261.845226181285
85, 57261.845226181285
1408, 57246.40617361055
1407, 57240.22020633831
601, 57238.285865224134
513, 57212.057309794815
11, 57192.46789154809
86, 57184.27824072969
473, 57178.600809340576
1192, 57163.69219645329
20, 57151.57594476641
246, 56771.78417740617
242, 56758.85404210037
441, 56752.86326587211
662, 56709.22697573081
1017, 56702.19847112903
663, 56577.19858757143
783, 56394.87105599068
802, 56337.714803168936
801, 56337.714803168936
346, 56322.132023642414
358, 56157.794060964065
970, 56013.27980632619
795, 55455.879354790435
251, 55252.84510451006
304, 55074.397394551976
1191, 55018.279993265314
55, 54995.98241499658
697, 54868.813918015905
1189, 54761.08770805001
695, 54723.82733942301
565, 54546.2964384865
791, 54434.64195682054
39, 54423.44598919852
762, 54344.33232729266
772, 54259.94579628863
1066, 54217.09169475672
656, 53994.791005197265
776, 53871.47650009332
694, 53863.28048179827
691, 53846.53643157149
40, 53776.40410490834
1287, 53734.76864951985
420, 53546.766963357084
969, 53520.61733559066
606, 53505.080946492
1381, 53460.708608937355
415, 53429.34393011736
1155, 53367.55583378151
972, 53176.04054181032
967, 53176.04054181032
361, 53168.561931651246
1346, 53024.87898761372
853, 53014.6873913631
706, 52430.332217402385
1280, 52410.97567479015
693, 52386.517183540374
583, 52361.382798250364
222, 51808.42667268294
367, 51467.88249852109
116, 50975.89302114318
347, 50936.64180674209
858, 50857.439505393595
1290, 50596.85762113812
827, 50551.39535511766
1040, 50383.29385575643
164, 50233.262180672165
1389, 50094.380147574426
971, 49975.316950506945
846, 49898.60122123433
517, 49897.54326237188
653, 49829.03486239135
1342, 49803.96203031487
540, 49602.46050696073
1204, 49498.86525088913
495, 49271.75172555112
1201, 49222.35420075062
433, 49204.15545745105
204, 49198.99729008436
488, 49098.80917810992
509, 49071.82653500949
930, 48988.22578500874
277, 48867.31541893082
1274, 48851.21362044604
252, 48782.944596753456
1200, 48520.27825585428
1169, 48380.39736582948
885, 47760.3759372069
1224, 47717.28282140154
867, 47624.546443237545
781, 47595.9298849794
153, 47574.587217676584
231, 47291.32841988101
30, 47103.09146504841
220, 46957.86586690331
354, 46939.253985826625
299, 46879.417649741205
107, 46761.625477079324
584, 46692.35625437618
380, 46647.84829163229
978, 46590.52214354543
279, 46442.77185741053
450, 46261.524776725986
449, 46261.524776725986
278, 46231.388856350284
478, 46096.93098678379
771, 46033.53678530398
221, 45874.7836228929
106, 45775.99088606031
1111, 45767.141355839674
622, 45761.09606314698
621, 45761.09606314698
581, 45642.055697384
1013, 45083.928030462
1012, 45063.90382481917
618, 45051.310936421825
1137, 44910.64548319097
56, 44712.0836359642
1310, 44704.26045582556
557, 44313.513149040504
780, 44199.50279165074
534, 44071.51285262158
836, 44060.72249963672
29, 43839.07615129073
1217, 43696.83805370957
1216, 43696.83805370957
131, 43454.70568275779
536, 43410.39435410888
535, 43410.39435410888
395, 43214.43382036319
847, 43102.49219844622
1112, 42772.362915835845
1306, 42682.60502345569
596, 42656.212744916134
605, 42587.902262279094
977, 42486.694967412455
1052, 42379.44367986452
598, 42181.008146803164
178, 42111.031659978435
381, 41648.1487217112
173, 41493.190751647744
597, 41436.29002710573
