1236, 99995.97792061284
135, 99831.18309021392
612, 98888.98407181239
102, 98667.8870466
136, 98663.76901278361
461, 98624.49873003081
1379, 98540.9659757525
1419, 98460.81302178255
544, 97801.79418777207
65, 97493.33213802501
62, 97493.33213802501
698, 97473.90360331943
1286, 97411.74439640642
112, 97265.59016067178
137, 97246.58007288887
1149, 97219.17480124718
217, 97139.74785110033
4, 96999.17643242251
156, 96988.27138954525
1299, 96882.36455108567
1193, 96860.89076039
1285, 96807.27419080291
1084, 96664.96590955231
1082, 96664.96590955231
1362, 96450.41066727525
750, 95819.22719459527
751, 95586.1077006745
272, 95302.54610178317
15, 95035.93424670759
613, 94880.78065806154
363, 94762.85202697969
1020, 94661.1407714621
1348, 94640.996038711
1255, 94608.97090810061
1318, 94479.308803603
364, 94460.18784285337
1413, 94421.23231632622
845, 94351.6614889347
799, 94324.29502077418
798, 94324.29502077418
177, 93954.51185544848
633, 93905.39050884044
643, 93902.38643277579
239, 93592.76424413604
21, 93592.76424413604
108, 93533.71873927009
692, 93499.52253544281
609, 93474.82022668609
512, 93291.07205803935
915, 93033.71336083428
350, 92213.40295860935
425, 92158.82492521091
348, 92146.20621791056
416, 91487.37465860214
3, 91254.56016215276
2, 91254.56016215276
396, 91002.36077480218
44, 91002.36077480218
291, 90699.07776646079
754, 90513.69460556128
1262, 90509.72208532503
427, 90314.39239618872
1148, 90264.5513301546
1308, 90166.80582646151
421, 90151.1658673576
575, 89918.33655345872
712, 89892.14201090494
1144, 89839.35334175974
775, 89644.02628795916
1246, 88983.77436425294
811, 88960.49841836962
411, 88231.6972916904
426, 88121.2356040113
414, 88121.2356040113
1100, 88036.8669800519
352, 87985.21616456109
479, 87955.97066674146
422, 87703.68770405852
413, 87703.68770405852
908, 87683.3426232086
219, 87650.15275655857
955, 87566.66798230646
459, 87228.18536362477
705, 87085.46489273653
703, 87085.46489273653
412, 87051.07762190686
696, 86840.93935174437
984, 86728.56321540519
480, 86685.49736366597
518, 86600.48215528873
1117, 86187.69640884461
636, 85959.7060595326
1036, 85869.60917023024
428, 85714.8720575993
285, 85693.9341688937
987, 85182.59337385393
985, 85182.59337385393
986, 84890.90025018415
169, 84731.250508061
1067, 84683.20884964739
382, 84392.34065115533
158, 84232.25208062687
157, 84232.25208062687
1103, 84108.40584506704
470, 83913.98274424982
218, 83903.7559383937
170, 83882.22529320048
53, 83882.22529320048
88, 83746.39685648034
179, 83514.97293216748
1312, 83427.33140885852
812, 83383.65042304502
41, 82985.95384814955
189, 82842.34600354757
1240, 82764.19382023995
813, 82529.52414896442
435, 82524.42424035548
1152, 82517.23536723766
210, 82243.89331304026
146, 82243.89331304026
961, 82130.1062126083
176, 81881.54761111234
46, 81789.50389809073
159, 81717.71158306774
160, 81706.98602778761
161, 81699.63863852792
216, 81657.56014306779
513, 81540.79421440506
11, 81501.00796013328
473, 81472.85081481331
1192, 81442.58531107173
782, 81439.36655637322
20, 81417.99342999501
594, 81145.67022620905
704, 80800.7520009172
702, 80800.7520009172
246, 80649.38306417123
1173, 80639.28567141596
242, 80623.29159810537
305, 80590.19526581847
662, 80523.19650470039
663, 80257.26028477828
1170, 80212.45202669545
620, 80115.58737652423
358, 79415.91645083878
604, 79117.21501260904
180, 79041.07026747687
330, 78728.08830191469
1043, 78700.75780468721
249, 78365.90668732261
209, 78032.95432410775
795, 78019.4290390885
460, 77916.46275816261
1264, 77835.16894588873
1263, 77835.16894588873
192, 77628.09229425018
191, 77628.09229425018
251, 77618.16227674342
749, 77616.26501482003
905, 77393.08168335815
899, 77393.08168335815
619, 77388.81728367467
194, 77387.05091090123
55, 77112.21883468766
697, 76862.4372865241
695, 76578.22345868392
699, 76420.21396749932
1058, 76302.15611467727
791, 76013.13242167824
39, 75991.30247152064
444, 75931.38141536947
366, 75915.99046998571
1401, 75809.74343105959
759, 75797.23261144063
556, 75705.18146442782
172, 75680.0668292619
397, 75546.97265285076
835, 75529.92616516622
600, 75461.99643554924
1002, 75393.54292333388
545, 75378.502867754
398, 75351.64276251159
1403, 75188.39776555002
656, 75158.17758935178
228, 75154.4324086277
694, 74903.61483595989
691, 74871.23849694799
500, 74753.77027853507
40, 74735.71583276057
504, 74620.32141225028
61, 74553.07896235911
250, 74346.85071481545
645, 74228.12174950566
644, 74228.12174950566
63, 74228.12174950566
606, 74212.70995569983
1381, 74127.37254347683
64, 74065.92505547957
868, 73546.6957919808
309, 72709.1931016285
706, 72161.02676693119
1280, 72124.36548528787
693, 72078.0556793295
270, 71783.37442458884
268, 71783.37442458884
1044, 71178.09963769981
1398, 71146.25664028927
834, 71124.96599007446
1382, 71105.41924502874
659, 70910.29041441243
1028, 70637.11674346644
424, 70427.56022931973
423, 70410.5358454704
471, 70275.98282859602
418, 70248.81873876369
1136, 70208.40260946957
1313, 70180.88967707187
1057, 68801.01231836062
558, 68663.36157345907
134, 68518.38246187016
1414, 68453.8055468495
238, 68402.07989054958
1076, 68374.25368658955
1075, 68177.09908038075
840, 68129.03159094354
164, 68063.81064111451
1389, 67809.08666178574
546, 67384.08365391853
653, 67323.8021591268
399, 66949.17244047875
701, 65115.19346211988
43, 64766.65612299582
45, 64744.28718485665
745, 64496.70173872383
830, 63957.383776834984
920, 63057.86492461578
1302, 63014.36238426276
93, 62830.069411156
142, 62775.237993828836
19, 62500.06383909199
1334, 62105.11413049388
1199, 62074.625898072685
5, 61994.678382709426
503, 61969.56401281735
919, 61881.85795350447
369, 61548.32829542496
1003, 61388.52572224169
1373, 61356.29234759292
1147, 61339.092597261624
464, 61339.092597261624
1004, 61306.05629016828
145, 61281.12161181577
353, 60630.16569548912
1035, 60570.29609110838
661, 60266.06071734181
1029, 60227.67358726892
516, 59748.34334039544
269, 59627.50363808318
6, 59551.294537485635
1172, 59404.74620494232
74, 59289.57702384207
133, 58537.65794587234
932, 58262.22059524028
141, 57875.36797958188
690, 57863.74206135285
502, 57778.46855595405
765, 57762.331486402174
515, 57762.331486402174
514, 57762.331486402174
123, 57699.61397986289
1060, 57680.60648711213
739, 57628.257365616795
740, 57591.8886456823
1162, 57195.82503996736
829, 57195.82503996736
481, 57188.907688448075
828, 57085.176093059374
654, 57046.15574077761
1080, 56794.519058961276
1314, 56704.791019801596
274, 55736.53279080183
271, 55736.53279080183
1077, 55609.821523140534
1396, 55504.19341117011
1245, 55183.10926790736
227, 54728.66950441775
362, 54277.23115723803
1074, 53862.87397977112
256, 53695.144059549835
831, 53473.758532546366
796, 53029.721761534056
852, 52970.93084378647
273, 52810.21955054924
794, 52696.81264507999
1190, 52474.134078518786
674, 52455.801327175934
1188, 52453.12192793512
139, 52411.57469552713
1404, 52386.195650881025
1228, 52372.96031125273
865, 52372.96031125273
1317, 52288.796454837815
815, 52267.47818672818
501, 52068.48019068069
1344, 51766.63074502469
1039, 51443.614734524446
1061, 51333.917659128325
700, 51123.85342474956
866, 51032.95276934638
302, 51003.88740525625
673, 50966.080367810886
992, 50961.20950004316
860, 50867.74558181815
562, 50856.27275910123
1085, 50840.286472260465
564, 50785.34679385779
451, 50684.704766658164
1234, 50683.48078136535
1086, 50676.79685092105
1399, 50596.83504740567
1288, 50140.53099420094
1397, 50100.88919476609
1109, 50069.79564646152
1081, 50054.77972794602
1110, 49866.38505452242
1108, 49866.38505452242
607, 49755.48735177569
1101, 49354.27052601916
151, 49304.63450081749
401, 49252.96605014241
1395, 49237.937328596185
861, 49216.53203560747
124, 49151.80366805656
149, 49151.29112597992
264, 48673.15677606483
1056, 48658.66283542885
922, 48506.49809068707
1106, 48315.27596181312
1105, 48315.27596181312
1102, 48315.27520963311
409, 48193.063486268125
391, 48176.880068859726
155, 48132.2503662935
1400, 48060.96294769572
1088, 48045.23156169443
1232, 48029.97726522015
437, 47992.538455212976
1018, 47965.894061074025
154, 47965.894061074025
571, 47801.80803017096
709, 47676.379340488165
554, 47637.978774408635
555, 47543.885290207065
855, 47472.96086485466
454, 47466.806766738315
1059, 47429.86807140605
856, 47390.13432262054
854, 47390.13432262054
442, 47189.78767437957
233, 47106.952845688196
1113, 47106.84281416715
1323, 46590.870485644096
168, 46382.7084061614
26, 46233.70313168005
434, 46174.27275667596
390, 46152.74048502139
72, 46071.300412634
553, 46013.55721498821
419, 45948.810901324585
417, 45869.55888572158
167, 45869.31514384225
267, 45861.95376625093
1027, 45590.96695983258
410, 45566.93830899011
993, 45341.48157150608
187, 45236.9819471805
42, 44867.40025772631
647, 44767.2474052755
903, 44765.37200893776
1410, 44713.688791622764
122, 44671.58410154456
1300, 44670.70307034674
574, 44651.30201177484
1015, 44580.69040503145
968, 44347.21034996361
1016, 44121.04052999647
1409, 44094.29924588595
1065, 44094.29924588595
85, 44094.29924588595
1408, 44085.14375180972
1407, 44081.47510017182
601, 44080.3278818277
86, 44048.28986092945
441, 43791.869015547934
1017, 43761.69686631512
783, 43578.41168719903
802, 43544.27452855898
801, 43544.27452855898
346, 43534.96482461869
970, 43350.203963691776
304, 42785.70867542504
1191, 42751.832509375374
1189, 42596.37694962108
565, 42466.30118486008
762, 42343.78631534824
772, 42292.53642476851
1066, 42266.49667507336
776, 42056.155857843245
1287, 41972.79222583579
420, 41857.99816405762
969, 41842.01722809122
415, 41786.210199731504
1155, 41748.40769634404
972, 41631.11577145507
967, 41631.11577145507
361, 41626.531838429066
1346, 41538.40854895318
853, 41532.153933292386
583, 41130.12905724947
222, 40788.17051194555
367, 40576.79788330084
116, 40270.377155694325
347, 40245.87721454308
858, 40196.416346448284
1290, 40033.457994218195
827, 40004.99165141745
1040, 39899.641525086125
971, 39643.350843885746
846, 39595.06143753354
517, 39594.39528147549
1342, 39535.44768833105
540, 39408.36502772479
1204, 39342.947110704496
495, 39199.33359109091
1201, 39168.0615976062
433, 39156.53732310081
204, 39153.27061957268
488, 39089.79303409456
509, 39072.68823531217
930, 39019.66782316591
277, 38942.920113200205
1274, 38932.69369579391
252, 38889.320130039625
1200, 38722.20967832846
1169, 38633.06714045372
885, 38236.68962923546
1224, 38209.0640660869
867, 38149.58012505309
781, 38131.215285424245
153, 38117.515647666216
231, 37935.463065920056
30, 37814.24293102939
220, 37720.59044648466
354, 37708.57985504787
299, 37669.9536657555
107, 37593.8585793681
584, 37549.0747663217
380, 37520.2858254528
978, 37483.18989669344
279, 37387.49791116485
450, 37269.94912551791
449, 37269.94912551791
278, 37250.38694939364
478, 37163.0457078421
771, 37121.831792149766
221, 37018.526507255
106, 36954.16950470362
1111, 36948.40200232365
622, 36944.4618579738
621, 36944.4618579738
581, 36866.83396010272
1013, 36501.830406276225
1012, 36488.703033820595
618, 36480.44631148265
1137, 36388.15710243939
56, 36257.69575495459
1310, 36252.55119442066
557, 35995.16006222688
780, 35919.89906684181
534, 35835.32310964304
836, 35828.18863078305
29, 35681.493583972144
1217, 35587.20882799002
1216, 35587.20882799002
131, 35426.44529797933
536, 35396.989002575116
535, 35396.989002575116
395, 35266.58952870391
847, 35192.001725021124
1112, 34971.618706051035
1306, 34911.59208809759
596, 34893.93320406056
605, 34848.20867981173
977, 34780.4152134297
1052, 34708.50922881805
598, 34575.29546588878
178, 34528.264927141834
381, 34216.45541248193
173, 34111.7953524425
597, 34073.32915593215
