144, 100000.0
298, 99057.42520779275
533, 97045.43329392278
708, 96802.80959026047
128, 93360.64971200528
532, 91550.5987924773
129, 88708.64991199222
1320, 88321.88986794323
1202, 88095.17507546199
1385, 86069.14304126202
1041, 85976.52689474395
1203, 85646.51486188536
1042, 85641.29563697176
318, 85609.0463742828
1167, 85202.16538202316
551, 84838.53194966321
1243, 84322.05975969328
303, 83887.00189621976
1229, 83644.17616389855
1361, 82765.36529339288
130, 82273.22545110619
373, 81590.23021693494
1365, 81580.07330595046
764, 81221.53905629116
593, 80663.90072704045
1345, 80649.162620214
991, 79637.20127136524
523, 79563.35363731565
143, 78816.63042148696
111, 78808.00619958654
230, 78235.42900410987
229, 78204.60420678837
404, 77494.07129905974
1210, 77157.61742984118
841, 77112.35764998944
957, 77036.22424123673
675, 76581.69634159288
372, 76383.8340689367
724, 76258.97448803984
507, 76125.70608961864
842, 75894.04135356673
508, 75793.00202022739
529, 75510.39776951248
818, 75043.97775180866
681, 74742.3250696655
1006, 74564.43400744406
1341, 74510.56108781397
683, 74264.36847360572
725, 74014.80206596569
682, 73887.8503617385
1186, 73727.47746888504
635, 73638.47334803309
634, 73638.47334803309
976, 73636.76681965558
506, 73607.27562745131
975, 73590.39178133887
685, 73562.58496422585
1092, 73476.77096241807
1266, 73301.96259180486
84, 73166.50971437209
321, 73157.92136808598
672, 73078.40286957788
684, 72878.45514856049
333, 72845.00807381308
1391, 72501.55008363661
25, 72331.04669565888
24, 71948.75661338413
308, 71747.81382589135
23, 71678.43749087356
77, 71512.04734656174
879, 71508.0238041193
878, 71508.0238041193
1393, 71447.73206338982
505, 71412.67413183709
400, 71258.57517677372
646, 71039.76361843506
1219, 70718.6945835012
1218, 70691.14987424709
1338, 70629.95956454762
1337, 70629.95956454762
914, 70583.87841635797
1139, 70438.74791644547
954, 70377.08591492161
1140, 70317.99584624029
521, 70180.89282941268
1141, 70078.04686227418
1138, 70078.04686227418
962, 69991.51542787574
964, 69957.3688973682
963, 69957.3688973682
1267, 69950.86629255113
965, 69946.00204875504
283, 69859.5689238939
1126, 69784.10424420948
1265, 69733.35987004441
912, 69687.3052360317
608, 69252.56665125753
550, 69153.81826701325
918, 69028.00555240235
805, 69021.3897189651
625, 68953.53492999796
388, 68905.43895453843
162, 68837.13767824572
1394, 68532.0304820683
1364, 68463.14410792007
785, 68371.92606883978
387, 68365.61712156236
804, 68333.97619162308
973, 68281.42969249969
687, 67963.69439426188
389, 67960.53281534022
882, 67833.29245571731
1230, 67790.1382190385
1336, 67583.99479761497
686, 67345.33738875753
688, 67214.69842843994
895, 67060.83610354704
284, 67000.66926977989
33, 66998.32437325554
443, 66698.58630081656
913, 66382.90831768331
524, 66209.97567239376
1352, 66182.61862859262
27, 65942.03948268387
1268, 65231.615264037224
339, 65169.60396587119
1392, 65145.96420180389
1296, 64975.006668137816
34, 64974.48693784136
1118, 64922.852271951524
595, 64922.852271951524
626, 64811.72499981432
917, 64690.40907983087
933, 64531.813817145514
92, 64480.0431233849
1251, 64369.29033989006
1269, 64357.600860494415
163, 64214.94812276557
91, 64044.56517355066
1211, 64016.600635670155
1297, 64003.060941032345
953, 63728.469344970086
297, 63728.469344970086
881, 63152.13896381403
28, 62969.647204986926
351, 62890.10205332606
1242, 62816.21782708711
1241, 62816.21782708711
117, 62726.15361787009
951, 62436.5084112221
1007, 61883.34631407354
383, 61872.68967212852
784, 61704.11031386669
1128, 61626.69828028643
1158, 61432.34608220771
32, 61377.63401006846
1351, 61182.05031038395
910, 61110.374098579116
316, 60605.591835445324
774, 60434.31738957097
773, 60434.31738957097
1093, 60404.12928081195
510, 60404.12928081195
491, 60378.9379473032
660, 60373.62831544007
96, 60329.318912229166
1146, 60176.45431379628
1130, 60143.19791572338
821, 59977.68627821968
1380, 59975.991193583766
658, 59912.32768399709
1311, 59655.12185641711
1298, 59532.62576224302
511, 59471.51019065974
1196, 59418.24875699695
1197, 59362.032092579255
1386, 59195.92072995453
1387, 59124.62736852688
586, 59095.1006351721
1195, 58781.71500102516
1198, 58776.4352490406
1374, 58763.3369497511
487, 58624.6189875803
1116, 58439.69161720463
1340, 58430.38108359355
282, 58221.347204982776
766, 58138.7516432319
1096, 58109.93052520306
599, 57897.79854634963
883, 57805.59585380748
587, 57697.22559032177
995, 57407.1948663629
758, 57403.9041361557
198, 57365.06994870473
1097, 57308.88987863097
747, 57120.08375357119
669, 57059.87392259004
327, 57016.575341003416
746, 56969.78680383947
990, 56862.52070685819
896, 56846.37323954008
887, 56628.692795132185
880, 56519.34314216274
707, 56440.18836423623
966, 56430.425094747436
1372, 56349.24212454045
806, 56313.66845818173
1127, 56017.154027790595
1129, 55980.036291383716
548, 55876.86935569289
547, 55865.27595214903
340, 55621.62507229677
522, 55554.75023088588
1237, 55441.454484612055
1024, 55441.45243330081
1023, 55441.45243330081
280, 55200.11266943352
839, 55167.276713996915
175, 55028.907573962
1054, 54998.836055055486
1022, 54824.24509673761
1098, 54779.88892382616
431, 54758.16016993901
1064, 54744.366319817884
344, 54525.72709562126
664, 54490.211914582585
1049, 54445.903616297655
1156, 54377.547650848224
1050, 54207.81608039189
624, 54128.57733381467
1021, 54111.727425994024
320, 53888.45618485092
1151, 53857.71791067941
755, 53378.03329107509
1275, 53313.928922021136
1154, 53170.21068204317
66, 53157.8232944832
559, 53128.944867227125
296, 53109.43414950829
265, 53095.149381600146
440, 53079.761282301
377, 53019.64289489528
336, 52922.66299044236
996, 52848.49827783189
911, 52653.47944965601
738, 52482.63662605104
292, 52481.322959625686
950, 52403.61080495819
578, 52252.79451096185
767, 52096.161279730724
1055, 52074.73524317746
952, 51938.09746641729
1220, 51706.47887789328
378, 51598.89356822688
1233, 51321.7080103923
941, 51273.709434531265
35, 51270.41415635203
959, 51251.76860381718
1215, 51246.25898064631
893, 51205.29317850434
301, 51048.47644875781
722, 51004.585128456805
760, 50994.88372910918
627, 50822.77977945686
721, 50795.77243360249
261, 50750.88934928583
542, 50701.150053666286
539, 50701.150053666286
1420, 50651.34098127441
823, 50580.23095479888
1339, 50440.887397612154
201, 50341.79625151892
1295, 50230.06454188634
982, 50148.34421334502
924, 50147.17158589823
916, 50051.032429474675
838, 50021.17590418211
822, 49983.251864683894
1107, 49937.57400612611
263, 49856.31071431797
1070, 49819.21807802225
1071, 49819.217766411835
439, 49732.58753741374
8, 49607.062840708655
115, 49547.170234948
943, 49459.970186503255
1194, 49329.58455100128
262, 49329.54648056666
906, 49305.840767345624
937, 49295.5084220941
121, 49271.53442961048
1072, 49249.02211713645
436, 49166.77285720574
735, 49159.325253933435
803, 49080.325756743376
1349, 49057.64008225765
1293, 49057.255755730264
1292, 49046.45012981089
944, 48868.6396347482
1332, 48848.12275886736
1213, 48834.64799460508
848, 48729.095597303334
945, 48676.740966763646
1114, 48376.37931737981
76, 48229.37473271001
462, 48125.9604716962
1291, 48108.60807016297
499, 48057.89835671142
87, 47993.19595592157
974, 47867.8919838959
629, 47801.375840118395
1104, 47771.0519817196
1375, 47665.58157780203
1187, 47646.16205843864
52, 47552.231320038365
678, 47305.38331711964
1252, 47185.46157770769
1068, 47168.79554387426
407, 47114.913964795116
324, 47107.60528063528
810, 47069.70230484873
1276, 47003.53423339811
294, 46986.41439355784
1253, 46944.995324704876
615, 46908.33673890498
406, 46901.36738216966
394, 46897.61118498627
243, 46691.561366962495
650, 46663.49543624586
329, 46655.74400602762
1212, 46484.260375045924
1157, 46460.6108398461
1355, 46458.87282407738
392, 46458.43377150016
1359, 46451.17181689342
171, 46358.16509782647
341, 46289.78069048868
1261, 46229.82864315198
60, 46216.40984774895
843, 46154.781074291415
95, 46011.846703079114
355, 45993.25025027803
1208, 45896.90537708958
603, 45884.11013935183
79, 45865.95911608792
1209, 45835.29985395498
1239, 45831.94107043216
1206, 45733.15582280038
323, 45669.420137596564
859, 45638.530662826415
376, 45612.88283694979
716, 45586.71695851832
925, 45547.39083390655
1047, 45514.92265450772
317, 45482.34309513836
736, 45463.906046827266
884, 45460.476685580805
447, 45436.08269983969
319, 45405.18664599481
1131, 45387.92060746203
610, 45350.70016890464
988, 45342.35590072252
100, 45322.115141902774
1257, 45313.066499572604
714, 45292.71762143599
101, 45252.577594173745
543, 45251.53632081972
472, 45236.511156954606
979, 45152.80280853112
561, 45115.52276873829
1353, 45093.75935682811
1289, 45046.38836445519
82, 45046.38836445519
779, 45027.78856866636
723, 44981.38176613682
737, 44943.62829023628
1207, 44939.345456304305
671, 44857.41873696685
75, 44839.21114086307
1205, 44795.00183026387
1095, 44726.72122506722
1014, 44663.655410171086
907, 44598.62594320134
197, 44596.22455846402
1254, 44572.609727684096
385, 44372.676958366916
998, 44224.88154133457
1244, 44167.2499362559
715, 44162.15754201604
616, 44161.84271553137
677, 44158.5528897613
57, 44051.055366759196
797, 44049.24051699552
1327, 44044.36563079984
894, 44034.028229976604
1153, 43941.37520491643
1226, 43917.70478389176
489, 43904.52189783785
1045, 43822.50601867197
649, 43702.72716263354
585, 43669.03115279592
1053, 43665.850542090586
1033, 43654.42782057423
1335, 43636.579090822
926, 43563.839341012
375, 43420.5324615194
118, 43391.71543038793
652, 43356.651601601305
49, 43298.84478648707
9, 43289.1308052983
931, 43196.62997115239
648, 43194.13584170368
393, 43096.21185019401
602, 42995.284273937854
448, 42844.660634612505
1402, 42789.89826582336
300, 42770.61512551449
1142, 42735.95232699804
1073, 42704.03051860674
1331, 42663.92100378557
935, 42659.91523250269
1366, 42301.47253466945
181, 42164.60853724793
946, 42159.208221757384
1377, 42135.42127334878
573, 42102.68830834041
541, 42094.23531906734
590, 42041.48648110957
1038, 41985.84423668517
994, 41835.21652965629
1069, 41773.474085855254
126, 41687.22883877987
651, 41676.82349362478
1259, 41629.413406651685
1260, 41561.7653734403
614, 41544.14365102872
639, 41466.39536299566
789, 41428.28886478215
147, 41408.11796177439
1357, 41334.238045049286
928, 41321.204736380605
680, 41310.6027306301
888, 41223.31712678091
631, 41205.85462453552
997, 41102.9322037271
873, 41102.9322037271
50, 41058.11081785892
196, 41056.396265658695
1358, 41032.20893809359
1294, 41026.175802620404
837, 41002.55895660578
312, 40997.61367731646
182, 40915.77196643133
572, 40856.027761447964
199, 40850.67176231739
58, 40810.782286384914
1099, 40736.51485094038
97, 40682.073867864005
851, 40604.69634746342
989, 40594.0076279474
403, 40594.0076279474
1325, 40544.46796294425
453, 40536.916644451834
452, 40536.916644451834
127, 40527.399542376304
1143, 40467.9579138584
1165, 40395.35773634589
628, 40341.690089840595
936, 40332.34346601172
718, 40236.49281714422
1231, 40182.33586150745
844, 40156.39913973903
293, 40112.977448228296
1238, 40103.602319957536
849, 40059.080634344566
1089, 40034.74364663848
1164, 40019.643095167725
200, 40019.643095167725
549, 40014.72736207643
188, 39988.77591966025
1333, 39940.52163653023
202, 39871.05931484566
245, 39818.87457922097
1258, 39800.665654522294
138, 39715.13119630824
402, 39688.47577559713
1161, 39675.99478529264
232, 39671.26786722293
1091, 39538.60281929893
1090, 39538.60281929893
591, 39525.95210744381
357, 39418.32482049765
214, 39368.50400386543
679, 39343.52956232151
875, 39257.30219544229
567, 39216.60422348216
744, 39199.97737901063
1134, 39199.13501321508
1309, 39061.040056811595
1319, 38978.92779750184
