411, 99565.33818717333
811, 99510.45638748328
1246, 99481.34856683262
426, 99424.69816799225
414, 99424.69816799225
1100, 99317.310344541
352, 99251.58009546438
479, 99214.36698410664
422, 98893.48378101167
413, 98893.48378101167
219, 98825.42201665859
955, 98719.30463139547
1144, 98433.33589895912
712, 98370.04264409308
412, 98064.50902201
1308, 98043.21900899647
1148, 97927.91167495438
984, 97655.41699750295
754, 97636.34649139248
480, 97600.81931029735
291, 97421.55370553219
396, 97074.05692854265
44, 97074.05692854265
1117, 96970.21659594527
3, 96788.71558688971
2, 96788.71558688971
636, 96681.70787310018
416, 96528.17636878643
428, 96372.09696661407
348, 95805.43978228285
425, 95791.80277746038
350, 95732.90803823542
987, 95699.74892787017
985, 95699.74892787017
986, 95331.73649053655
382, 94703.45216503803
609, 94410.24126665347
692, 94385.0554604754
1103, 94346.04298759834
239, 94290.22923082642
21, 94290.22923082642
470, 94101.47801040274
633, 93975.0396349136
179, 93599.99391719209
799, 93559.22470480525
798, 93559.22470480525
845, 93532.3159293808
1312, 93489.9216689263
812, 93435.07150961163
364, 93425.90998758476
1318, 93407.21298670268
1020, 93230.16187826992
363, 93131.7124529726
41, 92936.00288375326
15, 92869.44891836963
189, 92755.93060458408
813, 92363.93655231605
435, 92357.54883950755
751, 92350.0191155052
750, 92133.45549670538
961, 91863.94420150094
176, 91553.08877102289
46, 91438.03247556402
1084, 91364.8368988188
1082, 91364.8368988188
1299, 91171.47048770002
513, 91127.29364352024
11, 91077.60522067164
4, 91068.26559970652
473, 91042.44365231396
1192, 91004.65242958494
20, 90973.94804187122
137, 90851.26459528913
112, 90834.67891761329
65, 90636.95194166043
62, 90636.95194166043
246, 90015.38959024829
242, 89982.88732741986
662, 89858.2210479999
1419, 89816.4769109372
1379, 89749.88381429853
136, 89648.25652698528
102, 89644.85695998126
663, 89527.17770068598
612, 89463.12613233278
135, 88705.72796773804
1236, 88569.7101721812
358, 88481.5210416578
461, 87492.06503816207
544, 86843.99680476954
795, 86751.48089059014
698, 86585.36729823325
1286, 86536.31620486033
1149, 86384.3112499251
217, 86321.59597640637
251, 86255.65234592637
156, 86201.95896449313
1193, 86101.32081070163
1285, 86058.9517886973
1362, 85776.81737267153
55, 85631.2917666356
697, 85323.38193360338
695, 84973.29469197076
272, 84867.75287697323
613, 84533.1282613255
1348, 84342.74076564559
1255, 84317.30506438772
791, 84278.0757902327
39, 84251.24143612834
1413, 84168.15751885185
177, 83797.09565403698
643, 83755.62906706659
108, 83462.20609239284
512, 83268.94741405774
656, 83228.37785660673
915, 83063.85312954872
694, 82916.32560532069
691, 82876.65377839787
40, 82710.63306811573
606, 82070.53182225312
1381, 81966.17892550188
1262, 81045.971131732
427, 80889.31814909696
421, 80758.35741988839
575, 80571.46710511342
775, 80351.15121712511
706, 79568.69607236606
1280, 79524.1238726169
693, 79467.82779614086
908, 78772.32315780633
459, 78404.78388250383
705, 78289.45725241312
703, 78289.45725241312
696, 78091.77729871412
518, 77897.27688036957
1036, 77305.42320176396
285, 77163.01351213982
169, 76381.58767826366
1067, 76342.54564854185
158, 75975.85366334987
157, 75975.85366334987
218, 75708.49720896804
170, 75690.96670601732
53, 75690.96670601732
88, 75580.35334258512
1240, 74779.44319282442
164, 74615.97394534314
1152, 74577.77917691357
210, 74354.43509524094
146, 74354.43509524094
1389, 74309.95768607146
159, 73924.09796479785
160, 73915.32058486405
161, 73909.3076386161
216, 73874.86951119108
653, 73727.56382239988
782, 73696.23998257756
594, 73455.65454038793
704, 73172.89915596134
702, 73172.89915596134
1173, 73040.45474718636
305, 73000.1779315162
1170, 72690.09927044586
620, 72610.54171329373
604, 71789.5001466947
180, 71726.80144791797
330, 71468.97006171409
1043, 71446.44649989967
249, 71170.37247450584
209, 70895.6490376701
460, 70799.47964929018
1264, 70732.35213653797
1263, 70732.35213653797
192, 70561.30293942687
191, 70561.30293942687
749, 70551.53087689755
905, 70367.07910065951
899, 70367.07910065951
619, 70363.55381070834
194, 70362.09357698228
699, 69561.91490310509
1058, 69464.08274029368
444, 69156.6527367051
366, 69143.88545389351
1401, 69055.73752872564
759, 69045.35647042362
556, 68968.9661306057
172, 68948.1214178171
397, 68837.63500856796
835, 68823.48158959507
600, 68767.07501517171
1002, 68710.22439433618
545, 68697.73240656975
398, 68675.4218083574
1403, 68539.79658336325
228, 68511.57135315241
500, 68178.45062988123
504, 68067.42809462587
61, 68011.47265031736
250, 67839.80567136734
645, 67740.93637904232
644, 67740.93637904232
63, 67740.93637904232
64, 67605.82547786048
868, 67172.95683236935
309, 66473.63416101062
270, 65698.95719733076
268, 65698.95719733076
1044, 65191.5784202217
1398, 65164.86555345464
834, 65147.00385516371
1382, 65130.604407140316
659, 64966.85248315017
1028, 64737.47846797195
424, 64561.421013521336
423, 64547.11426243513
471, 64434.01990952863
418, 64411.18361104326
1136, 64377.20387585424
1313, 64354.070604503235
1057, 63191.914870514556
558, 63075.77461304631
134, 62953.41020197134
1414, 62898.892836929976
238, 62855.21878875216
1076, 62831.72179177326
1075, 62665.196127328374
840, 62624.58435290241
546, 61994.592339010036
399, 61626.2786863805
701, 60068.94124175983
43, 59772.20896812444
45, 59753.156440616905
745, 59542.210119994124
830, 59082.272608191364
920, 58313.83412360053
1302, 58276.629078926446
93, 58118.971796649384
142, 58072.05172600792
19, 57836.48828044425
1334, 57498.12008620073
1199, 57471.98640283605
5, 57403.44852700439
503, 57381.91563012781
919, 57306.70689092108
369, 57020.558196247795
1003, 56883.37619554353
1373, 56855.699206985286
1147, 56840.92987452984
464, 56840.92987452984
1004, 56812.56007273508
145, 56791.14602937323
353, 56231.64927415828
1035, 56180.147565979285
661, 55918.32070249379
1029, 55885.27094837057
516, 55472.33122998583
269, 55368.15380671909
6, 55302.43747426617
1172, 55176.03275918531
74, 55076.66285503692
133, 54427.21965046987
932, 54189.02721733402
141, 53854.21921650543
690, 53844.15255970799
502, 53770.30729729166
765, 53756.331195042774
515, 53756.331195042774
514, 53756.331195042774
123, 53702.00724997031
1060, 53685.54193783528
739, 53640.19042851217
740, 53608.67983154058
1162, 53265.343995614814
829, 53265.343995614814
481, 53259.34464464488
828, 53169.36728989579
654, 53135.515016141435
1080, 52917.13026076951
1314, 52839.22716118741
274, 51997.50176899209
271, 51997.50176899209
1077, 51887.204049476495
1396, 51795.2327593874
1245, 51515.51840169569
227, 51119.26052755538
362, 50725.189854084194
1074, 50363.11039825395
256, 50216.43932657864
831, 50022.75831094194
796, 49633.976815598566
852, 49582.47049554482
273, 49441.63510408081
794, 49342.22084114141
1190, 49146.93806203109
674, 49130.85607754871
1188, 49128.50557650933
139, 49092.056349119615
1404, 49069.78960999937
1228, 49058.17681640196
865, 49058.17681640196
1317, 48984.32207790294
815, 48965.61267091519
501, 48790.9208937399
1344, 48525.77975358261
1039, 48241.831642703495
1061, 48145.35163841917
700, 47960.52591080796
866, 47880.51752494764
302, 47854.931234575684
673, 47821.646939794235
992, 47817.358537806846
860, 47735.06138063718
562, 47724.95800954168
1085, 47710.87945520226
564, 47662.4918790633
451, 47573.835713210734
1234, 47572.75736421582
1086, 47566.868667071474
1399, 47496.413078271195
1288, 47094.09521448991
1397, 47059.12250506563
1109, 47031.68886530445
1081, 47018.43967566194
1110, 46852.16997998739
1108, 46852.16997998739
607, 46754.260536525
1101, 46399.81390997544
151, 46355.94001952806
401, 46310.26403096875
1395, 46296.97725258542
861, 46278.052159477396
124, 46220.81779262039
149, 46220.36455481689
264, 45797.30762410812
1056, 45784.47560536095
922, 45649.73130008964
1106, 45480.330444513005
1105, 45480.330444513005
1102, 45480.32977801311
409, 45372.023002727925
391, 45357.6784836679
155, 45318.11706755492
1400, 45254.91636920132
1088, 45240.96804977631
1232, 45227.44223525263
437, 45194.24353487796
1018, 45170.6148958347
154, 45170.6148958347
571, 45025.067273400775
709, 44913.77034475845
554, 44879.68949687053
555, 44796.16723340992
855, 44733.19840029454
454, 44727.73409533795
1059, 44694.93402182874
856, 44659.64876450073
854, 44659.64876450073
442, 44481.680482700605
233, 44408.07281529799
1113, 44407.9750305766
1323, 43949.14379312261
168, 43763.87134519354
26, 43631.193112219386
434, 43578.261305945016
390, 43559.08164586187
72, 43486.530602605075
553, 43435.08124588109
419, 43377.383486110375
417, 43306.746788270204
167, 43306.52952201531
267, 43299.96768799494
1027, 43058.33172978076
410, 43036.89794359451
993, 42835.7272251278
187, 42742.446712767145
42, 42412.35268956327
647, 42322.849340182256
903, 42321.17315085839
1410, 42274.97677365154
122, 42237.337733837085
1300, 42236.55010407191
574, 42219.20539560345
1015, 42156.07109697794
968, 41947.23758821303
1016, 41744.829131275736
1409, 41720.88989352485
1065, 41720.88989352485
85, 41720.88989352485
1408, 41712.69338535833
1407, 41709.40895268906
601, 41708.3818768227
86, 41679.69787670568
441, 41450.04054397236
1017, 41423.00810656579
783, 41258.75275562717
802, 41228.15180801715
801, 41228.15180801715
346, 41219.80603779912
970, 41054.13618109206
304, 40547.505477419625
1191, 40517.07960330931
1189, 40377.424884466585
565, 40260.52949266963
762, 40150.39484173529
772, 40104.31399681241
1066, 40080.89839304221
776, 39891.699878725194
1287, 39816.68854733569
420, 39713.37078409444
969, 39698.98520667032
415, 39648.74491538806
1155, 39614.70930229679
972, 39509.08506332633
967, 39509.08506332633
361, 39504.95650385585
1346, 39425.578480453674
853, 39419.943915420336
583, 39057.59257489835
222, 38749.09891632094
367, 38558.28236713104
116, 38281.48552412758
347, 38259.34518537748
858, 38214.6438651445
1290, 38067.32838054397
827, 38041.58856511099
1040, 37946.31331111942
971, 37714.42941146872
846, 37670.722312799946
517, 37670.119333796436
1342, 37616.75832089542
540, 37501.693261881126
1204, 37442.447605782
495, 37312.35081136574
1201, 37284.016014609675
433, 37273.57359947448
204, 37270.613509102375
488, 37213.089221663184
509, 37197.587076483906
930, 37149.53033322046
277, 37079.95650707648
1274, 37070.68499911499
252, 37031.35892585625
1200, 36879.803538676795
1169, 36798.93315564458
885, 36439.12360806181
1224, 36414.033578909024
867, 36360.003416132335
781, 36343.32075788133
153, 36330.87548796459
231, 36165.45220767771
30, 36055.263639783545
220, 35970.11144032516
354, 35959.18956000261
299, 35924.06248888106
107, 35854.85103207375
584, 35814.11234404278
380, 35787.92141065784
978, 35754.17040263532
279, 35667.09268507808
450, 35560.09765613583
449, 35560.09765613583
278, 35542.28880462813
478, 35462.76534547329
771, 35425.23448580601
221, 35331.14427316988
106, 35272.51596313225
1111, 35267.26139713443
622, 35263.67162903992
621, 35263.67162903992
581, 35192.93966594519
1013, 34860.179166976886
1012, 34848.20584184565
618, 34840.674782129274
1137, 34756.486210435425
56, 34637.44336719986
1310, 34632.748294817015
557, 34397.769788543905
780, 34329.03404892997
534, 34251.77574589371
836, 34245.25781711167
29, 34111.21449114553
1217, 34025.035719109
1216, 34025.035719109
131, 33878.0473436264
536, 33851.1087141731
535, 33851.1087141731
395, 33731.83112020876
847, 33663.58771291987
1112, 33461.87692772769
1306, 33406.91712277115
596, 33390.74726452215
605, 33348.875029973504
977, 33286.78445927608
1052, 33220.91596118851
598, 33098.85639373253
178, 33055.754201697804
381, 32769.86267601353
173, 32673.85270188506
597, 32638.559470033655
