1139, 99979.89304305495
954, 99895.83270328348
1140, 99776.81987953829
914, 99688.95450335283
1338, 99597.17981921212
1337, 99597.17981921212
521, 99501.00432139053
1218, 99475.75905818869
1219, 99421.26671725612
1141, 99294.40037619405
1138, 99294.40037619405
962, 99120.76591501088
964, 99052.29645271467
963, 99052.29645271467
1267, 99039.2608013786
965, 99029.51020091395
283, 98856.34500952078
646, 98793.5401352562
1126, 98705.30001229022
1265, 98603.8096111497
912, 98511.75176490613
400, 98373.45425302428
505, 98081.27371675208
1393, 98015.21925502624
879, 97901.97932636407
878, 97901.97932636407
77, 97894.43841058244
608, 97645.23347799422
23, 97584.34109240926
308, 97456.04805672857
550, 97449.03007792718
918, 97199.38438447448
805, 97186.26709950501
24, 97087.73795050694
625, 97051.78988028677
388, 96956.5367313548
162, 96821.36035935009
25, 96400.2147274105
1394, 96218.84604073231
1391, 96099.01269468226
1364, 96083.11158995758
785, 95903.54406637633
387, 95891.13170400352
804, 95828.89454910877
973, 95725.58772546437
333, 95502.17161210328
684, 95444.74351193749
687, 95102.27666188873
389, 95096.08618892822
321, 94969.62109108659
84, 94955.15207197305
882, 94847.13621710765
1230, 94762.78796751722
1266, 94727.97887009033
1092, 94437.63015314534
1336, 94360.45376667021
685, 94296.24929615026
975, 94250.59814666497
506, 94222.91788503749
976, 94174.63787159316
635, 94171.84681223409
634, 94171.84681223409
1186, 94026.68640353227
686, 93895.87424770111
682, 93767.13085621696
688, 93642.1168799003
725, 93563.47172952317
895, 93343.74662619113
284, 93227.21682629855
33, 93222.67694090198
683, 93167.68730731306
1341, 92783.08594166786
1006, 92699.68556209262
443, 92643.3852147155
681, 92426.20329372877
913, 92035.47274470296
818, 91969.05031199256
524, 91703.39639289034
1352, 91650.92482237531
529, 91278.07465133489
508, 90868.50978032031
842, 90723.70334620411
507, 90394.86274264909
724, 90207.66867015658
372, 90033.57722788204
1268, 89837.19330064832
675, 89760.22350791824
339, 89719.619324348
1392, 89674.82030812892
1296, 89351.20777187536
34, 89350.22492713122
1118, 89252.60971676817
595, 89252.60971676817
957, 89143.74861553092
626, 89042.72112740779
841, 89042.02021818983
1210, 88981.7496073779
917, 88813.89602615984
404, 88538.43603511868
933, 88515.237168154
92, 88417.86320508833
1251, 88209.74637706857
1269, 88187.79601617959
163, 87920.16213142002
229, 87628.81150410946
91, 87601.07767923409
230, 87590.14217906576
1211, 87548.76677362979
1297, 87523.44524301359
953, 87010.76051747169
297, 87010.76051747169
111, 86883.41409782694
143, 86872.93429558723
523, 85983.47071256439
881, 85939.93686196754
991, 85897.3906727926
351, 85455.4001936587
1242, 85319.04140774562
1241, 85319.04140774562
117, 85152.97660268618
1345, 84750.37416215126
951, 84620.06854539934
764, 84127.37191185345
1365, 83746.15029657948
373, 83735.44956167787
1007, 83607.19082011185
383, 83587.74018422185
784, 83280.35956474766
1128, 83139.40634793525
130, 83028.0655062001
1158, 82786.07054714061
32, 82686.7431455377
1361, 82532.80591439252
1351, 82332.17154838328
910, 82202.42665199368
1229, 81677.07374970386
303, 81446.85599165563
316, 81291.66008835322
1243, 81040.88998550874
774, 80983.80917498577
773, 80983.80917498577
1093, 80929.6101710202
510, 80929.6101710202
660, 80874.86816422123
96, 80795.37673643265
551, 80569.49232934698
1146, 80521.44020847164
1130, 80461.9063609814
1167, 80244.25185366163
821, 80165.9466775476
1380, 80162.91845568434
658, 80049.22705628478
1042, 79858.60026505256
1203, 79854.0626066602
1311, 79590.7300489719
1041, 79569.30014614573
1298, 79372.83175543151
511, 79264.22996316796
1196, 79169.64546089857
1197, 79069.87402711106
1386, 78775.43143068819
1387, 78649.22713284202
586, 78596.98801053532
1195, 78043.60150963523
1198, 78034.29491410144
1374, 78011.20896488674
1202, 77836.86222043095
1320, 77660.7270218712
1116, 77441.84798635148
1340, 77425.49911939785
282, 77058.89066507095
766, 76914.26731467279
1096, 76863.83328006747
599, 76493.11999417745
883, 76332.26217399818
587, 76143.40835871699
995, 75639.09394465352
758, 75633.38120601581
198, 75565.98039815875
1097, 75468.52521597508
532, 75324.9068385681
747, 75141.44771636512
669, 75037.2868830149
327, 74962.42470086079
746, 74881.56869125011
990, 74696.35796392358
896, 74668.49595836514
887, 74293.37819807579
128, 74142.2195631368
880, 74105.28069526942
707, 73969.26405950032
966, 73952.49542758527
1372, 73813.13162106714
806, 73752.10282995636
1127, 73244.34168900152
1129, 73180.89644496712
548, 73004.68919579913
547, 72984.9003385903
340, 72569.59255900428
522, 72455.79689493978
1237, 72263.20051513243
1024, 72263.19703018115
1023, 72263.19703018115
708, 72106.03833776807
280, 71853.72824626001
839, 71798.10063512002
175, 71563.9076906943
1054, 71513.05775948537
1022, 71218.15985534892
1098, 71143.3282285348
431, 71106.68367553056
1064, 71083.42548123361
298, 70903.94130454675
344, 70715.23840770802
664, 70655.51382290485
1049, 70581.03454753196
1156, 70466.20319358057
144, 70428.77102107399
1050, 70181.43974333952
624, 70048.678505334
1021, 70020.46192126255
1151, 69595.72678824762
533, 68950.32616316863
755, 68796.81980791314
1275, 68690.36909208768
1154, 68451.98092697015
66, 68431.45106993959
559, 68383.6009673925
296, 68351.28114200267
265, 68327.62250962581
440, 68302.14061024903
377, 68202.62825867142
336, 68042.23616611514
996, 67919.69069791009
911, 67597.92047506197
738, 67316.5947191057
292, 67314.43351882623
950, 67186.63845722677
578, 66938.93092367327
767, 66682.09446888343
1055, 66646.99513669894
952, 66423.35022106678
1220, 66044.99208390429
378, 65869.56674655828
1233, 65418.52714297666
941, 65340.55919192512
35, 65335.20787535972
959, 65304.93226998172
1215, 65295.987208119164
893, 65229.49435882452
301, 64975.22935821125
722, 64904.139629120946
760, 64888.43100212966
129, 64634.55385150298
627, 64610.028571841634
721, 64566.38680362126
261, 64493.887054497056
542, 64413.5836094102
539, 64413.5836094102
1420, 64333.210202061266
823, 64218.5389041868
1339, 63994.08682483696
201, 63834.67522335711
1295, 63655.12991457439
982, 63523.94598188908
924, 63522.06441749615
916, 63367.882082006545
838, 63320.032004717985
822, 63259.27427791426
1385, 63221.881262041534
1107, 63186.12673756844
263, 63056.08117341499
1070, 62996.75916576418
1071, 62996.758667505856
318, 62973.278660614495
439, 62858.30248422905
8, 62657.90920197601
115, 62562.38793930085
943, 62423.423103901
1194, 62215.87573182813
262, 62215.81517330594
906, 62178.1113096328
937, 62161.68070804984
121, 62123.56394274028
1072, 62087.779941274115
436, 61957.114722547936
735, 61945.288708690474
803, 61819.90313281682
1349, 61783.91648762841
1293, 61783.30689873795
1292, 61766.16886817491
944, 61484.43735395928
1332, 61451.963482292216
1213, 61430.63961175985
848, 61263.707456285265
945, 61180.97709164077
1114, 60707.23011367465
76, 60475.91248335936
462, 60313.40040840151
1291, 60286.14901307322
593, 60255.984233995994
499, 60206.53953087939
87, 60105.02448992042
974, 59908.624711924276
629, 59804.473246826004
1104, 59757.01607746112
1375, 59592.07140509254
52, 59415.00696543154
678, 59030.1334127138
1252, 58843.51627378005
1068, 58817.59984361784
407, 58733.842510913615
324, 58722.48501459163
810, 58663.59875673888
1276, 58560.85566592528
294, 58534.284255671264
615, 58413.1615829222
406, 58402.35475522424
394, 58396.53064533268
243, 58077.393555506285
650, 58033.97721280226
329, 58021.98844916776
1212, 57757.010982261025
1355, 57717.82228192647
392, 57717.14464342758
1359, 57705.93691432313
171, 57562.470140915866
341, 57457.07304437144
1261, 57364.73405969788
60, 57344.07414274688
843, 57249.226009457234
95, 57029.48083163764
355, 57000.91495269174
1208, 56853.008751074296
603, 56833.37697655594
79, 56805.53228470583
1209, 56758.511186194395
1239, 56753.36084185047
1206, 56601.964368239096
323, 56504.3666855809
859, 56457.0892547659
376, 56417.84587845339
716, 56377.82060895849
925, 56317.684903806694
1047, 56268.05455611078
317, 56218.270766797395
736, 56190.105157804646
884, 56184.86684165808
447, 56147.61064352806
319, 56100.437567646935
1131, 56074.08181799375
610, 56017.28272348418
988, 56004.55222107911
100, 55973.67631579354
1257, 55959.8753217323
714, 55928.84393252659
672, 55920.041916177666
101, 55867.650866379816
543, 55866.06379453087
472, 55843.16488071182
979, 55715.655474119005
561, 55658.90394686897
1353, 55625.78356492307
1289, 55553.718407779175
82, 55553.718407779175
779, 55525.432334444304
723, 55454.88185508967
737, 55397.51169489446
1207, 55391.004918770814
671, 55266.59171620701
75, 55238.956140641894
1205, 55171.87669876507
1095, 55068.3337727539
1014, 54972.763639442564
907, 54874.28299522849
197, 54870.64760430626
1254, 54834.902559693444
385, 54532.61955880836
998, 54309.56487745406
1244, 54222.678644256746
715, 54215.00375995612
616, 54214.52928971954
677, 54209.57133514598
57, 54047.65891400324
797, 54044.926932479364
1327, 54037.58878233447
894, 54022.02914625409
1153, 53882.64373168103
1226, 53847.055733397
489, 53827.2392914678
1045, 53704.01386339551
649, 53524.23788902225
585, 53473.70348636471
1053, 53468.934381981635
1033, 53451.80809196831
1335, 53425.05120003249
926, 53316.05836720721
375, 53101.566360016004
118, 53058.473099901035
652, 53006.05551375273
49, 52919.68018839286
9, 52905.17052249938
931, 52767.07548873498
648, 52763.35380253576
393, 52617.30895283609
602, 52466.93788875024
448, 52242.814135910645
1402, 52161.4149257563
300, 52132.76317801196
1142, 52081.27386673298
1073, 52033.87226924554
1331, 51974.33445885775
935, 51968.389708921204
27, 51643.354884165274
1366, 51437.428525391435
181, 51235.20420586656
946, 51227.23072485261
1377, 51192.11489829154
573, 51143.80631543645
541, 51131.333685589816
590, 51053.52553948336
1038, 50971.49476839368
994, 50749.66465553505
1069, 50658.83460188522
126, 50532.05374183548
651, 50516.76536645371
1259, 50447.12712052446
1260, 50347.82054378293
614, 50321.96326546753
639, 50207.93443484638
789, 50152.078791910084
147, 50122.521495738416
1357, 50014.313788659805
928, 49995.23307204991
680, 49979.71363764158
888, 49852.00667908366
631, 49826.47100144495
28, 49802.26074988606
997, 49676.057952072086
873, 49676.057952072086
50, 49610.604108538544
196, 49608.100894187155
1358, 49572.792485260085
1294, 49563.986726995005
837, 49529.52156973765
312, 49522.305740063974
182, 49402.94018417592
572, 49315.86621153597
199, 49308.0627056802
58, 49249.95844009364
1099, 49141.8407085483
97, 49062.63776588105
851, 48950.14093261696
989, 48934.60785388023
403, 48934.60785388023
1325, 48862.637680294836
453, 48851.67045421749
452, 48851.67045421749
127, 48837.84939818896
1143, 48751.55637429513
1165, 48646.23109536804
628, 48568.422030570124
936, 48554.87531366147
718, 48416.02608705034
1231, 48337.633775204406
844, 48300.1054997239
293, 48237.299932020156
1238, 48223.74326768636
491, 48167.67871110302
849, 48159.38133845472
1089, 48124.211261645076
1164, 48102.3933662598
200, 48102.3933662598
549, 48095.291631161475
188, 48057.80555119141
1333, 47988.129779773124
202, 47887.89064245091
245, 47812.63049279461
1258, 47786.379136561955
138, 47663.1306879898
402, 47624.74402683405
1161, 47606.7736077596
232, 47599.96827159926
1091, 47409.10273464727
1090, 47409.10273464727
591, 47390.91543847339
357, 47236.27870643448
214, 47164.753846727755
679, 47128.91297613643
487, 47044.60414977649
875, 47005.23709158965
567, 46946.90124415978
744, 46923.07544736522
1134, 46921.86846704076
1309, 46724.13775780643
1319, 46606.69562788605
493, 46599.51235818272
1048, 46573.722105014
731, 46502.65213809605
457, 46489.50754419183
