759, 99971.31615334985
1401, 99949.56092298457
556, 99868.44841459171
172, 99824.74792658737
366, 99765.47536737417
444, 99738.90756593835
397, 99593.3130096414
835, 99563.68994772008
600, 99445.68520476458
1002, 99326.83885396051
545, 99300.73606794873
398, 99254.12720372762
1058, 99106.32392773379
1403, 98971.08367810056
228, 98912.24144822908
699, 98907.85981232603
500, 98219.39357740867
504, 97989.14344881341
61, 97873.22229988118
250, 97518.10719906764
194, 97333.97852893433
619, 97331.18436206215
905, 97324.43983543199
899, 97324.43983543199
645, 97313.94000769535
644, 97313.94000769535
63, 97313.94000769535
64, 97035.35347134237
749, 96973.78234230548
192, 96955.3262730541
191, 96955.3262730541
1264, 96634.2272396243
1263, 96634.2272396243
460, 96509.21511067383
209, 96331.09109867814
868, 96146.0723282143
249, 95828.47321448679
1043, 95332.47386437653
330, 95292.40213822627
180, 94837.85722369427
604, 94728.46703386775
309, 94719.78840672267
620, 93335.8442134274
1170, 93204.71699378146
270, 93154.63138598486
268, 93154.63138598486
305, 92699.83538101388
1173, 92634.968702228
704, 92422.80357813896
702, 92422.80357813896
1044, 92137.85633727732
1398, 92084.50563226345
834, 92048.84248301423
1382, 92016.10601224887
594, 91975.6185610378
659, 91689.59833510403
782, 91601.18687001687
216, 91326.70725536099
161, 91274.13105768195
160, 91264.96240526301
159, 91251.58447609603
1028, 91233.38239302329
424, 90884.10757004713
423, 90855.7589764901
471, 90631.84451587945
210, 90604.28529086952
146, 90604.28529086952
418, 90586.66991568798
1136, 90519.47553985543
1313, 90473.74634839721
1152, 90274.84734197013
1240, 89981.1129081713
88, 88848.20999044456
170, 88695.83750568616
53, 88695.83750568616
218, 88671.77757609067
158, 88307.8164334244
157, 88307.8164334244
1057, 88193.47863610307
558, 87967.42212828789
1067, 87817.54158625762
169, 87765.93747058921
134, 87729.60599426425
1414, 87623.76821954995
238, 87539.03323056195
1076, 87493.46423917562
1075, 87170.89501586884
840, 87092.32947267275
285, 86756.41153791122
1036, 86577.09308727355
546, 85878.65692173252
518, 85846.61317238813
696, 85611.62345691312
705, 85375.29338720089
703, 85375.29338720089
459, 85238.56707285435
399, 85173.49673117831
908, 84808.37498279683
775, 83051.44278397963
575, 82817.37530041933
421, 82620.84516993038
427, 82484.22244248562
1262, 82321.96572716473
701, 82227.13253829755
43, 81672.11786620198
45, 81636.55056579669
745, 81243.30991463881
830, 80389.41745521978
915, 80339.53817358219
512, 80148.60398365033
108, 79970.36974445716
643, 79702.82705965277
177, 79665.3126332525
1413, 79332.81263101917
1255, 79200.76403253294
1348, 79178.33476848945
613, 79011.2798636754
920, 78973.42745626169
1302, 78905.20576933543
272, 78721.16575153974
93, 78616.45655410977
142, 78530.62912446745
19, 78100.46763895461
1362, 77954.8343273683
1285, 77723.26333008503
1193, 77688.7369011936
156, 77606.98561623922
217, 77510.27168543701
1334, 77484.71870642783
1149, 77459.77597576118
1199, 77437.26645246307
1286, 77337.96303377986
5, 77312.88994134404
698, 77298.82748565765
503, 77273.83519610454
919, 77137.50694011665
544, 77093.85929938922
369, 76619.94505413392
461, 76590.23640908742
1003, 76372.4543526457
1373, 76322.5717382029
1147, 76295.959572257
464, 76295.959572257
1004, 76244.85463633867
145, 76206.29125985534
1236, 75783.06189684903
135, 75683.76544652208
353, 75202.23581211321
612, 75141.00493335129
1035, 75110.15114443918
102, 75013.28040338267
136, 75010.90017344008
1379, 74939.89793102526
1419, 74893.53224276555
661, 74642.88505958188
1029, 74584.00735330074
65, 74332.44961773611
62, 74332.44961773611
112, 74199.98764307705
137, 74188.92411952052
4, 74044.84613990656
1299, 73976.75911184469
516, 73850.32009824834
1084, 73849.93891131415
1082, 73849.93891131415
269, 73665.795013516
6, 73549.51242785319
750, 73355.29116895245
1172, 73326.1002120552
751, 73218.58631505155
74, 73150.70655023669
15, 72895.33664420556
363, 72734.56552028867
1020, 72674.6301989832
1318, 72567.40762297026
364, 72556.12682301823
845, 72492.07942302285
799, 72475.9235679796
798, 72475.9235679796
633, 72228.35106602534
239, 72043.25648675107
21, 72043.25648675107
133, 72009.49618638291
692, 71987.99634716361
609, 71973.35215799262
932, 71593.1432240409
350, 71223.17618248181
425, 71190.61269035583
348, 71183.08260323996
141, 71009.89284932571
690, 70992.39205948237
502, 70864.07644301116
765, 70839.80378087226
515, 70839.80378087226
514, 70839.80378087226
416, 70789.27867112834
123, 70745.49604744762
1060, 70716.92380909722
3, 70649.81125010285
2, 70649.81125010285
739, 70638.25412430595
740, 70583.61860392004
396, 70498.54989665291
44, 70498.54989665291
291, 70316.39981925658
754, 70204.92485928205
1148, 70054.94807278778
1308, 69996.0575687661
1162, 69989.6316390946
829, 69989.6316390946
481, 69979.27385498372
712, 69830.42288365636
828, 69824.01721821215
1144, 69798.56304877934
654, 69765.64745677327
1080, 69389.65640754037
1246, 69281.02361982969
811, 69266.91321615384
1314, 69255.7650131001
411, 68824.26916001359
426, 68757.0388311817
414, 68757.0388311817
1100, 68705.66457836251
352, 68674.20237980367
479, 68656.38439681496
422, 68502.57157279567
413, 68502.57157279567
219, 68469.90726465195
955, 68418.95166340283
412, 68103.78557522982
984, 67906.228005071
480, 67879.82369908689
274, 67816.88278744364
271, 67816.88278744364
1077, 67629.384612562
1117, 67574.20098258196
1396, 67473.22485601337
636, 67433.9725972643
428, 67283.20568217922
1245, 66999.32260126
987, 66954.79265228407
985, 66954.79265228407
986, 66774.44679847606
382, 66465.58794118019
227, 66330.60975028988
1103, 66289.34295747854
470, 66168.51450070014
179, 65920.16996999967
1312, 65865.55472413442
812, 65838.32518420354
362, 65668.64039286853
41, 65590.13553827797
189, 65500.3919125345
813, 65304.677169620365
435, 65301.48388310917
1074, 65063.076076969926
961, 65054.33364777601
176, 64898.28865148215
46, 64840.453776183385
256, 64818.49685804934
513, 64684.04542699287
11, 64659.00492992562
473, 64641.28133960809
1192, 64622.22657045935
20, 64606.74394261682
831, 64496.162696691805
246, 64121.82569613632
242, 64105.3312804228
662, 64042.034425519014
663, 63873.704038843534
796, 63851.30699438473
852, 63766.09261535636
273, 63533.34654582893
794, 63369.280885841996
358, 63339.65708356866
1190, 63047.54776869721
674, 63021.08453491018
1188, 63017.2171477075
139, 62957.258948405724
1404, 62920.64301037062
1228, 62901.55038684124
865, 62901.55038684124
1317, 62780.18529140228
815, 62749.45658416539
501, 62462.85797696511
795, 62448.155682692675
251, 62190.81235619056
1344, 62028.96564782516
55, 61865.58224345203
697, 61704.70656271879
1039, 61565.75723663814
695, 61521.40326026909
1061, 61408.71069860543
791, 61156.152699369326
39, 61142.02146251567
700, 61108.3420469423
866, 60978.51353765906
302, 60937.020059777904
673, 60883.0608196894
992, 60876.110116397766
860, 60742.78763775049
562, 60726.428676471245
1085, 60703.63640896473
564, 60625.327980118374
656, 60601.52551910135
451, 60481.96269274405
1234, 60480.21979430136
1086, 60470.70247353747
694, 60435.91249704344
691, 60414.83247684334
1399, 60356.88160895899
40, 60326.56090537221
606, 59985.325826748725
1381, 59929.559930987554
1288, 59708.68560325538
1397, 59652.479301990745
1109, 59608.40504164181
1081, 59587.12411883971
1110, 59320.33311240558
1108, 59320.33311240558
607, 59163.4663722709
706, 58637.75481334208
1280, 58613.54359639297
1101, 58597.04098160275
693, 58582.95619201618
151, 58527.086248404004
401, 58454.295088920204
1395, 58433.127794093074
861, 58402.9835439868
124, 58311.85884511961
149, 58311.13746605642
264, 57639.40474950948
1056, 57619.08012168342
922, 57405.836367881755
1106, 57138.205374019155
1105, 57138.205374019155
1102, 57138.20432204263
409, 56967.3615655298
391, 56944.750198065965
155, 56882.4081852088
1400, 56782.87232243325
1088, 56760.914414031904
1232, 56739.62491928143
437, 56687.38424044515
1018, 56650.21466835722
154, 56650.21466835722
571, 56421.47539295438
709, 56246.81610803569
554, 56193.376396537686
555, 56062.49765084833
855, 55963.90709704071
454, 55955.35489874881
1059, 55904.03043818544
164, 55903.21634116244
856, 55848.83833431795
854, 55848.83833431795
1389, 55731.26665596318
442, 55570.79857736466
233, 55455.96342917143
1113, 55455.81093844925
653, 55403.04108659899
1323, 54742.119872637864
168, 54454.97316042163
26, 54249.704907651554
434, 54167.89816676554
390, 54138.267690523026
72, 54026.24156975508
553, 53946.853466608656
419, 53857.87799102789
417, 53749.02726680285
167, 53748.69259289912
267, 53738.585216945736
1027, 53366.90024857545
410, 53333.97896968466
993, 53025.37225321181
187, 52882.50878931473
42, 52378.14018881477
647, 52241.70091248319
903, 52239.1470126528
1410, 52168.77927399489
122, 52111.47293755285
1300, 52110.27400748582
574, 52083.874540853205
1015, 51987.823936849876
968, 51670.58846777417
1016, 51363.81114815869
1409, 51327.573330148334
1065, 51327.573330148334
85, 51327.573330148334
1408, 51315.168135933476
1407, 51310.19755056078
601, 51308.64323439109
86, 51265.24167318864
441, 50918.2434770585
1017, 50877.45688483905
783, 50629.889078606284
802, 50583.81639790741
801, 50583.81639790741
346, 50571.25372865705
970, 50322.113860245954
304, 49563.03445225626
1191, 49517.58191779979
1189, 49309.149243649816
565, 49134.92959308844
762, 48970.9899827064
772, 48902.45551067672
1066, 48867.64351788777
776, 48586.68873449039
1287, 48475.45963257132
420, 48322.406017291665
969, 48301.10909746048
415, 48226.75781422703
1155, 48176.41121137687
972, 48020.28732760531
967, 48020.28732760531
361, 48014.18852844233
1346, 47896.98292665058
853, 47888.6670655606
583, 47354.95553978328
222, 46902.22680700987
367, 46622.953137420525
116, 46218.867191268204
347, 46186.5976186335
858, 46121.46896468654
1290, 45907.05712266004
827, 45869.62891196037
1040, 45731.18000953045
971, 45394.81399134736
846, 45331.507696842746
517, 45330.63453809744
1342, 45253.386299909915
540, 45086.963321867486
1204, 45001.354606911824
495, 44813.55928109145
1201, 44772.69277981532
433, 44757.635116492296
204, 44753.367059177996
488, 44670.451689550304
509, 44648.11572120142
930, 44578.89777631824
277, 44478.75139583389
1274, 44465.41140747514
252, 44408.843241422124
1200, 44191.063716335004
1169, 44075.001072275925
885, 43559.8340202052
1224, 43523.98483239594
867, 43446.81808445818
781, 43423.0006741916
153, 43405.235650159084
231, 43169.3267860021
30, 43012.41949943387
220, 42891.29042555445
354, 42875.762025922726
299, 42825.83171624705
107, 42727.508065391485
584, 42669.66760393409
380, 42632.49522794897
978, 42584.60830004517
279, 42461.13958636119
450, 42309.58699142082
449, 42309.58699142082
278, 42284.37853147642
478, 42171.87138792709
771, 42118.80712740592
221, 41985.8678815373
106, 41903.09987015933
1111, 41895.684307376716
622, 41890.61844732134
621, 41890.61844732134
581, 41790.84142811722
1013, 41322.444831342786
1012, 41305.62196819235
618, 41295.041711964295
1137, 41176.82429163469
56, 41009.84501490354
1310, 41003.263648641776
557, 40674.29887297641
780, 40578.22531692079
534, 40470.323138979795
836, 40461.22396923111
29, 40274.23589941175
1217, 40154.158198309924
1216, 40154.158198309924
131, 39949.6037016623
536, 39912.14938997082
535, 39912.14938997082
395, 39746.439130214974
847, 39651.723711480256
1112, 39372.16707030407
1306, 39296.09990117195
596, 39273.72839334854
605, 39215.814577064404
977, 39129.98370462563
1052, 39038.99183780917
598, 38870.54361108359
178, 38811.11220556674
381, 38417.593092128125
173, 38285.70421328776
597, 38237.25536573896
