399, 98059.48648243779
701, 97820.52917201926
546, 97141.17286833577
43, 97036.05501565871
45, 96985.85152037797
745, 96431.33725330952
840, 95633.69598061756
1075, 95539.14348643768
830, 95230.69989142369
1076, 95154.65160157406
238, 95100.81144630203
1414, 95001.00662185313
134, 94876.9096076369
558, 94600.3260020117
1057, 94340.2810218509
920, 93250.05601715372
1302, 93154.95375084311
93, 92752.76076678435
142, 92633.31586437159
19, 92035.37147933776
1313, 91863.61476543252
1136, 91816.51776286412
418, 91747.4871710895
471, 91701.19384637075
423, 91473.09807172563
424, 91444.3809094726
1334, 91181.49422093728
1199, 91115.79032487544
1028, 91093.4917657917
5, 90943.64214372904
503, 90889.60703830128
919, 90701.06230202552
659, 90643.17401645026
1382, 90326.32023165083
834, 90294.79729126945
1398, 90260.50667478309
1044, 90209.30730523352
369, 89986.32941991823
1003, 89645.1493647145
1373, 89576.42986189864
1147, 89539.77467534879
464, 89539.77467534879
1004, 89469.39597052461
145, 89416.29959409022
270, 89255.48258198128
268, 89255.48258198128
353, 88037.12683190538
1035, 87910.953727496
309, 87864.3757829542
661, 87271.52409400516
1029, 87191.04905146763
868, 86671.69604053147
516, 86190.03120613203
64, 85961.53150079006
269, 85938.79429490119
6, 85780.57944854235
645, 85744.07952303607
644, 85744.07952303607
63, 85744.07952303607
250, 85586.19720017025
1172, 85476.83668018045
61, 85314.52406610546
74, 85238.59294160188
504, 85226.63817537193
500, 85053.22152346386
228, 84540.42415827484
1403, 84497.48643964258
398, 84292.26259165104
545, 84258.67569963259
1002, 84239.89117506926
600, 84154.59512408797
835, 84070.27468947777
397, 84049.16534949766
172, 83885.03896746745
556, 83854.20502068185
759, 83741.55892662265
1401, 83726.29345265643
133, 83693.04301019701
366, 83597.07887467937
444, 83578.42384207758
1058, 83133.76838764174
932, 83131.1500333957
699, 82994.07547287706
141, 82345.78797305284
690, 82322.25452150135
502, 82149.76403399864
765, 82117.1462765773
515, 82117.1462765773
514, 82117.1462765773
123, 81990.44871014201
1060, 81952.0739813011
194, 81883.06570730603
619, 81881.0882206757
905, 81876.31491280471
899, 81876.31491280471
739, 81846.43995454875
740, 81773.09986046496
749, 81627.99913522713
192, 81614.92171969819
191, 81614.92171969819
1264, 81387.2744629199
1263, 81387.2744629199
460, 81298.58094937388
209, 81172.1430759413
1162, 80976.920336375
829, 80976.920336375
481, 80963.05559217226
249, 80814.97245329626
828, 80755.30901152024
654, 80677.2427130043
1043, 80461.92917605743
330, 80433.3818337232
1080, 80174.86493095079
180, 80109.29897889086
604, 80031.2335812634
1314, 79996.1711514687
620, 79034.94941327114
1170, 78940.9061290171
305, 78578.43104455594
1173, 78531.81700510846
704, 78379.28294508535
702, 78379.28294508535
274, 78082.55550670422
271, 78082.55550670422
594, 78057.43484505621
1077, 77834.10052159794
782, 77787.58427432961
1396, 77627.33087537203
216, 77589.55711742918
161, 77551.60484976012
160, 77544.98576057461
159, 77535.327526091
210, 77067.49889412028
146, 77067.49889412028
1245, 77000.72227945075
1152, 76829.01740902814
1240, 76616.16311506621
227, 76118.77654087485
88, 75793.26949907004
170, 75682.35714586556
53, 75682.35714586556
218, 75664.83874502605
158, 75399.66289238956
157, 75399.66289238956
362, 75248.30536433282
1067, 75041.95154618935
169, 75004.26666435062
1074, 74454.24440688694
285, 74265.74302197357
1036, 74134.30284473614
256, 74134.13848278482
831, 73712.79659539685
518, 73598.05242737407
696, 73425.26791223361
705, 73251.36162510922
703, 73251.36162510922
459, 73150.68749826499
796, 72871.67168042058
908, 72833.63008873402
852, 72760.70083555985
273, 72457.81919404879
794, 72244.50132552678
1190, 71826.63334249309
674, 71792.2892413844
1188, 71787.27046547206
139, 71709.47262917794
1404, 71661.97231453669
1228, 71637.2073043557
865, 71637.2073043557
775, 71534.01825807338
1317, 71479.83364670356
815, 71440.00122474506
575, 71360.30149052311
421, 71214.33869626743
427, 71112.81258903974
501, 71068.75468556625
1262, 70992.17728731984
1344, 70507.60304380843
1039, 69909.72006980894
1061, 69707.29004661643
915, 69512.97145095555
512, 69369.98467891829
700, 69320.50998934775
108, 69236.42593992055
866, 69153.48994767659
302, 69100.13007812695
643, 69035.79439447218
673, 69030.75402057118
992, 69021.8186124538
177, 69007.6477342795
860, 68850.48004281355
562, 68829.46333818912
1085, 68800.18414747449
1413, 68758.02155386066
564, 68699.61064428935
1255, 68658.80795489701
1348, 68641.95154163797
613, 68516.36367041995
451, 68515.57260411937
1234, 68513.33595812843
1086, 68501.1227674913
1399, 68355.1006338943
272, 68298.09513298859
1362, 67720.51676458505
1285, 67545.68997116394
1288, 67524.91159058051
1193, 67519.61221889198
156, 67457.8535155297
1397, 67453.03548800516
1109, 67396.68611684907
217, 67384.76936138057
1081, 67369.48214721536
1149, 67346.60162390706
1286, 67254.50122561946
698, 67224.90356886137
544, 67069.82523458869
1110, 67028.65131973189
1108, 67028.65131973189
607, 66828.43684916699
461, 66688.32985718767
1101, 66106.63207445851
1236, 66075.53877608478
151, 66017.61171240968
135, 66000.0393324095
401, 65925.01078744943
1395, 65898.08844625362
861, 65859.75276107951
124, 65743.89644305679
149, 65742.97946286031
612, 65586.90636254362
102, 65489.57596864911
136, 65487.761753852414
1379, 65433.63701695343
1419, 65398.28560830467
65, 64970.04916821749
62, 64970.04916821749
264, 64890.360340217165
112, 64868.8310604114
1056, 64864.60159313998
137, 64860.37503875719
4, 64750.225054470146
1299, 64698.1526772604
1084, 64601.129613033736
1082, 64601.129613033736
922, 64594.48135735653
1106, 64255.823100127884
1105, 64255.823100127884
1102, 64255.82176974135
750, 64222.30304180564
751, 64117.495249203996
409, 64039.84520340472
391, 64011.27234011597
155, 63932.508413683696
15, 63869.47513592046
1400, 63806.79751075663
1088, 63779.07264981302
1232, 63752.19428473252
363, 63746.0186628618
1020, 63699.976947132905
437, 63686.25006275934
1018, 63639.339469537095
154, 63639.339469537095
1318, 63617.586234376686
364, 63608.91622871614
845, 63559.685462977075
799, 63547.26538742456
798, 63547.26538742456
633, 63356.854655653086
571, 63350.821639071175
239, 63214.39160647021
21, 63214.39160647021
692, 63171.84175411251
609, 63160.564508071635
709, 63130.71039746077
554, 63063.39737782536
555, 62898.60772065387
855, 62774.53412517896
454, 62763.77391813355
1059, 62699.206902114405
856, 62629.79040556934
854, 62629.79040556934
350, 62582.113855270094
425, 62556.97110127338
348, 62551.1566125053
442, 62280.345999087294
416, 62246.86596476463
3, 62139.00208385896
2, 62139.00208385896
233, 62136.14268258112
1113, 62135.951241408
396, 62021.958787468735
44, 62021.958787468735
291, 61880.93418351868
754, 61794.58457008572
1148, 61678.35921587319
1308, 61632.70541713047
712, 61504.25089442275
1144, 61479.534331981624
1323, 61241.35040815396
1246, 61077.65507639852
811, 61066.6881221778
168, 60882.19718825224
411, 60722.385456062846
426, 60670.04595109827
414, 60670.04595109827
1100, 60630.042449723485
26, 60625.72862098886
352, 60605.5403615247
479, 60591.66292700506
434, 60523.58028211509
390, 60486.59099071363
422, 60471.83149864065
413, 60471.83149864065
219, 60446.37549432117
955, 60406.65900468465
72, 60346.78575439208
553, 60247.75284304619
412, 60160.85405604749
419, 60136.80058813586
984, 60006.63923555167
417, 60001.12204653556
167, 60000.704986034216
267, 59988.10976430262
480, 59986.019941338076
1117, 59747.221346615464
636, 59637.57001229613
1027, 59525.32003964257
428, 59519.61926079504
410, 59484.36519292953
987, 59262.47787171663
985, 59262.47787171663
986, 59121.147060478426
993, 59100.73447750851
187, 58923.31330813629
382, 58878.901703031916
1103, 58740.55336909515
470, 58645.657343987754
179, 58450.48921185867
1312, 58407.54601903984
812, 58386.13280560891
42, 58297.816117533475
41, 58190.86489491122
647, 58128.843631143725
903, 58125.68171595452
189, 58120.21635038452
1410, 58038.57499939894
122, 57967.65624420889
1300, 57966.172710175204
813, 57966.06887118768
435, 57963.55293630731
574, 57933.50843931269
1015, 57814.69563396684
961, 57768.743645096496
176, 57645.66012473291
46, 57600.02494119298
513, 57476.56284552344
11, 57456.79190637991
473, 57442.796365841496
1192, 57427.749681346206
968, 57422.630683131894
20, 57415.52124536484
1016, 57044.000128707296
246, 57032.22512735554
242, 57019.17609939716
1409, 56999.307734552895
1065, 56999.307734552895
85, 56999.307734552895
1408, 56984.00991028908
1407, 56977.88051836867
601, 56975.96386702161
662, 56969.092965098534
86, 56922.449908630035
663, 56835.853204657935
441, 56494.961742327476
1017, 56444.756168790074
358, 56412.619462810966
783, 56140.20561214194
802, 56083.56414187028
801, 56083.56414187028
346, 56068.12162000014
970, 55762.04137155547
795, 55704.36036244348
251, 55499.505926458914
55, 55240.350113467204
697, 55112.0503096508
695, 54965.7771286901
304, 54831.492518348154
1191, 54775.8687855314
791, 54674.03576582348
39, 54662.74111615651
1189, 54520.932641270905
565, 54308.01751496691
656, 54230.323303390884
762, 54107.8108232819
694, 54097.664355015804
691, 54080.774288477936
772, 54024.156675301994
40, 54010.03087012166
1066, 53981.67406770642
606, 53736.35111137596
1381, 53691.59451558604
776, 53639.044284723845
1287, 53503.51207630415
420, 53317.12229500816
969, 53291.1964264776
415, 53200.70318555537
1155, 53139.442475439515
972, 52949.55799107084
967, 52949.55799107084
361, 52942.142945239204
1346, 52799.679507251705
853, 52789.57428742398
706, 52652.38543626133
1280, 52632.8646191116
693, 52608.19864155625
583, 52141.772194091085
222, 51593.4203972902
367, 51255.68767892072
116, 50767.72741412944
347, 50728.795995977795
858, 50650.23824383973
164, 50437.05906936051
1290, 50391.76994242287
827, 50346.67531581072
1389, 50297.04942896265
1040, 50179.93034893171
653, 50029.558492134594
971, 49775.22702693991
846, 49699.123905196226
517, 49698.07438804315
1342, 49605.23915936394
540, 49405.33922395275
1204, 49302.564858521844
495, 49077.24501480263
1201, 49028.23653267303
433, 49010.181020383585
204, 49005.063440173086
488, 48905.66282164047
509, 48878.891993356796
930, 48795.94677765786
277, 48675.98253418693
1274, 48660.00655676315
252, 48592.27053614419
1200, 48331.648024021946
1169, 48192.85108226517
885, 47577.59678875473
1224, 47534.83272919497
867, 47442.80347837886
781, 47414.40484907668
153, 47393.2246317365
231, 47112.11500033268
30, 46925.29919557748
220, 46781.166169267344
354, 46762.69406793699
299, 46703.30674393274
107, 46586.39682004135
584, 46517.64538463452
380, 46473.46971604338
978, 46416.57109769315
279, 46269.920300759164
450, 46090.01723380047
449, 46090.01723380047
278, 46060.10427563354
478, 45926.639439312334
771, 45863.71243543423
221, 45706.12643411312
106, 45608.0580022457
1111, 45599.27327711239
622, 45593.27224691928
621, 45593.27224691928
581, 45475.10228778479
1013, 44921.02550331447
1012, 44901.14571193843
618, 44888.643610578525
1137, 44748.990554012904
56, 44551.85243529699
1310, 44544.085220459005
557, 44156.12083998716
780, 44042.9178916513
534, 43915.83189852109
836, 43905.117634653056
29, 43685.0301445598
1217, 43543.78830050114
1216, 43543.78830050114
131, 43303.344447288815
536, 43259.34111477382
535, 43259.34111477382
395, 43064.73890208899
847, 42953.57047160309
1112, 42625.70980537065
1306, 42536.56572011729
596, 42510.35368046795
605, 42442.509190653494
977, 42341.99093447785
1052, 42235.46805422631
598, 42038.37538519751
178, 41968.8709516439
381, 41509.09092773783
173, 41355.164087328696
597, 41298.64103463651
