968, 99739.03595642971
1016, 99113.66674674857
1409, 98978.82328397912
1065, 98978.82328397912
85, 98978.82328397912
1408, 98932.70328998228
1407, 98914.22946848896
601, 98908.45333354833
86, 98747.29586592551
1015, 98577.90437145457
574, 98234.39520250756
1300, 98140.62153720485
122, 98136.3693151383
1410, 97933.77786337973
903, 97686.75620109505
647, 97677.82680370515
441, 97467.86315185737
1017, 97318.5233509523
42, 97204.39881199747
783, 96416.72449211768
802, 96249.77810537057
801, 96249.77810537057
346, 96204.30434662456
187, 95513.80994263677
970, 95306.67210592424
993, 95051.26973473013
410, 94075.48937776378
1027, 93973.2351204373
267, 92842.48221468649
167, 92812.3287861624
417, 92811.3308793074
304, 92620.09701888303
419, 92488.55544619904
1191, 92461.49564902818
553, 92227.3377290691
72, 91996.23011526125
1189, 91737.4161022172
390, 91673.2151228588
434, 91588.38010937221
26, 91355.4505697338
565, 91136.21910648265
168, 90779.20487255893
762, 90573.8151776945
772, 90339.65092820225
1066, 90220.9203774275
1323, 89992.27452949659
776, 89267.90409070483
1287, 88893.15305482817
420, 88379.8255232618
969, 88308.61120231914
1113, 88127.7861647949
233, 88127.4010662042
415, 88060.39679163678
1155, 87892.67828104508
442, 87838.94609906334
972, 87374.41893100632
967, 87374.41893100632
361, 87354.22977222496
856, 87153.11660688637
854, 87153.11660688637
1059, 87019.05113200404
1346, 86967.05298623511
853, 86939.64110029629
454, 86894.98630291865
855, 86874.36982530828
555, 86637.85726631456
554, 86327.13912823221
709, 86201.32126518882
571, 85794.29575293465
1018, 85270.75167958967
154, 85270.75167958967
583, 85196.43921746456
437, 85186.6758141075
1232, 85068.97517910221
1088, 85021.16418660081
1400, 84971.9458604677
155, 84750.02422297529
391, 84612.01090355063
409, 84562.13910768811
1102, 84188.48262682986
1106, 84188.48034302908
1105, 84188.48034302908
222, 83742.1699823706
922, 83614.11788543651
1056, 83165.80794048599
264, 83123.50160249176
367, 82856.02444995129
149, 81765.13348243167
124, 81763.71513083836
116, 81588.3523706787
861, 81585.2241344785
1395, 81526.47242885927
347, 81487.84938463334
401, 81485.30367351965
151, 81344.27364942247
858, 81285.33398595417
1101, 81209.52684294572
1290, 80621.69740727298
827, 80506.33179848941
607, 80146.11166845915
1040, 80080.82114363692
1110, 79860.0329042446
1108, 79860.0329042446
1081, 79381.55239522846
1109, 79343.81575775336
1397, 79265.85998322022
1288, 79166.83416236367
971, 79055.04738059745
846, 78863.24907856123
517, 78860.60645061008
1342, 78627.1111555254
540, 78126.06298660026
1399, 78055.38855409854
1204, 77869.37588943604
1086, 77865.84894272407
1234, 77850.07419633279
451, 77847.18661119572
564, 77610.95935470884
1085, 77483.00084144557
562, 77445.89861771019
860, 77419.30784412338
495, 77308.7859492716
992, 77203.80660842275
673, 77192.63026002252
1201, 77187.24595746426
433, 77142.50384219764
204, 77129.82576251363
302, 77106.06323279007
866, 77039.73092927237
488, 76883.87589040508
700, 76833.49795794232
509, 76817.73377720594
930, 76613.06548298254
1061, 76363.8606317918
277, 76317.75303125384
1274, 76278.48779649384
1039, 76122.3926960714
252, 76112.17084846407
1200, 75474.68791145184
1344, 75425.96508901185
1169, 75136.76356438755
501, 74794.20179548919
815, 74387.37512079347
1317, 74344.2372930394
1228, 74174.75929915147
865, 74174.75929915147
1404, 74148.2274190556
139, 74097.44244997883
1188, 74014.55974284753
674, 74009.22546563132
1190, 73972.76295733174
885, 73651.83491220979
1224, 73549.4049084829
794, 73534.72363999735
867, 73329.31488193526
273, 73315.02738951652
781, 73261.49295528218
153, 73210.93894748486
852, 73007.52291986672
796, 72896.13825006515
231, 72542.29619697835
30, 72100.31638578989
831, 72073.44360353898
220, 71760.6061130389
354, 71717.14960221191
256, 71675.1371815416
299, 71577.5621037424
1074, 71378.43444144884
107, 71303.32179435431
584, 71142.3895249949
380, 71039.11663988915
978, 70906.25314966153
362, 70663.559315722
279, 70564.6010857788
450, 70147.03123773079
449, 70147.03123773079
278, 70077.76571459738
227, 69912.77033013423
478, 69769.2894028643
771, 69624.16932365007
221, 69261.65356046353
1245, 69184.95127957204
106, 69036.70348911278
1111, 69016.5772726696
622, 69002.8309208826
621, 69002.8309208826
581, 68732.5211026117
1396, 68686.78796445995
1077, 68525.71264974504
274, 68334.28001827213
271, 68334.28001827213
1013, 67474.61195117024
1012, 67429.76872978927
618, 67401.57770634198
1137, 67087.20813621976
1314, 66933.04589419713
1080, 66808.45851885957
56, 66645.0989544925
1310, 66627.71963874358
654, 66463.58775993716
828, 66410.69901146658
481, 66270.857357674
1162, 66261.57094386095
829, 66261.57094386095
557, 65763.4476861352
740, 65737.8301764627
739, 65690.50968959728
1060, 65622.62055172035
123, 65598.03576119045
765, 65517.16024565597
515, 65517.16024565597
514, 65517.16024565597
780, 65512.66325634795
502, 65496.41175532606
690, 65387.179302915996
141, 65372.339996033035
534, 65231.87070843479
836, 65208.233926411616
932, 64885.70003984132
29, 64723.93343076389
133, 64547.45721755988
1217, 64414.36819498452
1216, 64414.36819498452
131, 63889.586283638455
536, 63793.84635656999
535, 63793.84635656999
74, 63657.26352431734
1172, 63525.03362994524
395, 63371.548224235885
6, 63358.302395413644
269, 63272.2652648782
516, 63136.767267718176
847, 63131.112968988
1029, 62610.21628904857
661, 62568.78583594262
1112, 62425.40786656786
1035, 62244.196832959264
1306, 62234.40038268187
353, 62181.098890637586
596, 62178.30681335704
605, 62033.268624396784
977, 61818.77337974802
1052, 61591.97558239637
145, 61510.987179754426
1004, 61485.88555606083
1147, 61452.6909816169
464, 61452.6909816169
1373, 61435.43715038403
1003, 61403.15450614332
369, 61244.10392121834
598, 61173.725246858456
178, 61026.65534756091
919, 60917.395399137175
503, 60832.640305935434
5, 60808.45842411062
1199, 60731.737090064285
1334, 60702.582050214594
19, 60329.95520462432
142, 60075.757822845844
381, 60059.31449370806
93, 60025.62645855392
1302, 59858.37753431174
920, 59819.176170243205
173, 59737.60081131392
597, 59619.73227306929
215, 59602.048928976714
790, 59548.0897066673
1363, 59523.87760519986
800, 59119.08674487091
830, 59031.57721364017
226, 58897.56640957489
1378, 58787.3480472556
186, 58702.77839292031
36, 58702.77839292031
1330, 58635.807682881146
745, 58579.46475549123
474, 58487.31899215749
45, 58376.70994536265
43, 58358.536534426356
701, 58078.422604949745
921, 57819.44191543849
570, 57601.695888755254
814, 57336.6637341672
538, 57165.15504713674
275, 56866.555244199226
432, 56752.180715489565
399, 56693.221736462896
537, 56593.58921457465
546, 56385.049740705195
140, 56221.69115319128
840, 55873.82863121636
1075, 55841.54023115344
1076, 55709.96743504746
238, 55691.508189729386
1414, 55657.26691210344
134, 55614.649833201955
558, 55519.50000156377
1343, 55490.16719869969
525, 55455.07129508656
1057, 55429.82987803503
560, 55364.27875853319
18, 55363.2775786788
14, 55148.448123754664
576, 55148.43362146523
877, 55131.46949357345
531, 55057.027899309585
334, 54926.55295556979
1031, 54804.64542389343
826, 54644.5802020268
1313, 54565.48246565214
1136, 54548.86240450962
418, 54524.48968963283
471, 54508.13651220871
857, 54486.88987548318
423, 54427.463496434204
424, 54417.29524780883
1028, 54292.84232856722
659, 54132.555543070746
1010, 54061.69084084399
1382, 54019.389097586434
834, 54008.11301241846
1398, 53995.84330714736
1044, 53977.51641919139
949, 53809.2799203851
1175, 53658.135678818755
270, 53634.55920822355
268, 53634.55920822355
16, 53297.60230999573
309, 53129.09561336244
1121, 52838.392315613004
623, 52793.28963472826
868, 52690.666049674364
64, 52427.3549424198
1051, 52354.73234066419
645, 52346.38948855511
644, 52346.38948855511
63, 52346.38948855511
250, 52287.503729763754
61, 52185.97902519595
504, 52153.082150280075
1083, 52120.19529361408
500, 52088.09266369139
1176, 52041.15880752973
752, 52022.83715920114
719, 51896.22962318573
228, 51895.31478353707
1403, 51879.13206034464
398, 51801.69782380155
545, 51789.01111153543
1002, 51781.91396947056
600, 51749.67219062976
835, 51717.77444680257
397, 51709.785098707296
172, 51647.61472436653
556, 51635.92452310116
90, 51626.56290095626
759, 51593.18845375599
1401, 51587.39358852611
366, 51538.31045180487
444, 51531.219389031314
563, 51527.64285948937
1058, 51361.839062752355
699, 51308.483517169545
611, 51241.23297636463
1376, 51234.45466554173
290, 51178.69717626882
960, 51162.18013707263
194, 50881.68066073562
619, 50880.917084797904
905, 50879.073888111256
899, 50879.073888111256
749, 50783.07525038813
192, 50778.01341629522
191, 50778.01341629522
850, 50752.979276536316
1264, 50689.80040753412
1263, 50689.80040753412
460, 50655.38138281066
209, 50606.266050214435
249, 50467.20981144338
1043, 50329.306113241924
330, 50318.13531020651
1282, 50197.678520875124
180, 50191.1106213112
604, 50160.45540321048
1277, 50006.81843240866
1247, 49942.04665030076
819, 49902.277720530365
1062, 49887.33682806886
1223, 49838.1789011367
620, 49767.25882516562
1170, 49729.953719346384
305, 49585.85882460764
1173, 49567.292720599646
704, 49506.48241767627
702, 49506.48241767627
1221, 49453.94601786362
594, 49377.88568100899
1412, 49282.92304867561
782, 49269.764257386014
577, 49239.52445170471
216, 49190.245301773735
335, 49185.8360142202
161, 49174.988379905524
160, 49172.32692722443
159, 49168.44317409242
338, 49134.46622122183
210, 48979.89591539485
146, 48979.89591539485
223, 48946.915304563256
1152, 48883.460196723856
1240, 48797.20334357662
1001, 48729.72808052471
260, 48709.850473798055
88, 48462.09152977426
170, 48416.7232642782
53, 48416.7232642782
218, 48409.55304948802
158, 48300.87133092533
157, 48300.87133092533
1067, 48153.82812079098
169, 48138.307870980985
113, 48073.71969948052
285, 47833.02071618264
1036, 47778.459963515015
710, 47743.42405902454
518, 47555.14809836238
696, 47482.94959676677
890, 47438.733542503614
259, 47434.86537128092
705, 47410.16103121481
703, 47410.16103121481
459, 47367.968076126235
999, 47305.94255697248
908, 47234.820102976264
359, 47117.86997566115
743, 47070.19480730411
1037, 46905.844113811945
37, 46868.95862271572
47, 46767.65288278425
775, 46684.76459509941
80, 46670.439640445824
575, 46610.713179786544
94, 46565.23340167175
421, 46548.395896200615
427, 46504.99818912006
310, 46486.90092265436
1262, 46453.37640854173
1281, 46364.45071774976
1390, 46234.72365691065
909, 46209.66027307758
67, 46159.18755034581
205, 46125.01194157498
1009, 45849.58687453776
915, 45815.434175245704
742, 45800.914852719
224, 45766.01811752241
512, 45753.27683535943
711, 45719.489734609844
108, 45695.13907767995
643, 45607.66123655763
177, 45595.37514026027
1413, 45486.26362342879
1255, 45442.82289100895
1348, 45435.438081276545
613, 45380.37929771662
1371, 45352.60343200824
1026, 45330.55586463033
272, 45284.52619155884
1362, 45029.882625264436
1285, 44952.517555677216
1193, 44940.96603933926
156, 44913.597226753234
217, 44881.187815398334
1149, 44864.25287133094
1286, 44823.36172068816
698, 44810.21288744258
544, 44741.25579492188
552, 44673.72612273527
461, 44571.16749355242
1236, 44296.60178089862
1316, 44265.875663102925
637, 44265.875663102925
135, 44262.65749007369
809, 44225.40764618892
807, 44225.40764618892
379, 44162.83669000111
612, 44076.460476550164
102, 44032.48211603593
136, 44031.66196351451
1379, 44007.18693104607
1419, 43991.19397818196
1406, 43848.99968959886
483, 43848.99968959886
484, 43828.59908151682
65, 43797.0096087586
62, 43797.0096087586
485, 43761.820941257334
112, 43750.9901727549
137, 43747.14347427538
