419, 99945.81443689013
417, 99679.22674627861
167, 99678.07571363251
267, 99643.31952710512
553, 99640.8445404926
72, 99371.1437380223
390, 98994.36970012919
434, 98895.4508403205
26, 98623.92677245672
1027, 98372.91937121599
410, 98261.11520601703
168, 97952.67499600793
993, 97218.67999779231
1323, 97037.08982012654
187, 96739.52165381686
42, 95064.92521138708
1113, 94872.77245528346
233, 94872.32615285773
647, 94616.42888679368
903, 94608.05195216378
442, 94538.11078855573
1410, 94377.50285518599
122, 94190.11887950191
1300, 94186.20209411158
574, 94099.99452581439
1015, 93786.93486000544
856, 93744.15333793857
854, 93744.15333793857
1059, 93589.06149074808
454, 93445.57089689694
855, 93421.72933494742
555, 93148.27955565215
554, 92789.20564706001
968, 92759.53945857179
709, 92643.86230488746
571, 92173.88827949701
1016, 91775.51024489236
1409, 91659.88300116501
1065, 91659.88300116501
85, 91659.88300116501
1408, 91620.33011035473
1407, 91604.48604266658
601, 91599.53205244466
1018, 91569.86286147307
154, 91569.86286147307
437, 91472.91356543079
86, 91461.2956520372
1232, 91337.2147021352
1088, 91282.10057925204
1400, 91225.36892043681
155, 90969.63030378337
391, 90810.63573121559
409, 90753.19160161732
441, 90362.65134620143
1102, 90322.95838483036
1106, 90322.95575608111
1105, 90322.95575608111
1017, 90234.27674148564
922, 89662.16928069231
783, 89458.4677753519
802, 89314.73048250575
801, 89314.73048250575
346, 89275.57231607659
1056, 89146.85849210265
264, 89098.25001537488
970, 88502.06101753599
149, 87539.42148109205
124, 87537.79572865737
861, 87333.23637284341
1395, 87265.91785705497
401, 87218.75019854664
151, 87057.19540919118
1101, 86902.87501217007
304, 86180.74600513896
1191, 86043.41497552817
607, 85686.24459635247
1189, 85416.02746285267
1110, 85359.32889453253
1108, 85359.32889453253
565, 84894.59424182172
1081, 84812.90696603413
1109, 84769.83112194811
1397, 84680.85456777977
1288, 84567.8464866293
762, 84406.38050924837
772, 84202.98456732581
1066, 84099.82739930457
1399, 83300.78867491732
776, 83271.1464030837
1086, 83084.95382530642
1234, 83066.99378907167
451, 83063.70623697445
1287, 82944.96158239765
564, 82794.81387147377
1085, 82649.20711516816
562, 82606.99368987008
860, 82576.74142996345
420, 82497.86041647455
969, 82435.80642541047
992, 82331.61724994979
673, 82318.90707231378
302, 82220.46796324941
415, 82219.4679067202
866, 82145.04855391911
1155, 82073.24213838895
700, 81910.61793772454
972, 81621.1629496177
967, 81621.1629496177
361, 81603.54473942636
1061, 81377.078628548
1346, 81265.56846064139
853, 81241.63246271433
1039, 81102.92262409178
1344, 80312.85504276032
583, 79717.43802028574
501, 79596.96363882904
815, 79136.37322060086
1317, 79087.55341888401
1228, 78895.78732862596
865, 78895.78732862596
1404, 78865.77128302923
139, 78808.32104516498
1188, 78714.57115699828
674, 78708.53793173104
1190, 78667.29923545016
222, 78442.80371393648
794, 78172.08318236335
273, 77923.8503239774
367, 77664.74250250333
852, 77576.56075164194
796, 77450.81023622077
116, 76549.87548842549
831, 76522.75159227785
347, 76461.39558183971
858, 76283.06601226139
256, 76073.90309034058
1074, 75739.74993080087
1290, 75698.3022346437
827, 75596.58776988968
1040, 75221.27377474117
362, 74935.338562943
971, 74315.51275271799
846, 74145.99792890441
517, 74143.66198186076
227, 74091.57383612065
1342, 73937.22719003989
540, 73494.00013149531
1245, 73274.65693396071
1204, 73266.80420536181
495, 72770.31335824101
1396, 72716.09512428906
1201, 72662.61475501145
433, 72622.96301755591
204, 72611.72685210775
1077, 72535.59232933472
488, 72393.70673869156
509, 72335.06174051295
274, 72321.1353508835
271, 72321.1353508835
930, 72153.554970144
277, 71891.56238542148
1274, 71856.71855823701
252, 71709.10643918713
1200, 71142.97216813527
1169, 70842.64649791537
1314, 70753.50138236822
1080, 70614.30030597231
654, 70229.13150805737
828, 70170.08275322233
481, 70013.97924588191
1162, 70003.61425463363
829, 70003.61425463363
885, 69521.10449213724
1224, 69429.83466068207
740, 69419.30867371123
739, 69366.54177918185
1060, 69290.84628965339
123, 69263.43673305502
867, 69233.67617701025
765, 69173.27680688688
515, 69173.27680688688
514, 69173.27680688688
781, 69173.2156277496
502, 69150.1484172303
153, 69128.14467738499
690, 69028.40023136168
141, 69011.86240077263
231, 68531.69577383553
932, 68469.75261671003
30, 68137.10301946226
133, 68093.21958228147
220, 67833.63414020262
354, 67794.8023673401
299, 67670.05266580316
107, 67424.8860340115
584, 67280.96728601764
380, 67188.59363978168
74, 67103.28822669043
978, 67069.73091484734
1172, 66956.37107778587
6, 66771.16748502116
279, 66763.97044213211
269, 66675.61873139386
516, 66525.16942324581
450, 66390.05095154155
449, 66390.05095154155
278, 66328.00299260886
478, 66051.59062214423
1029, 65940.84588395598
771, 65921.50970038968
661, 65894.89191617852
221, 65596.43632260486
1035, 65534.975135127046
353, 65465.03274569253
106, 65394.62963022954
1111, 65376.570663577026
622, 65364.23593911287
621, 65364.23593911287
581, 65121.6318583424
145, 64722.69405988026
1004, 64694.903305255095
1147, 64658.15442251149
464, 64658.15442251149
1373, 64639.05395561732
1003, 64603.31768095194
369, 64427.28029009357
919, 64065.82790617642
1013, 63991.333639543234
503, 63972.09225284562
1012, 63950.99945926137
5, 63945.35055595924
618, 63925.64166099638
1199, 63860.51501408748
1334, 63828.27937198682
1137, 63642.79240385464
19, 63416.420114613895
56, 63244.78099785308
1310, 63229.12966225443
142, 63135.608603986424
93, 63080.24284058758
1302, 62895.56488031154
920, 62852.28591096264
557, 62450.26431612548
780, 62224.06909252305
830, 61983.3723083372
534, 61970.70484381878
836, 61949.37196715736
29, 61512.10659984682
745, 61485.10566621912
45, 61261.77638841015
43, 61241.76258143917
1217, 61232.436094007026
1216, 61232.436094007026
701, 60933.359784819164
131, 60758.028924270766
536, 60671.438036277046
535, 60671.438036277046
395, 60289.34343784621
847, 60071.68737386598
1112, 59432.37757832609
399, 59410.413774958826
1306, 59259.221583260834
596, 59208.36084555664
605, 59076.83259250464
546, 59072.08189676153
977, 58882.263292291056
1052, 58676.464535193394
840, 58511.21760349883
1075, 58475.81003630804
1076, 58331.54683980564
238, 58311.309736570074
598, 58296.7514806379
1414, 58273.77226345867
134, 58227.05573547479
178, 58163.17445927391
558, 58122.765326650704
1057, 58024.49637466446
381, 57283.828588571436
1313, 57078.02580527407
1136, 57059.84017263077
418, 57033.172526624556
471, 57015.28015140692
173, 56991.089725321384
423, 56927.02123637318
424, 56915.89769283022
597, 56883.80060946968
215, 56867.70277427285
790, 56818.57888879533
1363, 56796.535130220516
1028, 56779.76803217397
659, 56604.48452086171
1382, 56480.758559491805
834, 56468.43160134292
1398, 56455.0186892094
1044, 56434.984744738926
800, 56427.874044978256
226, 56226.02828637027
1378, 56125.573431170305
270, 56060.19702147027
268, 56060.19702147027
186, 56048.4836720928
36, 56048.4836720928
1330, 55987.42916511447
474, 55852.035519078534
309, 55508.21538802777
921, 55242.67455432562
570, 55043.87072913257
868, 55029.81771480552
814, 54801.80422323486
64, 54742.67248019326
645, 54654.40388142913
644, 54654.40388142913
63, 54654.40388142913
538, 54645.10442594193
250, 54590.214144681115
61, 54479.559823487936
504, 54443.7087536019
500, 54372.88893953028
275, 54372.18824714886
432, 54267.61817328264
228, 54162.86219075579
1403, 54145.23461461333
537, 54122.59097507662
398, 54060.893413142716
545, 54047.076122264756
1002, 54039.34664587101
600, 54004.23338300253
835, 53969.49667098067
397, 53960.79654577333
172, 53893.09914552912
556, 53880.37046185805
759, 53833.840126402545
1401, 53827.531029375896
140, 53782.36205834703
366, 53774.094762036126
444, 53766.375165551886
1058, 53582.0087851523
699, 53523.943452944346
1343, 53112.561153687355
525, 53080.407478552275
194, 53059.653587361274
619, 53058.82324369019
905, 53056.81888070355
899, 53056.81888070355
560, 52997.218353120246
18, 52996.30095193739
749, 52952.43486075597
192, 52946.93134856015
191, 52946.93134856015
1264, 52851.0287030175
1263, 52851.0287030175
460, 52813.61318909907
14, 52799.415597899024
576, 52799.402304739604
877, 52783.85235901554
209, 52760.22567117182
531, 52715.611628585335
249, 52609.097861339615
334, 52595.986102218405
1031, 52484.19378627931
1043, 52459.25754889519
330, 52447.12134934323
826, 52337.3779152854
180, 52309.13504268295
604, 52275.83884180448
857, 52192.70484280781
620, 51848.920057794865
1170, 51808.43016296259
1010, 51802.42999493377
305, 51652.057526496006
1173, 51631.912234057476
949, 51570.62974343269
704, 51565.93395308956
702, 51565.93395308956
1175, 51431.78390453147
594, 51426.43059615602
782, 51309.16244221017
216, 51222.93002950707
161, 51206.38634597967
160, 51203.50047106327
159, 51199.28925055206
16, 51100.45557155798
210, 50994.87724929813
146, 50994.87724929813
1152, 50890.35226005648
1240, 50796.87430901204
1121, 50678.17625097164
623, 50636.68464182447
88, 50433.836673732134
170, 50384.70344065575
53, 50384.70344065575
218, 50376.93853512046
158, 50259.254304885515
157, 50259.254304885515
1051, 50233.08867644464
1067, 50100.06513322932
169, 50083.26518303011
1083, 50017.13620468323
1176, 49944.34485478166
752, 49927.46963538968
719, 49810.8442275568
285, 49752.896437137075
1036, 49693.86920461071
90, 49562.36262410095
563, 49471.18775683251
518, 49452.33882604108
696, 49374.26949175325
705, 49295.571684477094
703, 49295.571684477094
459, 49249.95775073968
611, 49207.12419644199
1376, 49200.873324720706
290, 49149.451988620516
960, 49134.21859499323
908, 49106.03539019594
850, 48756.69485547946
775, 48511.80969516495
575, 48431.85370427049
421, 48364.575170850476
427, 48317.72660480118
1262, 48262.00444896581
1282, 48243.99801723948
1277, 48067.67918198231
1247, 48007.83037206571
819, 47971.08109634045
1062, 47957.27407976186
1223, 47911.84452765759
915, 47573.78752815554
1221, 47556.6343371019
512, 47506.77104221189
108, 47444.094684941185
1412, 47398.46132394333
577, 47358.31683964672
643, 47349.79927409563
177, 47336.55676968504
335, 47308.65032616661
338, 47261.12488814545
1413, 47218.96345032078
1255, 47172.15182610655
1348, 47164.19431238113
613, 47104.86873295157
223, 47087.57752317576
272, 47001.60051417598
1001, 46886.543517989456
260, 46868.14091511237
1362, 46727.33843981835
1285, 46644.03608975946
1193, 46631.598993259635
156, 46602.132950541825
217, 46567.24180161628
1149, 46549.010824066296
1286, 46504.99239891728
698, 46490.838609066246
544, 46416.6162724054
113, 46278.9137424785
461, 46233.577438158
710, 45972.74199264449
1236, 45938.216194332046
135, 45901.710396866496
612, 45701.49944418433
890, 45690.165890172364
259, 45686.57761043949
102, 45654.22144132144
136, 45653.33852129012
1379, 45627.02800843484
1419, 45609.83626211629
999, 45566.97099764469
65, 45401.13298667522
62, 45401.13298667522
359, 45392.445903505715
112, 45351.68144796536
743, 45348.196828357155
137, 45347.549365729785
4, 45293.67835601264
1299, 45268.19216202877
1084, 45220.67251986068
1082, 45220.67251986068
1037, 45195.631771950364
37, 45161.385994222655
47, 45067.32010399396
750, 45034.72133831856
751, 44983.159477066605
80, 44977.04030799791
94, 44879.32221539829
15, 44860.9414285741
310, 44806.55473574626
363, 44799.998632812545
1020, 44777.25437399243
1318, 44736.527457693504
364, 44732.23992826838
845, 44707.88753487554
799, 44701.74088617922
798, 44701.74088617922
1281, 44692.78603921707
633, 44607.43752195364
1390, 44572.23276464923
909, 44548.938960597836
239, 44536.770195826
21, 44536.770195826
692, 44515.64552499078
