534, 99679.76618961374
780, 99665.333249764
836, 99624.5839135005
557, 99090.46709543663
29, 98498.5693283277
1217, 97783.4151944174
1216, 97783.4151944174
1310, 97190.84106254377
56, 97153.88420672658
131, 96579.17060812037
536, 96360.56211802439
535, 96360.56211802439
1137, 96229.42098235303
618, 95589.90614100036
1012, 95533.261901287
1013, 95443.39387200463
395, 95400.28834564239
847, 94856.44114211592
1112, 93272.1419526855
581, 93034.93875662607
1306, 92846.37164399648
596, 92721.57887265162
622, 92544.22522061081
621, 92544.22522061081
1111, 92519.51083722008
106, 92483.36771722889
605, 92399.4209034554
221, 92082.72703907546
977, 91924.33475924036
771, 91449.6823248739
1052, 91423.7428715669
478, 91200.51981601822
278, 90678.74861468114
450, 90563.03510578343
449, 90563.03510578343
598, 90505.24117532576
178, 90183.69669282927
279, 89876.39438492332
978, 89328.18461586733
380, 89118.20433955074
584, 88956.20882028982
107, 88705.8669255714
299, 88285.05873920357
381, 88087.07623572146
354, 88073.62238052297
220, 88008.17163581245
30, 87502.54598326763
173, 87396.75869982723
597, 87144.703059452
215, 87106.92785026193
790, 86991.72392081731
1363, 86940.0619084787
231, 86860.27859514585
800, 86079.20698239861
153, 85920.67265959478
781, 85851.14659976223
867, 85758.19893516469
226, 85610.37933820565
1224, 85459.12561728472
1378, 85377.70759417034
885, 85321.25233313881
186, 85199.44784157952
36, 85199.44784157952
1330, 85058.44834208823
474, 84746.33872378658
1169, 83411.60474050409
921, 83351.27476536557
1200, 82999.06541722425
570, 82899.51731703944
814, 82351.67532368434
252, 82241.57394923686
1274, 82048.26980544285
277, 82002.88827635466
538, 81998.3296632297
930, 81664.65477318584
509, 81433.38288489325
275, 81385.34105542306
488, 81359.18519678085
432, 81151.27879331111
204, 81085.57067087456
433, 81071.563529167
1201, 81022.20640462842
495, 80888.72006227441
537, 80827.39882535792
1204, 80283.98294358082
140, 80070.93826266407
540, 80012.94470313021
1342, 79494.13681299548
517, 79256.88050135014
846, 79254.2114276249
971, 79061.4466883179
1343, 78595.29933493937
525, 78524.91060156764
560, 78342.98793350991
18, 78340.98323156543
1040, 78061.45846893046
14, 77911.51661192415
576, 77911.48766694464
877, 77877.6334299364
531, 77729.17661239802
827, 77661.33557701945
1290, 77554.2810549335
334, 77469.37244376757
1031, 77227.08522621564
858, 76949.94255839115
826, 76909.62970939827
347, 76769.32954091324
116, 76680.34189161251
857, 76597.62441705844
1010, 75759.96840127275
367, 75593.35987254325
949, 75265.20748668192
1175, 74969.82847943928
222, 74870.53788916902
16, 74267.9047822581
583, 73745.09552674775
1121, 73379.25925394933
623, 73292.30201867867
853, 72487.03402685338
1346, 72467.98938273998
1051, 72449.76879218247
361, 72201.32684445381
972, 72187.54023710988
967, 72187.54023710988
1083, 72001.40816404081
1176, 71850.6619566656
1155, 71837.57568392322
752, 71815.74197746758
415, 71725.92138114173
719, 71574.69102575483
969, 71562.08798328592
420, 71515.39048007427
1287, 71182.77112890777
90, 71062.75012284848
776, 70944.2804159509
563, 70875.46265461814
1066, 70353.66895507759
611, 70334.71605377697
1376, 70321.94577412105
772, 70281.64027427608
290, 70216.94688935678
960, 70185.85941107663
762, 70140.56507569639
565, 69806.96763494541
1189, 69458.30752682926
850, 69418.05951966946
1191, 69048.89625086174
304, 68960.71032980735
1282, 68383.37936612491
1277, 68029.66625128454
1247, 67909.84843853644
819, 67836.33743493796
1062, 67808.73077548323
1223, 67717.94235852503
970, 67543.11185182487
346, 67099.42100194786
802, 67077.31750072783
801, 67077.31750072783
1221, 67010.52100871816
783, 66996.4726175949
1412, 66696.89961966439
577, 66617.43771844098
1017, 66567.84688042113
335, 66519.20371954342
441, 66498.15331106826
338, 66425.28287911158
223, 66082.96423785295
86, 65915.4764458173
601, 65843.86301001858
1407, 65841.30348799683
1408, 65833.12070644721
1409, 65812.71454461824
1065, 65812.71454461824
85, 65812.71454461824
1016, 65753.23317174983
1001, 65687.69908817613
260, 65651.58450792731
968, 65257.248254910286
1015, 64758.17984411917
574, 64609.761375154194
1300, 64569.18325332349
122, 64567.342585792445
113, 64501.221170610144
1410, 64479.583163524214
903, 64372.409314394965
647, 64368.531706949514
42, 64162.597937996645
710, 63908.01614006507
187, 63421.62014893002
890, 63363.25626425382
259, 63356.35541397183
993, 63217.35276001533
999, 63126.57193676111
359, 62792.11404606865
410, 62784.23640385372
1027, 62738.676090636625
743, 62707.47222675841
1037, 62416.12246391373
37, 62350.82710490286
267, 62232.65285917241
167, 62219.1032630955
417, 62218.65479897749
47, 62171.66839967438
419, 62073.43098316505
80, 61999.98745855891
553, 61955.65908001548
72, 61851.279817983006
94, 61814.455185331666
390, 61705.1025116198
310, 61676.493271210464
434, 61666.65539590382
26, 61560.97228439004
1281, 61461.13376685004
168, 61298.76542104141
1390, 61233.379778080845
909, 61189.425285743
67, 61100.956476007595
205, 61041.0888699184
1323, 60938.94043691964
1009, 60559.65437391
742, 60474.77006425951
224, 60413.94550899723
711, 60332.893308821935
1113, 60078.236746446724
233, 60078.0577760634
442, 59943.86147573203
1371, 59695.6217543847
1026, 59657.429576137045
856, 59623.67016649417
854, 59623.67016649417
1059, 59560.89330581912
454, 59502.74489871269
855, 59493.07701290197
555, 59382.063319396315
554, 59235.92906015068
709, 59176.66154785338
571, 58984.556809666276
1018, 58736.61942808965
154, 58736.61942808965
437, 58696.71488645802
1232, 58640.81001030028
1088, 58618.08724857008
1400, 58594.68734257265
552, 58524.9888880317
155, 58489.074375637836
391, 58423.30707168
409, 58399.52539423022
1102, 58221.06848548367
1106, 58221.06739325593
1105, 58221.06739325593
922, 57945.799294319026
1316, 57826.99489890015
637, 57826.99489890015
809, 57757.95288763217
807, 57757.95288763217
1056, 57730.13488526619
264, 57709.746232439655
379, 57651.2773814723
1406, 57117.61511975632
483, 57117.61511975632
484, 57083.00502994051
149, 57051.71970032104
124, 57051.029162679144
485, 56969.78253120157
861, 56964.07133314707
1395, 56935.42336053319
401, 56915.34160394649
151, 56846.50199432162
1101, 56780.662162302
981, 56564.7198096358
12, 56327.823675437685
607, 56258.74222498688
73, 56163.98429303947
1110, 56117.63052531489
1108, 56117.63052531489
929, 56045.30680916597
1081, 55880.94144702071
1109, 55862.23839087834
1397, 55823.58522311812
1288, 55774.45236399439
248, 55606.96916147616
824, 55605.675012707026
589, 55577.14058126748
526, 55361.76144745334
1399, 55220.49333784365
89, 55148.370770074085
1417, 55128.18900960288
1086, 55125.56335638979
1234, 55117.65656797323
451, 55116.20912011229
295, 55030.97524113
564, 54997.69016287558
289, 54993.44968287485
1085, 54933.40353301111
562, 54914.751738734216
860, 54901.3809952194
992, 54792.92102306001
673, 54787.291265918335
302, 54743.669637943225
866, 54710.22517701003
700, 54606.13669132977
1235, 54597.26600244038
235, 54566.73411070506
325, 54523.933696939544
720, 54500.22326101044
940, 54442.484871910434
832, 54442.484871910434
1061, 54368.50030999504
288, 54289.79356854475
1039, 54245.98957308227
384, 54163.56184460945
1347, 54139.75722312214
13, 53980.015654084425
22, 53980.00830308184
1344, 53891.39690671304
281, 53885.66783589621
185, 53863.52359307144
876, 53589.30462725493
501, 53568.10760961738
1119, 53485.71743763558
815, 53359.10241759342
1317, 53336.902670078634
1228, 53249.614754873095
865, 53249.614754873095
1404, 53235.93959221557
139, 53209.75611067854
1188, 53167.002087315464
674, 53164.249542347294
1190, 53145.431498903396
465, 52977.56487462052
794, 52918.95352378334
356, 52906.49364001027
273, 52805.079641147764
1283, 52794.14358956607
307, 52753.97764248828
1174, 52721.12688585635
150, 52721.12688585635
152, 52690.909985457205
852, 52645.37162471277
796, 52587.429365594704
777, 52347.850440631584
165, 52248.59810335997
1222, 52176.30071762148
831, 52157.93133502765
1271, 52071.898478969415
1248, 52066.82344231381
256, 51949.01558440592
1074, 51792.9762115562
125, 51445.36550703942
362, 51415.54917645589
343, 51362.710791725156
258, 51292.580083481385
808, 51291.771793477434
227, 51016.91498679437
475, 50634.1201173252
1245, 50628.261582295774
438, 50544.08302996348
891, 50511.448292610796
1396, 50360.97690842548
1273, 50343.77905752827
530, 50336.93571339747
1077, 50274.332074126
274, 50171.21639047021
271, 50171.21639047021
1314, 49411.73656610135
1080, 49343.80607422945
1032, 49313.60539530754
654, 49155.42155530953
828, 49126.48621564549
481, 49049.921278970876
1162, 49044.83388585635
829, 49044.83388585635
817, 48821.8550227944
740, 48757.31107754893
739, 48731.27480992591
477, 48697.03341138996
1060, 48693.90452017196
1063, 48682.69756630598
123, 48680.3666436668
765, 48635.81320960508
515, 48635.81320960508
514, 48635.81320960508
266, 48629.405363995385
502, 48624.378525395216
463, 48623.77795349751
690, 48564.148725871484
141, 48555.96246971482
184, 48543.667806303325
183, 48543.667806303325
748, 48455.38221068766
932, 48286.971762754954
98, 48233.25740717755
1278, 48197.13092111313
456, 48192.759598102086
1418, 48170.895784702014
133, 48099.39887030765
236, 48098.10779043691
934, 48047.63628605573
1307, 47915.19583050127
1094, 47867.22719268289
455, 47824.964847392024
1326, 47668.64111865924
74, 47603.33857171811
1172, 47529.35486036914
768, 47451.04973670662
331, 47436.871160578514
6, 47435.95674484499
269, 47387.712844198584
195, 47374.31585483265
793, 47364.00804024431
833, 47349.747721704225
516, 47311.667757974385
1315, 47236.170390679225
365, 47236.170390679225
257, 47164.36795727165
1384, 47078.60034200792
1029, 47015.374997162486
661, 46992.009196353465
816, 46836.447542995964
1035, 46808.681689996614
527, 46807.53235801689
353, 46772.988984348005
825, 46584.9629018317
240, 46568.10328220307
368, 46536.03831786685
145, 46392.81537096653
786, 46391.95015107549
1004, 46378.5349358801
276, 46376.63141260692
640, 46366.09267897369
1147, 46359.64598209012
464, 46359.64598209012
17, 46353.931945830394
10, 46353.931945830394
1373, 46349.825927411635
1003, 46331.44855355874
792, 46329.718712904534
429, 46272.609802221305
369, 46240.83735576129
255, 46235.997580578645
919, 46054.349226729006
430, 46053.82979131468
306, 46006.37798853884
503, 46005.89051051555
5, 45992.05848683319
1199, 45948.15617548221
1334, 45931.465682518
820, 45830.15177401416
642, 45775.55841493142
19, 45717.80253385812
142, 45571.67932776942
93, 45542.826487083374
1302, 45446.483090847454
920, 45423.88247139977
1370, 45255.9316050701
1369, 45255.9316050701
713, 44991.193641691054
830, 44968.29581222434
1356, 44898.45269631453
345, 44709.08895282125
745, 44705.46051354563
717, 44636.22712759367
45, 44587.276788843104
43, 44576.67422121636
1135, 44444.618460243546
701, 44413.055191137515
770, 44169.34358575038
313, 44166.18565451284
1383, 44114.73779061886
466, 44086.229849303265
862, 44044.35298391479
468, 44005.9315947951
469, 43987.56892870636
467, 43973.79993724102
872, 43788.61709054411
99, 43626.64554185504
399, 43598.44754952845
1270, 43589.776505708745
1256, 43546.05466503409
546, 43415.96616775867
476, 43247.996472328596
519, 43196.613831160466
1272, 43146.67791385196
840, 43112.23706443046
1075, 43093.011101282194
1120, 43016.90704126854
1076, 43014.61423834476
238, 43003.60865692385
1414, 42983.18927262905
190, 42975.26082557674
134, 42957.76708437359
558, 42900.975741291775
1057, 42847.414520508624
104, 42606.11130549339
237, 42604.23843179228
83, 42592.820480736395
105, 42591.343472413
103, 42591.343472413
528, 42349.60056232768
408, 42333.530107432416
