1032, 99887.9628721257
817, 98106.21190574502
477, 97603.48188409154
1063, 97545.90866290288
266, 97332.18352852314
463, 97309.64252321205
184, 96989.32106015955
183, 96989.32106015955
748, 96637.52985305159
530, 95937.36126010068
1273, 95912.5128371063
98, 95758.04265734191
1278, 95615.75649450601
456, 95598.55402858401
1418, 95512.55942466823
891, 95309.77223128389
236, 95226.82220596503
438, 95193.79678313628
934, 95029.1878055921
475, 94876.05588481767
1307, 94512.50777644446
1094, 94326.05587798417
455, 94162.0843655635
1326, 93558.00432400742
768, 92723.48996656689
331, 92669.36511532165
808, 92650.14542626929
258, 92647.50821568508
195, 92430.93632037449
343, 92419.57718012967
793, 92391.70566730062
833, 92337.45888102465
125, 92153.16891643307
1315, 91906.51222720189
365, 91906.51222720189
257, 91635.08180597628
1384, 91311.87922076232
816, 90405.30534191101
527, 90297.63488052254
1248, 90224.14571605831
1271, 90208.910560054
1222, 89897.28781986897
165, 89683.47502819778
825, 89472.97979608741
240, 89410.80771736076
777, 89392.55005590866
368, 89292.67813449356
786, 88763.68812968016
276, 88707.62498389772
640, 88669.07520785497
17, 88624.61216228125
10, 88624.61216228125
792, 88536.14512278778
152, 88409.59047454064
429, 88327.82158285154
1174, 88324.65075214724
150, 88324.65075214724
307, 88232.60229817175
255, 88194.51213254624
1283, 88120.47200580378
356, 87809.23191329218
465, 87614.15434206376
430, 87534.05563533006
306, 87362.78911926917
820, 86729.5108851584
642, 86534.20758193254
1119, 86258.83337680253
876, 85990.76505455501
185, 85293.9864091147
281, 85238.51782157178
22, 85003.51958499572
13, 85003.50135635248
1370, 84695.8402587452
1369, 84695.8402587452
1347, 84610.37778460469
384, 84552.30310319392
288, 84246.51506440305
940, 83881.4451685533
832, 83881.4451685533
713, 83773.30929559476
720, 83744.75038582615
325, 83688.82884114305
235, 83588.19471933409
1235, 83516.65077627872
1356, 83452.3449104847
345, 82800.50467538652
289, 82606.31617959913
717, 82550.94650768317
295, 82521.79006922767
1417, 82304.15081847232
89, 82259.2081455932
1135, 81897.96086120309
526, 81788.97617616337
589, 81323.38179592605
824, 81262.36368074667
248, 81259.59992287774
770, 80968.10949472488
313, 80957.49833359965
1383, 80784.80304010997
466, 80689.25438772085
862, 80549.08367632708
468, 80420.67335930541
469, 80359.36795306635
929, 80341.3642121993
467, 80313.4266993685
73, 80098.73893173858
12, 79767.84336376878
872, 79697.85264558088
981, 79297.54124681195
99, 79162.92610954352
1270, 79041.61433352828
1256, 78897.97062273958
485, 78514.93364159403
484, 78300.89099227429
1406, 78235.86328889617
483, 78235.86328889617
476, 77924.93544549416
519, 77758.27834769482
1272, 77596.61729926683
379, 77256.3116360936
1120, 77177.89470319259
809, 77065.57313366621
807, 77065.57313366621
190, 77043.942682663
1316, 76942.99851862779
637, 76942.99851862779
104, 75865.53674102252
237, 75859.59875920737
83, 75823.40674070278
105, 75818.72610350163
103, 75818.72610350163
552, 75741.06558093065
528, 75056.04106950281
408, 75005.5780094637
1026, 73924.99671725952
1371, 73866.4360696448
81, 73584.58341149444
1227, 73349.06917069781
78, 73338.26874613011
711, 72913.45835635274
224, 72795.43029566284
742, 72707.31531643859
1009, 72584.99607650258
1011, 72424.45807868837
641, 71997.03524660216
114, 71978.06429087058
947, 71913.47632860672
205, 71905.26194798695
67, 71822.36434326175
909, 71700.50811475149
1390, 71640.24966045245
1019, 71468.1154269345
445, 71468.1154269345
1281, 71330.99761416207
54, 71322.3228877514
310, 71043.09607919412
94, 70860.92551955412
244, 70718.80286442231
80, 70618.67528558285
689, 70450.75750689652
569, 70402.96283666565
47, 70397.25711088387
37, 70168.9581469477
1132, 70096.94723592345
1037, 70086.4451481588
253, 70007.57263644793
617, 69925.6727422587
869, 69770.7086327798
743, 69722.69199307995
359, 69618.35015951874
38, 69613.01532818403
871, 69574.99938781989
655, 69214.35583662285
999, 69211.78709057621
259, 68937.65934045576
890, 68929.49094912228
322, 68858.8084423563
769, 68752.62878308939
927, 68580.45176666613
1133, 68436.32558043663
710, 68296.18465815987
349, 68004.75291039361
113, 67631.4827829802
260, 66411.33343482314
1001, 66374.41899839787
1030, 66169.16935141984
223, 65975.67009497718
568, 65886.14969316659
1225, 65729.22799574389
338, 65637.95809427695
335, 65546.50758363404
577, 65451.404328209486
1412, 65374.880751656376
48, 65215.74854607183
1221, 65076.34859417276
1123, 64989.27897124649
1415, 64554.9928712488
1223, 64422.7757119915
1062, 64340.82228582894
819, 64315.98687230856
1247, 64250.046774804214
1277, 64143.162429360214
1046, 64027.961664280716
870, 63901.34769316436
1282, 63831.854563648085
1183, 63749.793683930024
730, 63681.798463248044
332, 63616.3503871204
1078, 63526.36038022973
864, 63253.71168097995
850, 62955.94891448232
960, 62337.48832651229
290, 62312.98518388968
1376, 62230.52697420998
611, 62220.529806588434
498, 62211.63062963379
492, 62091.13341661624
579, 61829.302948324184
563, 61803.39713680071
1184, 61709.82181289635
90, 61661.6877702499
1122, 61611.786801047565
1304, 61537.10298264136
1008, 61325.13539227677
719, 61281.356429043895
761, 61163.41700503341
752, 61105.750099330304
1176, 61080.49156454968
1083, 60971.97216130326
110, 60758.33140404898
1051, 60654.10918451451
446, 60573.41125083161
494, 60391.45287882181
956, 60358.125820222165
360, 60333.558863756
623, 60075.94325252608
1121, 60017.64526163316
1328, 59657.50298042478
1279, 59657.50298042478
897, 59556.450642321055
889, 59501.59705910799
16, 59435.96764196515
166, 59107.41832862284
1034, 59028.26384828127
1175, 58993.93037579339
949, 58812.30589542009
904, 58532.04451907157
902, 58532.04451907157
901, 58532.04451907157
900, 58532.04451907157
1010, 58513.70771218403
756, 58439.58173301841
1079, 58406.31080418125
193, 58406.31080418125
1171, 58341.94158345165
51, 58091.42261097132
857, 58023.62083843048
826, 57845.857160611726
286, 57680.24961054119
1031, 57667.56330503936
315, 57569.65967296639
334, 57533.19991535723
531, 57390.7401039822
497, 57319.979958318014
877, 57310.076773553374
576, 57291.75692333312
14, 57291.741271894825
212, 57095.51931536119
211, 57064.72738556181
18, 57061.715981636764
560, 57060.652470055196
525, 56964.530980063646
1343, 56927.54593811147
582, 56905.74370219532
670, 56584.8012129227
757, 56413.20255812998
140, 56177.66083218693
241, 56091.705953439916
983, 56021.10101123107
741, 55953.34515195636
1388, 55868.947615616526
537, 55811.19143249472
958, 55722.076631617725
432, 55657.80833222401
370, 55605.68736609193
275, 55548.23969903841
729, 55518.41278627998
1321, 55480.72864182039
728, 55474.82760747136
538, 55266.25112149497
486, 55228.231527066964
814, 55106.887860223906
326, 55021.426378493496
570, 54864.26799752794
1405, 54851.95683293796
676, 54810.509740778245
311, 54748.525467415864
921, 54668.173581248826
496, 54498.94549135469
667, 54224.33339129961
1329, 54120.404313164814
474, 54084.23631220932
1301, 54050.49349904355
70, 53965.96787812423
1330, 53957.88075775303
186, 53901.29366166724
36, 53901.29366166724
1378, 53830.18915558624
109, 53774.28951237401
226, 53738.10583025722
1368, 53734.970350260104
592, 53683.45972049867
800, 53555.01313517872
120, 53410.13859678241
1363, 53227.11058973665
790, 53207.76502801132
215, 53164.75838741218
597, 53150.69642312854
1125, 53104.43291668817
173, 53057.367821241496
665, 53047.27677045564
1350, 53008.85092708019
892, 52953.44196360524
1411, 52947.954531249496
148, 52933.86464802136
213, 52866.45028278175
381, 52806.13782603122
71, 52640.536348255606
753, 52538.53215832765
778, 52369.99680244416
208, 52217.5234164745
119, 52162.471916949115
178, 52080.30350201357
598, 51973.66938323965
734, 51922.16170987928
1, 51806.268277411575
1025, 51690.7694121554
1052, 51675.532589778195
977, 51516.95949610801
1115, 51504.065433106385
1145, 51465.851078474414
605, 51368.93846202055
490, 51273.42911999611
596, 51269.90501052452
668, 51262.84374738179
458, 51246.094263257335
1306, 51231.82947220927
0, 51188.893235460106
1112, 51103.109576971794
1360, 50936.837419001444
1284, 50925.60412525622
980, 50851.6004572773
1324, 50839.31496481414
847, 50639.70859643941
7, 50578.50213630808
395, 50486.06195213986
1185, 50395.99228336781
536, 50221.209062824535
535, 50221.209062824535
131, 50162.03293805211
942, 49982.83409070476
174, 49922.65536913458
1150, 49876.155409119914
1217, 49843.21174844086
1216, 49843.21174844086
29, 49659.42582595654
632, 49567.356972148395
520, 49565.85727687569
836, 49378.05230696793
534, 49364.50743693837
780, 49204.910796111115
1249, 49174.45734553389
314, 49111.442013699576
1367, 49089.008032379024
337, 49078.266318378744
557, 49064.381936378224
1305, 48957.006415776086
588, 48858.3562127684
1303, 48824.17213610135
1124, 48609.531476934586
1310, 48594.097346281895
56, 48584.856878568775
1137, 48352.560732203645
733, 48245.917455285744
618, 48190.56178650098
1012, 48176.16109689021
1013, 48153.29653144233
482, 47842.32517442056
638, 47731.77115563153
225, 47731.77115563153
206, 47724.52877943197
938, 47541.65161827799
581, 47532.48023706838
622, 47404.05847061899
621, 47404.05847061899
1111, 47397.573040899624
106, 47388.08549383003
221, 47282.67485761826
1322, 47148.07621789859
771, 47115.20481382459
478, 47048.98095471685
1354, 46996.22680120719
1416, 46993.06994543219
278, 46909.73247872617
450, 46878.74640698083
449, 46878.74640698083
863, 46786.54423128512
566, 46735.58989756241
1000, 46718.946868164014
371, 46707.36107033504
279, 46694.08725983486
328, 46628.88077084015
132, 46627.72983700276
1214, 46557.56728622018
978, 46545.68042764058
788, 46530.50371026189
380, 46488.60496177739
584, 46444.484406520365
787, 46441.92797427674
203, 46429.81803938588
107, 46376.15088993464
386, 46363.63886300624
287, 46361.01795331069
207, 46343.50348541449
299, 46260.87111182412
354, 46202.750759143826
220, 46184.73253435987
30, 46045.10620428752
1005, 45995.22103599521
231, 45866.640662288395
247, 45842.061938353036
948, 45840.251921428695
1177, 45800.9567015617
1181, 45737.48568451291
1180, 45737.48568451291
1179, 45737.48568451291
1182, 45683.124914214684
1178, 45683.124914214684
234, 45679.85994816831
153, 45603.298706551344
781, 45583.70530981841
867, 45557.48812077273
1224, 45472.949245599935
885, 45433.88338145083
874, 45280.778869045054
31, 45188.72935189262
342, 45130.03336203218
1087, 44991.13099664068
1169, 44886.65746515143
1250, 44807.76989292422
1200, 44766.91722408977
726, 44738.33258138861
630, 44728.73833535371
732, 44728.665607764815
657, 44677.387471664646
1163, 44552.10772879956
252, 44545.6203242944
405, 44514.72362082732
1274, 44488.84802352527
666, 44480.008727704604
277, 44475.501979062356
763, 44468.4133211281
59, 44451.99445993654
930, 44375.81909722749
509, 44307.44221388662
488, 44285.467702764305
204, 44204.27546821364
433, 44200.11228958683
1201, 44185.437233644334
457, 44179.764057372166
731, 44167.899688377845
495, 44145.7077934995
1048, 44103.977453767795
493, 44080.8748330474
1319, 44074.44899783014
1309, 43969.93438418134
1204, 43964.97164025795
540, 43883.56681993039
1134, 43796.254182069875
744, 43795.20269985298
567, 43774.46782357071
1342, 43727.04917278617
875, 43723.87116779061
517, 43655.165292912454
846, 43654.35551772733
679, 43617.40055827798
971, 43595.80741910855
214, 43586.74651348969
357, 43525.8397702578
591, 43395.36324698918
1091, 43380.12463437668
1090, 43380.12463437668
1040, 43290.0155504503
232, 43221.54398510301
1161, 43215.93455996958
402, 43201.13680317384
138, 43169.59850140733
827, 43166.68000112395
1290, 43133.58529018691
1258, 43068.989355524354
