459, 99872.84080406107
705, 99685.78792089256
703, 99685.78792089256
908, 99534.40235304921
696, 99365.51297528022
518, 99050.82024385869
1036, 98095.84785541621
285, 97866.65252945045
775, 97123.02871317271
575, 96803.07745421556
169, 96613.04837586326
1067, 96550.59329125474
421, 96534.67249341858
427, 96348.21088974408
1262, 96126.8990490761
158, 95964.82452355743
157, 95964.82452355743
218, 95538.67525489407
170, 95510.76028166186
53, 95510.76028166186
88, 95334.70139912136
1240, 94063.93187378824
1152, 93745.06582191784
915, 93434.71070194752
210, 93392.43664086075
146, 93392.43664086075
512, 93176.55998969311
108, 92935.76047904874
159, 92714.52143612938
160, 92700.71520166684
161, 92691.25771837673
216, 92637.09912328757
643, 92574.62921406714
177, 92524.02323752962
782, 92356.38577079024
1413, 92075.82549364195
594, 91978.85382733379
1255, 91897.99622749265
1348, 91867.80028091611
613, 91642.98474817353
704, 91535.94427398394
702, 91535.94427398394
1173, 91328.7779258141
305, 91265.81519962651
272, 91252.9222053756
1170, 90781.6662582869
620, 90657.61278468926
1362, 90224.77651197395
1285, 89914.71584467721
1193, 89868.51170380382
156, 89759.13573227257
217, 89629.78765111719
1149, 89562.27324370084
1286, 89399.46196782182
604, 89381.30473846564
698, 89347.17162376609
180, 89284.13363992191
544, 89073.4413664876
330, 88884.98057701699
1043, 88850.14480539998
249, 88423.5928151711
461, 88401.82430033808
209, 87999.9231792165
460, 87851.8009745478
1264, 87748.46712774316
1263, 87748.46712774316
192, 87485.3728915126
191, 87485.3728915126
749, 87470.35152222644
1236, 87328.23593499255
135, 87196.40658242613
905, 87187.00394617132
899, 87187.00394617132
619, 87181.59199210061
194, 87179.3503086834
612, 86476.74809461013
102, 86307.62315184515
136, 86304.47222125415
1379, 86210.4938261251
1419, 86149.13876788328
699, 85954.28886825607
1058, 85804.96480817215
65, 85407.57010805052
62, 85407.57010805052
444, 85336.3688301088
366, 85316.92955303712
112, 85232.74179293326
137, 85218.14393646905
1401, 85182.76262252858
759, 85166.9672348598
556, 85050.76896090269
4, 85028.0981532064
172, 85019.07223765437
1299, 84938.32625551737
397, 84851.13982687931
835, 84829.63657855845
1084, 84771.18066469513
1082, 84771.18066469513
600, 84743.9586636311
1002, 84657.63930712886
545, 84638.67649252944
398, 84604.81302620185
1403, 84399.0681414634
228, 84356.27385467417
750, 84120.05885081792
751, 83940.33677522407
500, 83851.82111852159
504, 83683.948704602
61, 83599.38848661365
15, 83515.76008098738
250, 83340.16315575558
363, 83304.797270397
1020, 83226.18521367987
645, 83191.00179544969
644, 83191.00179544969
63, 83191.00179544969
1318, 83085.5974465644
364, 83070.80982291467
64, 82987.32423192181
845, 82986.86485693662
799, 82965.69326395333
798, 82965.69326395333
633, 82641.43032191969
239, 82399.20835370893
21, 82399.20835370893
868, 82336.02702975814
692, 82326.92746182275
609, 82307.77536692463
350, 81328.16823429671
309, 81287.81514966924
425, 81285.71193760302
348, 81275.8949904516
416, 80762.90432954134
3, 80581.41917009425
2, 80581.41917009425
396, 80384.70071590072
44, 80384.70071590072
291, 80147.96789999655
270, 80132.3782684207
268, 80132.3782684207
754, 80003.17313928116
1148, 79808.46960048225
1308, 79732.04823736534
712, 79517.2023486877
1144, 79475.8929498667
1044, 79378.85754422368
1398, 79339.25633314675
834, 79312.78071549606
1382, 79288.47530734765
659, 79045.9265591586
1246, 78805.58391648253
811, 78787.3276204402
1028, 78706.62380205264
424, 78446.54159422366
423, 78425.42023970779
471, 78258.52752120706
418, 78224.84337230123
411, 78215.14531845042
1136, 78174.73183768483
1313, 78140.6225863698
426, 78128.32810349531
414, 78128.32810349531
1100, 78062.00207006503
352, 78021.38989337771
479, 77998.39225076059
422, 77799.9337892532
413, 77799.9337892532
219, 77757.80392468398
955, 77692.09315049708
412, 77285.95925509717
984, 77031.63806311143
480, 76997.66215166118
1117, 76604.65837310016
1057, 76433.79719970014
636, 76424.49602534597
558, 76263.94804262657
428, 76230.90541460547
134, 76085.13780248819
1414, 76005.5186493897
238, 75941.75621807345
1076, 75907.45913791444
987, 75809.60937946534
985, 75809.60937946534
1075, 75664.54505672617
840, 75605.34452226761
986, 75578.4898403376
382, 75183.05847916158
1103, 74957.62831587685
470, 74803.17047065115
546, 74689.02765389772
179, 74485.9368654459
1312, 74416.21338262322
812, 74381.45693167434
399, 74155.08354460803
41, 74064.8334735005
189, 73950.42086549362
813, 73701.0477287801
435, 73696.980543979
961, 73382.34843139476
176, 73183.85448999163
46, 73110.31773458158
513, 72911.5274972762
11, 72879.71498266846
473, 72857.19895024512
1192, 72832.99512087327
20, 72813.32718199426
246, 72197.97929754
242, 72177.06895283128
662, 72096.83712027303
701, 71911.68116862014
663, 71883.57288871508
43, 71486.82594977872
45, 71459.57517313505
358, 71207.89541671709
745, 71158.08660878478
830, 70502.17777161444
795, 70083.11370989462
251, 69759.16093738051
920, 69410.7139090929
1302, 69358.0080455239
55, 69350.21633180318
697, 69148.12335555247
93, 69134.80759803267
142, 69068.42566725914
695, 68918.01154910153
19, 68735.46018482327
791, 68459.98145034625
39, 68442.27377983394
1334, 68258.07509121366
1199, 68221.2482499632
5, 68124.69637983358
503, 68094.37107136837
919, 67988.48608212218
656, 67765.71670294993
369, 67586.09570922118
694, 67558.69915695136
691, 67532.35992240497
40, 67422.08346395123
1003, 67393.45176454214
1373, 67354.60592924342
1147, 67333.87939806741
464, 67333.87939806741
1004, 67294.07223621769
145, 67264.02992239343
606, 66996.13993008851
1381, 66926.58450409818
353, 66480.57543743074
1035, 66408.6012054931
661, 66043.06637218724
1029, 65996.96986950548
516, 65421.84826205608
706, 65319.56724991813
1280, 65289.52657040204
269, 65276.99771748391
693, 65251.575641054784
6, 65185.67447201615
1172, 65010.12412649455
74, 64872.22022949055
133, 63973.10857818491
932, 63644.28923936696
141, 63182.946115177976
690, 63169.09031926669
502, 63067.476762729006
765, 63048.250608295966
515, 63048.250608295966
514, 63048.250608295966
123, 62973.536557033185
1060, 62950.89626058394
739, 62888.5489700546
740, 62845.24026753754
1162, 62373.92150643737
829, 62373.92150643737
481, 62365.69505512942
828, 62242.35399219564
654, 62195.96769607024
164, 61944.2528876655
1080, 61896.966630700175
1314, 61790.4070705505
1389, 61733.20281567158
653, 61330.72973847299
274, 60642.440554089306
271, 60642.440554089306
1077, 60492.47145418838
1396, 60367.50117285839
1245, 59987.87723581118
227, 59451.241377215425
362, 58918.910683074886
1074, 58430.971745235925
256, 58233.637239727024
831, 57973.33631304874
796, 57451.79255171036
852, 57382.7942244229
273, 57194.24496046794
794, 57061.25134219906
1190, 56800.251443841466
674, 56778.771898005376
1188, 56775.63268677359
139, 56726.95891136181
1404, 56697.22975791577
1228, 56681.72674821671
865, 56681.72674821671
1317, 56583.157802441296
815, 56558.19493624358
501, 56325.25659728825
1344, 55972.20257982568
1039, 55594.76169427276
1061, 55466.66877628468
700, 55221.500422299454
866, 55115.459286779434
302, 55081.55915022027
673, 55037.467860337565
992, 55031.78774120798
860, 54922.812420530674
562, 54909.43775194689
1085, 54890.802225785985
564, 54826.76508958043
451, 54709.486349407896
1234, 54708.06025985278
1086, 54700.272776329075
1399, 54607.12149156537
1288, 54075.997560541524
1397, 54029.891540711695
1109, 53993.73170301424
1081, 53976.27039608022
1110, 53757.26479854315
1108, 53757.26479854315
607, 53628.40847054241
1101, 53162.59239196168
151, 53105.00517093385
401, 53045.06944305023
1395, 53027.63784908124
861, 53002.811577254695
124, 52927.74847421494
149, 52927.154158660116
264, 52373.15036057967
1056, 52356.36946958553
922, 52180.24100299132
1106, 51959.022821521365
1105, 51959.022821521365
1102, 51959.0219516104
409, 51817.708648115746
391, 51798.99981896682
155, 51747.41057652762
1400, 51665.02152733269
1088, 51646.84275206301
1232, 51629.21614107401
437, 51585.95848639829
1018, 51555.17602367715
154, 51555.17602367715
571, 51365.66262877009
709, 51220.86245697639
554, 51176.54254776263
555, 51067.96724041609
855, 50986.14796857377
454, 50979.04937984537
1059, 50936.44443787101
856, 50890.621169372294
854, 50890.621169372294
442, 50659.65620363685
233, 50564.204132368475
1113, 50564.07735744146
1323, 49970.067554691435
168, 49730.69236766666
26, 49559.43954077123
434, 49491.157934663795
390, 49466.42188156582
72, 49372.87934580145
553, 49306.56953427956
419, 49232.23180813793
417, 49141.25990369304
167, 49140.980151540265
267, 49132.531308522775
1027, 48821.64731662337
410, 48794.09358535751
993, 48535.6618325349
187, 48415.93962381973
42, 47992.83218385137
647, 47878.258007106364
903, 47876.11290634468
1410, 47817.00193871134
122, 47768.85310418993
1300, 47767.845667843176
574, 47745.661758397415
1015, 47664.9330357252
968, 47398.12626156822
1016, 47139.85740582279
1409, 47109.33285475412
1065, 47109.33285475412
85, 47109.33285475412
1408, 47098.88265389668
1407, 47094.69529013661
601, 47093.38587591056
86, 47056.8201411531
441, 46764.29194429026
1017, 46729.88645793221
783, 46520.95437262867
802, 46482.05354547026
801, 46482.05354547026
346, 46471.44543337253
970, 46260.97958233269
304, 45618.694079223096
1191, 45580.18530247431
1189, 45403.52275090256
565, 45255.76755030838
762, 45116.6552578571
772, 45058.47804182896
1066, 45028.92209406402
776, 44790.265783902134
1287, 44695.72291030967
420, 44565.574585340604
969, 44547.45978308814
415, 44484.20809695768
1155, 44441.36893638594
972, 44308.48134187293
967, 44308.48134187293
361, 44303.28888597103
1346, 44203.48141277253
853, 44196.39853616747
583, 43741.42285217783
222, 43354.869051843445
367, 43116.13495445069
116, 42770.32535306497
347, 42742.69016955583
858, 42686.9061848782
1290, 42503.17526931272
827, 42471.08974310273
1040, 42352.36998441755
971, 42063.715165983645
846, 42009.35333030217
517, 42008.603461152874
1342, 41942.25425750829
540, 41799.255739028784
1204, 41725.66668186209
495, 41564.166834296615
1201, 41529.00953900458
433, 41516.05431636748
204, 41512.38207581374
488, 41441.03154736523
509, 41421.80767334964
930, 41362.22511031951
277, 41275.99582279034
1274, 41264.507549061644
252, 41215.78605731739
1200, 41028.13178394633
1169, 40928.06989908645
885, 40483.47084344944
1224, 40452.50466511709
867, 40385.83656601769
781, 40365.25617948151
153, 40349.90456433012
231, 40145.960425210666
30, 40010.2269930723
220, 39905.39639685887
354, 39891.95443439119
299, 39848.72830169951
107, 39763.58614706749
584, 39713.487212098036
380, 39681.28512190831
978, 39639.79538313686
279, 39532.79101627385
450, 39401.38902269672
449, 39401.38902269672
278, 39379.52603082537
478, 39281.928112568574
771, 39235.88343750301
221, 39120.49513306324
106, 39048.629150313514
1111, 39042.18940588868
622, 39037.79007613323
621, 39037.79007613323
581, 38951.1262454208
1013, 38543.912505410095
1012, 38529.275528850994
618, 38520.06961266677
1137, 38417.186678608814
56, 38271.79952319706
1310, 38266.0675754327
557, 37979.4037624721
780, 37895.62615164949
534, 37801.50252789215
836, 37793.56376214786
29, 37630.36986799471
1217, 37525.519555196726
1216, 37525.519555196726
131, 37346.81062168026
536, 37314.07576552861
535, 37314.07576552861
395, 37169.19793505753
847, 37086.35457187426
1112, 36841.68942558232
1306, 36775.077556466254
596, 36755.48372290442
605, 36704.75390882686
977, 36629.55240109907
1052, 36549.80601655193
598, 36402.11335753144
178, 36349.985468549705
381, 36004.57025362651
173, 35888.70404611301
597, 35846.12850922486
