385, 99721.8380631333
998, 99528.03084081884
1244, 99236.61642103276
715, 99210.91229937739
616, 99209.32343904722
677, 99192.72209785561
1254, 98726.60506627138
57, 98651.95183997959
797, 98642.85025074142
1327, 98618.40698142021
197, 98610.94644481904
907, 98599.20718475535
894, 98566.59617853371
1014, 98282.84425366991
1153, 98103.56303108482
1226, 97985.65592284357
1095, 97978.83788255496
489, 97920.0571411939
1205, 97652.76284000684
1045, 97513.02773848404
75, 97443.32129460436
671, 97357.44335676575
1207, 96973.74681995873
737, 96953.81002150284
649, 96921.93025715483
723, 96778.58337020366
585, 96756.35404982271
1053, 96740.74113677775
1033, 96684.69231412087
1335, 96597.18376133047
779, 96564.45963482348
1289, 96479.0281772814
82, 96479.0281772814
1353, 96262.44442721162
926, 96241.45285886418
561, 96163.41795179255
979, 95994.48210213792
472, 95618.31370466862
543, 95551.25205254157
101, 95546.60968235495
375, 95544.80231033723
118, 95405.38162591182
714, 95368.15636316486
1257, 95278.06462797929
100, 95238.08365364531
652, 95236.03717444012
988, 95148.82986941624
610, 95112.1067614895
49, 94957.5675076939
1131, 94948.80813870463
9, 94910.85990558188
319, 94873.33704422788
447, 94738.72980996824
884, 94632.84897154076
736, 94617.99207334753
317, 94538.23613283948
931, 94467.33858114238
648, 94455.41098690688
1047, 94397.78738318842
925, 94258.4323523622
716, 94090.45716965376
393, 93988.4008335314
376, 93979.18495441017
859, 93870.49431082672
323, 93740.08523371635
602, 93509.6817273841
1206, 93472.70079644094
1239, 93062.72969055753
1209, 93048.88444559455
79, 92922.78750715333
603, 92848.37518497692
448, 92800.13534007361
1208, 92796.02643326958
1402, 92543.6046757575
300, 92453.45574671005
355, 92404.66827075635
95, 92329.69582758177
1142, 92291.64391617289
1073, 92142.89648467879
1331, 91956.36102059192
935, 91937.75381912933
843, 91759.47556786245
60, 91516.8577757247
1261, 91464.2865995918
341, 91230.51685710889
171, 90966.053676899
1359, 90610.05599883472
392, 90582.43669746275
1355, 90580.76767072713
1212, 90484.416720404
1366, 90288.93594213277
329, 89841.63566640018
650, 89812.90697406474
243, 89709.12088700595
181, 89667.70049311165
946, 89643.28123917697
1377, 89535.80476010113
573, 89388.1305097979
541, 89350.03687123868
590, 89112.71017312713
394, 88958.1802483322
406, 88944.6683002881
615, 88919.61444023969
1038, 88863.08709468499
294, 88640.40267669648
1276, 88579.53846350618
810, 88345.49617375145
324, 88212.28081625412
994, 88191.0306223112
407, 88186.66420184798
1068, 87998.51370139656
1252, 87940.56631407006
1069, 87917.10101416193
126, 87535.95499963527
678, 87527.0328971218
651, 87490.08759367281
1259, 87281.41928256472
1260, 86984.57755178688
614, 86907.42617068857
52, 86694.3471355744
639, 86567.88033280725
789, 86401.96513650664
1375, 86320.10776875443
147, 86314.27533189932
1357, 85993.88370254637
1104, 85976.35050163342
928, 85937.49111747945
680, 85891.6466293305
629, 85878.30183040281
974, 85664.44338298788
888, 85515.17498461204
631, 85440.06297836424
87, 85266.04498761255
499, 85062.5795638171
997, 84998.74427712907
873, 84998.74427712907
1291, 84904.17372742447
462, 84850.18051125886
50, 84807.29257933733
196, 84799.97782305728
1358, 84696.85727870892
1294, 84671.15569253129
837, 84570.62355428077
312, 84549.5880798175
76, 84530.61772100088
182, 84202.24349659042
1114, 84082.7940308828
572, 83949.60982030176
199, 83926.99956144975
58, 83758.80328809818
1099, 83446.57043833211
97, 83218.44846962561
945, 83190.57621036476
848, 83038.10185695064
851, 82895.3126918959
989, 82850.77640135924
403, 82850.77640135924
1213, 82733.37562154642
1332, 82694.72968714156
1325, 82644.67971266371
944, 82635.99695471826
453, 82613.31037160428
452, 82613.31037160428
127, 82573.79213727001
1143, 82327.40539809283
1292, 82132.49190284724
1293, 82102.20820278209
1349, 82101.13175134792
803, 82037.67174995976
1165, 82027.48998496639
735, 81817.89961348733
628, 81806.49916489111
436, 81797.27783609588
936, 81768.07372985325
1072, 81570.63844429921
121, 81508.95542862441
937, 81443.43174272586
906, 81415.24434482207
718, 81375.07004373476
262, 81350.69162951394
1194, 81350.58809260368
1231, 81153.86271246811
844, 81048.13778930155
943, 80998.45578233413
293, 80871.45048324027
1238, 80833.35313381636
115, 80765.6747525808
849, 80652.67873158585
8, 80607.0355150642
1089, 80554.0882074717
1164, 80492.97597972918
200, 80492.97597972918
549, 80473.09197336996
188, 80368.20091589514
439, 80277.79520897218
1333, 80173.53080251455
1071, 80053.09417982682
1070, 80053.09337523725
263, 79957.50435620209
202, 79894.13255106796
1107, 79749.37499527323
245, 79684.87193631358
822, 79633.15656461072
1258, 79611.98338712697
838, 79537.08391220025
916, 79461.7136689591
138, 79270.48807396108
924, 79220.59167167693
982, 79217.66538321428
402, 79164.3658386961
1161, 79114.7244573371
232, 79095.93191068529
1295, 79014.59847976262
201, 78739.69195405915
1091, 78570.31207675558
1090, 78570.31207675558
591, 78520.37166370082
1339, 78498.49131901382
823, 78163.38083699008
357, 78096.77033902954
1420, 77994.17140444652
214, 77901.4522824802
542, 77876.36537513437
539, 77876.36537513437
679, 77803.72417360447
261, 77759.30868822786
721, 77654.17819877014
627, 77591.14448320895
875, 77467.236002979
567, 77308.91811473278
744, 77244.33035204471
1134, 77241.05955754417
760, 77193.40548589104
722, 77171.18600376655
301, 77070.92492192797
893, 76716.21568890789
1309, 76706.6933148988
1215, 76624.44606361199
959, 76612.13159243479
35, 76570.50617141018
941, 76563.15744849833
1233, 76456.38330457489
1319, 76390.67814036745
493, 76371.3823085783
1048, 76302.13536180642
731, 76111.56524989358
457, 76076.35939617822
378, 75849.37467836925
1220, 75618.09081461382
59, 75282.45993937097
763, 75235.41463674184
666, 75202.24638231056
952, 75128.11952111498
405, 75103.2232460081
1163, 74997.0493291524
1055, 74844.05466628842
767, 74799.83993160358
657, 74644.70441414515
732, 74502.00392032956
630, 74501.80214812826
578, 74479.28326063741
726, 74475.19962290979
1250, 74283.5693077981
950, 74175.00522447049
292, 74019.86342349487
738, 74017.2503843953
1087, 73785.04301030366
911, 73680.08955549909
342, 73414.47569381863
996, 73301.57700938759
31, 73259.67982553458
336, 73159.3748204193
874, 73019.03385440752
377, 72974.85353045285
440, 72861.27100043761
265, 72832.29610238128
296, 72805.43434228445
559, 72768.80075948125
66, 72714.6951164815
1154, 72691.52916472667
1275, 72424.61426602621
755, 72306.65045149872
234, 72004.61134225108
1182, 71996.50042820172
1178, 71996.50042820172
1181, 71861.89345623027
1180, 71861.89345623027
1179, 71861.89345623027
1177, 71705.76525643366
948, 71609.66072429203
247, 71605.24412557209
1151, 71444.67796281492
1005, 71234.73187771536
1021, 71002.54343742007
624, 70973.5533200574
1050, 70837.78120851141
1156, 70550.01277838279
1049, 70435.28226153782
207, 70415.15825796669
287, 70374.76227110196
386, 70368.72392230056
664, 70361.26631963802
344, 70302.13790298086
203, 70216.82045138825
787, 70189.14175206708
788, 69987.78834765693
1064, 69941.97943490084
1214, 69926.64881258606
431, 69919.4768032602
1098, 69884.08185682553
1022, 69812.02608638172
132, 69768.96909267126
328, 69766.39241752711
371, 69591.43900695171
1000, 69565.73512213203
1054, 69530.96282884014
566, 69528.86690489149
175, 69482.95992289836
863, 69416.39614101309
839, 69263.6035793754
280, 69211.9126808344
1416, 68966.69825642818
1354, 68959.90005558712
1024, 68836.20326470729
1023, 68836.20326470729
1237, 68836.20010245772
522, 68662.34265665902
1322, 68635.53667559035
340, 68560.46234919966
547, 68193.85485303734
548, 68176.58783107577
1129, 68023.63047850641
1127, 67968.90402046443
938, 67818.22973533165
806, 67537.41902245073
1372, 67486.32301638367
206, 67449.53328590175
638, 67435.07234144362
225, 67435.07234144362
966, 67370.24568026191
707, 67356.33526542535
880, 67243.94641791542
482, 67215.6348455601
887, 67089.81415703108
896, 66786.824710713
990, 66764.54999006701
746, 66617.27650095492
327, 66553.4132603605
669, 66494.51562024016
733, 66434.84130803756
747, 66412.93513841952
1097, 66159.50970367149
198, 66084.7949140666
758, 66033.33251519049
995, 66028.9785764353
1124, 65757.51196235098
587, 65649.41181992072
883, 65509.67154987906
599, 65391.655947349806
1303, 65368.761161004375
588, 65307.58475049938
1305, 65132.15495873103
1096, 65123.1515016755
766, 65086.99183865354
282, 64983.78512185552
337, 64918.76261720757
1367, 64899.977457346526
314, 64860.806309244945
1249, 64751.22051298002
1340, 64725.336019841176
1116, 64713.91513041872
1374, 64321.62294959654
1198, 64305.93691093882
1195, 64299.61821451151
520, 64084.87109743636
632, 64082.364303242946
586, 63928.77517426322
1387, 63894.2565313087
1386, 63811.20499659896
1197, 63619.300726445894
1150, 63573.50113443057
1196, 63554.85796974675
174, 63498.11371339212
511, 63494.035266374696
1298, 63424.52035181782
942, 63401.02215173882
1311, 63286.07295153366
658, 62999.15366851515
1380, 62928.91408914888
821, 62927.048088277625
1185, 62748.49429107246
1130, 62745.88283550422
1146, 62709.72668041149
96, 62544.57748073022
660, 62497.02543427347
7, 62467.83198249247
1093, 62464.37481482301
510, 62464.37481482301
774, 62432.125078221936
773, 62432.125078221936
316, 62250.38679321538
1324, 62074.52367063935
980, 62056.21794482579
1284, 61946.36453097083
1360, 61929.75129977628
910, 61726.676157837835
1351, 61653.71894320304
0, 61561.20213187779
458, 61478.67459003011
32, 61456.374590798434
668, 61454.58570154396
490, 61439.37979873517
1158, 61401.61972945096
1128, 61208.68237760252
1145, 61165.35150476834
784, 61132.50768281627
1115, 61111.46326249297
383, 60967.93225869014
1007, 60957.58853686173
1025, 60850.675533389294
1, 60691.39052512408
734, 60533.10405924317
951, 60430.21066602477
119, 60209.718346697075
117, 60161.335521456975
208, 60136.537112294485
1242, 60078.7184250727
1241, 60078.7184250727
351, 60011.28872015064
778, 59935.573094082196
881, 59774.61944581189
753, 59716.33885771412
71, 59585.10356544812
213, 59298.275052207486
953, 59267.29951930425
297, 59267.29951930425
148, 59213.68819891412
1411, 59196.06683304767
892, 59189.20940611235
1350, 59120.1352799177
665, 59072.411806403536
1297, 59031.76535009284
1211, 59020.25198313767
1125, 59001.69571226139
91, 58996.50217641044
163, 58852.65543090187
1269, 58733.34047255444
1251, 58723.6082050571
92, 58631.73347490605
120, 58628.85363098276
933, 58588.99356859792
917, 58458.87390730928
626, 58360.15707401715
592, 58303.008404615655
1118, 58270.3452482831
595, 58270.3452482831
1368, 58242.37256830365
34, 58228.81290371527
1296, 58228.39549491449
109, 58196.250728359744
1392, 58091.77876284359
339, 58072.9942717602
1268, 58023.841466890735
70, 57973.40604894944
1301, 57876.17669807682
1329, 57796.23322122497
667, 57678.17591401383
496, 57370.68034226165
1352, 57291.56157008215
524, 57271.0769553468
913, 57142.314142517906
311, 57096.68065078558
676, 57029.42092858239
1405, 56984.619206004485
443, 56910.456570886505
326, 56802.86036258689
33, 56694.03984899316
284, 56692.3608804919
895, 56649.354928593166
486, 56584.11788823479
688, 56540.022242994324
686, 56447.912665500335
728, 56327.58399927687
1321, 56321.50145368264
729, 56282.71958239948
1336, 56281.32772011932
370, 56193.308533677846
1230, 56139.163804913194
882, 56109.60293859053
958, 56074.94446752225
389, 56022.84134057246
687, 56020.693095209426
1388, 55926.98985200478
741, 55842.67174335852
973, 55806.64062782414
983, 55775.346547196015
804, 55771.589387517364
387, 55750.530431687286
785, 55746.33567596971
241, 55705.53529267465
