1362, 99540.89952935257
272, 99218.60295111858
1285, 99163.63663475093
1193, 99107.44116805217
156, 98974.43707208024
217, 98817.18930109036
613, 98761.54714140079
1149, 98735.13087410356
1286, 98537.29874492725
1348, 98501.77312816169
698, 98473.7763255624
1255, 98467.08232085998
1413, 98263.73618897265
544, 98141.37214023966
177, 97758.35775417525
643, 97701.92745558063
461, 97326.67484242124
108, 97302.88500439093
512, 97040.3156790879
915, 96761.88637825417
1236, 96026.96333843254
135, 95867.58700337667
612, 94998.39330159704
102, 94794.3333435746
136, 94790.53229239162
1379, 94677.1762046036
1419, 94603.1832539699
1262, 94034.51744766638
427, 93823.69546276552
65, 93709.68381609088
62, 93709.68381609088
421, 93647.55002971103
112, 93499.25676067709
137, 93481.69025930832
575, 93396.3357602254
4, 93253.04968533924
1299, 93145.08114977498
775, 93100.42962822018
1084, 92944.11412094084
1082, 92944.11412094084
750, 92161.96767469661
751, 91946.28410075464
15, 91437.10140185656
363, 91184.2822981132
1020, 91090.10410779809
908, 90987.41696379382
1318, 90921.7201784993
364, 90904.01195917644
845, 90803.49890037687
799, 90778.15172606829
798, 90778.15172606829
459, 90497.40688842785
633, 90390.0879616965
705, 90343.79733254021
703, 90343.79733254021
239, 90100.39352095303
21, 90100.39352095303
696, 90080.65910963686
692, 90013.9773148714
609, 89991.08219402666
518, 89821.95280966326
1036, 89035.93940720959
285, 88847.08421793014
350, 88821.34870933401
425, 88770.71100987865
348, 88759.00301315068
416, 88147.55651328749
3, 87931.4098221227
2, 87931.4098221227
169, 87812.67992466154
1067, 87761.08152086103
396, 87697.2207323649
44, 87697.2207323649
291, 87415.53361055643
158, 87276.84205474662
157, 87276.84205474662
754, 87243.31744959802
1148, 87011.82964199748
218, 86924.2193423865
1308, 86920.99826827084
170, 86901.11083867567
53, 86901.11083867567
88, 86755.33815033069
712, 86665.72513135926
1144, 86616.65681475238
1246, 85821.0873705879
811, 85799.43638075182
1240, 85701.73161385428
1152, 85436.95957504144
210, 85143.96621021193
146, 85143.96621021193
411, 85121.31110291085
426, 85018.4956996555
414, 85018.4956996555
1100, 84939.96105498994
352, 84891.87921224147
479, 84864.65364244337
422, 84629.76893607172
413, 84629.76893607172
159, 84580.14912690477
219, 84579.91984161311
160, 84568.65906708737
161, 84560.78802583301
216, 84515.71153060754
955, 84502.17869338402
782, 84281.99820750994
412, 84021.94519485075
594, 83967.48077028681
984, 83721.4467202883
480, 83681.31482562661
704, 83598.21122064284
702, 83598.21122064284
1173, 83425.38282787167
305, 83372.84276858823
1117, 83217.32734159807
636, 83004.76171378203
1170, 82968.62888844783
620, 82864.99744791278
428, 82776.44882637802
987, 82279.93338729936
985, 82279.93338729936
986, 82007.74912078874
604, 81797.3814800232
180, 81715.99306372905
382, 81542.38679418474
330, 81381.51347490329
1043, 81352.30999775183
1103, 81277.27517968371
470, 81095.70642024647
249, 80994.56674500379
179, 80722.98874283244
1312, 80641.106273558
209, 80638.95371930311
812, 80600.29348442813
460, 80514.55769481458
1264, 80427.75509200264
1263, 80427.75509200264
41, 80228.64493957747
192, 80206.67339019667
191, 80206.67339019667
749, 80194.04738857312
189, 80094.41392599825
905, 79955.81595269595
899, 79955.81595269595
619, 79951.26446944069
194, 79949.37918758327
813, 79801.9642360389
435, 79797.19584612462
961, 79428.45141440528
176, 79195.95328882178
46, 79109.84518244585
699, 78917.88397092035
513, 78877.1422339656
11, 78839.91228536297
473, 78813.56354692094
1058, 78791.98930835273
1192, 78785.24119754622
20, 78762.22769804815
444, 78396.68482169983
366, 78380.27834852411
1401, 78267.02679102629
759, 78253.69185127039
556, 78155.58144271202
172, 78128.81497900146
246, 78042.72043258935
242, 78018.28805542014
397, 77986.97658621534
835, 77968.81131944632
662, 77924.55301010753
600, 77896.42591924683
1002, 77823.48663312534
545, 77807.46157134903
398, 77778.84285157509
663, 77675.47785590653
1403, 77604.92383156797
228, 77568.74064839097
500, 77141.99587921056
504, 76999.89208977904
61, 76928.29472290093
358, 76887.12761571053
250, 76708.73588581852
645, 76582.34983352674
644, 76582.34983352674
63, 76582.34983352674
64, 76409.71344819276
868, 75857.22517171234
795, 75577.42577591767
251, 75200.82452183207
309, 74966.5928638975
55, 74725.80808474269
697, 74491.22389877368
695, 74224.24516760974
270, 73982.7829833773
268, 73982.7829833773
791, 73693.24097650139
39, 73672.72299636564
1044, 73340.01537117995
1398, 73306.20910114587
834, 73283.60629330893
1382, 73262.8552303413
659, 73055.72305794363
656, 72889.39964863897
1028, 72765.80305464486
694, 72649.94926886873
691, 72619.49147358543
424, 72543.4459215434
423, 72525.38336065462
40, 72491.99095655208
471, 72382.63429309246
418, 72353.8175404059
1136, 72310.94373027822
1313, 72281.75859844241
606, 71999.81376863968
1381, 71919.48695766003
1057, 70818.89231309753
558, 70673.057340243
134, 70519.47678561509
1414, 70451.0747070207
238, 70396.2878374432
1076, 70366.81583020091
1075, 70158.02037733122
840, 70107.12009877131
706, 70067.0684688246
1280, 70032.50347108748
693, 69988.8401926838
546, 69318.53622843641
399, 68858.38111038509
701, 66919.82485355061
43, 66551.75537030768
45, 66528.1365983066
745, 66266.7476823103
164, 66197.81221400088
1389, 65956.83879203595
830, 65697.5520846561
653, 65497.614127708046
920, 64748.781728584225
1302, 64702.91568668095
93, 64508.62886074356
142, 64450.82991862701
19, 64160.803792097664
1334, 63744.65604226343
1199, 63712.53723170468
5, 63628.317899871625
503, 63601.86278131365
919, 63509.47890134332
369, 63158.22326196089
1003, 62989.96300019306
1373, 62956.02641606788
1147, 62937.91821240751
464, 62937.91821240751
1004, 62903.13774204244
145, 62876.88727536992
353, 62191.77756704133
1035, 62128.78580269656
661, 61808.734261177444
1029, 61768.357390782614
516, 61264.29260968764
269, 61137.24968822874
6, 61057.13515205552
1172, 60903.09132842449
74, 60782.04505397986
133, 59992.04632339578
932, 59702.78609096158
141, 59296.633363572204
690, 59284.42949100997
502, 59194.920500303626
765, 59177.982640745075
515, 59177.982640745075
514, 59177.982640745075
123, 59112.155027297464
1060, 59092.20566117241
739, 59037.26416056778
740, 58999.095863157745
1162, 58583.51069729675
829, 58583.51069729675
481, 58576.25363750838
828, 58467.43293407026
654, 58426.50070838334
1080, 58162.567167886606
1314, 58068.4679677484
274, 57053.49582759309
271, 57053.49582759309
1077, 56920.73298897199
1396, 56810.071110771554
1245, 56473.74636118282
227, 55997.89255239937
362, 55525.36301447889
1074, 55091.806140945286
256, 54916.347540266564
831, 54684.79914831409
796, 54220.50940299384
852, 54159.05005929107
273, 53991.059951015726
794, 53872.530463069226
1190, 53639.82663403289
674, 53620.67047441612
1188, 53617.87075592294
139, 53574.458644984035
1404, 53547.94119428813
1228, 53534.11239443171
865, 53534.11239443171
1317, 53446.17833523491
815, 53423.90608885361
501, 53216.022452977915
1344, 52900.76169336515
1039, 52563.483134412956
1061, 52448.963432734134
700, 52229.693787454824
866, 52134.82177587854
302, 52104.488115587956
673, 52065.032446601945
992, 52059.94926925547
860, 51962.41553809219
562, 51950.443671819565
1085, 51933.76220905128
564, 51876.43515678254
451, 51771.426696546994
1234, 51770.14966272725
1086, 51763.17606858118
1399, 51679.75199172769
1288, 51203.79835939243
1397, 51162.458158918875
1109, 51130.0334182259
1081, 51114.374936120046
1110, 50917.93534639015
1108, 50917.93534639015
607, 50802.316673069894
1101, 50384.11041412659
151, 50332.382424737945
401, 50278.538657229845
1395, 50262.8776462835
861, 50240.57213191956
124, 50173.124003089455
149, 50172.58993971254
264, 49674.47983848427
1056, 49659.38350621982
922, 49500.905711710744
1106, 49301.779010872
1105, 49301.779010872
1102, 49301.77822766233
409, 49174.531479886384
391, 49157.68230417369
155, 49111.21780550697
1400, 49037.0032861742
1088, 49020.62656297858
1232, 49004.746708523475
437, 48965.77345152697
1018, 48938.037775573546
154, 48938.037775573546
571, 48767.24499223293
709, 48636.70557572019
554, 48596.74310345642
555, 48498.82793804192
855, 48425.02800619125
454, 48418.624609467006
1059, 48380.19025071611
856, 48338.84900466353
854, 48338.84900466353
442, 48130.41812664292
233, 48044.251120131536
1113, 48044.13666640748
1323, 47507.54420956162
168, 47291.12941059405
26, 47136.24008800235
434, 47074.46831208575
390, 47052.08849044721
72, 46967.446466347326
553, 46907.43652547142
419, 46840.15203675324
417, 46757.79820245892
167, 46757.544929346164
267, 46749.89571848466
1027, 46468.34628698633
410, 46443.38414730044
993, 46209.19330596004
187, 46100.66052418138
42, 45716.89163939467
647, 45612.91481592397
903, 45610.9678982474
1410, 45557.314868580106
122, 45513.607164141154
1300, 45512.692606815704
574, 45492.55344666424
1015, 45419.25824771713
968, 45176.93588196899
1016, 44942.24611929767
1409, 44914.500436666596
1065, 44914.500436666596
85, 44914.500436666596
1408, 44905.001207488385
1407, 44901.19484009136
601, 44900.004559284665
86, 44866.764411303964
441, 44600.75454067205
1017, 44569.457867830395
783, 44379.3587194482
802, 44343.95569477838
801, 44343.95569477838
346, 44334.300947515236
970, 44142.70802086856
304, 43557.52380782792
1191, 43522.41492939844
1189, 43361.31539113971
565, 43226.53331357733
762, 43099.599211318906
772, 43046.50457568544
1066, 43019.52840143054
776, 42801.64515446195
1287, 42715.30294738513
420, 42596.41723350745
969, 42579.86759462722
415, 42522.07634723163
1155, 42482.93132006837
972, 42361.48181041553
967, 42361.48181041553
361, 42356.73563691633
1346, 42265.49693874444
853, 42259.021462187404
583, 41842.872015113375
222, 41489.010182466904
367, 41270.33083232906
116, 40953.38689752761
347, 40928.04910274309
858, 40876.89835584469
1290, 40708.38744809686
827, 40678.95353134157
1040, 40570.02868155998
971, 40305.081936358874
846, 40255.16798621076
517, 40254.47943363984
1342, 40193.55152108683
540, 40062.20986004973
1204, 39994.605030966304
495, 39846.20359106916
1201, 39813.89140201953
433, 39801.984011850414
204, 39798.60873028645
488, 39733.02313235395
509, 39715.35090375595
930, 39660.573224299005
277, 39581.28617909948
1274, 39570.72178916275
252, 39525.915782781965
1200, 39353.30169162328
1169, 39261.233251458696
885, 38851.92918672503
1224, 38823.4077961119
867, 38761.997191711875
781, 38743.03814263953
153, 38728.8954326898
231, 38540.97040563776
30, 38415.85605561415
220, 38319.20370906817
354, 38306.80894723183
299, 38266.948111049016
107, 38188.42451248112
584, 38142.2138108538
380, 38112.50852470809
978, 38074.23290206315
279, 37975.503314733935
450, 37854.23399366181
449, 37854.23399366181
278, 37834.05381922559
478, 37743.957389033436
771, 37701.44567484286
221, 37594.89385297653
106, 37528.51900750137
1111, 37522.57084687129
622, 37518.50730007637
621, 37518.50730007637
581, 37438.45089950947
1013, 37062.098676580965
1012, 37048.56530082598
618, 37040.05329116757
1137, 36944.9146399319
56, 36810.43787605062
1310, 36805.13527554693
557, 36539.86641602731
780, 36462.31282552105
534, 36375.16637749327
836, 36367.815346048694
29, 36216.677443348875
1217, 36119.54698695648
1216, 36119.54698695648
131, 35953.94904957601
536, 35923.60938378774
535, 35923.60938378774
395, 35789.308359127135
847, 35712.495507183936
1112, 35485.56631744183
1306, 35423.763975622474
596, 35405.58329516038
605, 35358.50892614727
977, 35288.717441614
1052, 35214.69657940054
598, 35077.57659103954
178, 35029.170642479396
381, 34708.29062643776
173, 34600.604860718726
597, 34561.028992163716
