51, 99494.63949813915
286, 99285.94723759379
315, 98958.72959270171
1171, 98768.25794226586
1079, 98584.3235875639
193, 98584.3235875639
756, 98489.67881466978
904, 98228.16602177804
902, 98228.16602177804
901, 98228.16602177804
900, 98228.16602177804
497, 98223.28134566736
212, 97566.0093547015
211, 97476.12917122793
582, 97013.15410375326
1034, 96861.67127333059
166, 96649.28614157884
670, 96084.0735918633
889, 95613.56996930046
757, 95590.33313833941
897, 95472.26925684676
1328, 95213.72832835496
1279, 95213.72832835496
241, 94670.884661979
983, 94469.93149771618
741, 94277.41390477747
1388, 94038.05778571816
958, 93622.69935488136
360, 93540.86850611425
956, 93481.87754242256
494, 93402.04690783749
370, 93294.60097116746
729, 93049.18625450064
446, 92970.11598296356
1321, 92943.38020369796
728, 92926.82061419885
110, 92537.84198348729
486, 92236.93827357395
326, 91661.5507456831
761, 91613.72039675045
1008, 91253.27612246225
1405, 91192.18379041173
676, 91077.68320930054
311, 90906.66083683744
1304, 90787.93599097269
1122, 90625.86474538091
1184, 90414.5869892841
496, 90220.61881227414
579, 90159.31696835185
492, 89608.31245527025
667, 89470.51206325754
498, 89358.53102436889
1329, 89187.91492812283
1301, 88998.2133417245
70, 88769.27806851993
109, 88251.83226972942
1368, 88145.9803343419
592, 88007.45751059959
864, 87292.87168437276
120, 87275.27442238934
1078, 86778.87979991427
332, 86611.51611041935
730, 86490.49619531039
1125, 86461.94728507032
1183, 86365.3860894485
665, 86310.53612184942
1350, 86208.85797311044
870, 86088.77799135144
892, 86062.40344503536
1411, 86047.90973416994
148, 86010.70335324362
1046, 85860.03933660596
213, 85832.85708185486
71, 85238.92865178912
753, 84971.79258128969
1415, 84930.23783889673
778, 84531.82007321654
1123, 84190.07443742688
208, 84135.27408456702
119, 83992.4461806952
48, 83813.0338377477
734, 83371.12355002335
1, 83072.72421089186
1225, 82979.93466710836
1025, 82776.14135634521
568, 82731.17919663154
1115, 82298.39694037466
1030, 82289.22326376852
1145, 82200.86797015226
490, 81711.08857828077
668, 81684.20852076368
458, 81641.68902983791
0, 81496.6052635398
1360, 80859.5751234988
1284, 80831.27099340034
980, 80644.98970683235
1324, 80614.09552984324
7, 79960.28992226906
349, 79616.67111928706
1185, 79505.09889471869
1133, 79033.17039040319
927, 78841.823269374
769, 78615.4890044071
942, 78481.65828941505
322, 78477.11844901461
174, 78333.39299242258
1150, 78218.96798412233
655, 78020.3534921982
871, 77567.12792300626
38, 77519.93105610691
632, 77462.15595952787
520, 77458.49341204086
869, 77325.31228101891
617, 77135.86021431247
253, 77036.4446856744
1132, 76928.51185999163
569, 76563.28608201748
1249, 76506.86370342561
689, 76506.84131264899
314, 76354.4378453835
1367, 76300.22533526277
337, 76274.27732637544
244, 76193.22089629981
1305, 75981.79421483076
588, 75744.4358411573
1303, 75662.30988382528
54, 75504.85002286237
1019, 75342.1415008762
445, 75342.1415008762
1124, 75148.08488827526
947, 74853.44500245375
114, 74783.59615009952
641, 74763.12848763753
1011, 74307.7427908496
733, 74282.59184115414
78, 73369.76722321169
1227, 73358.96070278401
482, 73330.14749004843
81, 73124.88620326949
638, 73070.74103652775
225, 73070.74103652775
206, 73053.76962268072
938, 72626.12887132673
408, 71773.61643061184
528, 71727.4692997498
1322, 71711.65282930175
1354, 71360.95221319032
1416, 71353.67383014309
105, 71044.50330798984
103, 71044.50330798984
83, 71040.39407233542
237, 71008.65343743554
104, 71003.4513874134
863, 70878.61118237676
566, 70761.73497724376
1000, 70723.58850609678
371, 70697.0416497162
328, 70517.39553269213
132, 70514.76328100996
1214, 70354.42313408418
788, 70292.6416384503
787, 70090.69482489213
203, 70063.11545141251
190, 70001.38161708643
386, 69912.52712467151
287, 69906.56783411233
1120, 69891.1650870588
207, 69866.7531143661
1272, 69551.29091975525
519, 69421.92561481943
476, 69289.62386539049
1005, 69078.18089975872
247, 68733.29613596585
948, 68729.22720681092
1177, 68640.9308462957
1256, 68538.02511817084
1181, 68498.47093731399
1180, 68498.47093731399
1179, 68498.47093731399
1270, 68429.99544082186
1182, 68376.61519849412
1178, 68376.61519849412
234, 68369.3009983538
99, 68339.32983929935
872, 67945.6365870501
467, 67504.53355542502
874, 67479.17114876962
469, 67472.11188261745
468, 67428.95348811932
862, 67338.94482007467
31, 67274.9500446008
466, 67241.2923283429
1383, 67175.0823489811
342, 67144.93927888545
313, 67056.13890688219
770, 67048.86074390258
1087, 66837.92869733293
1250, 66434.05948434527
1135, 66424.34252385741
726, 66281.53375340736
630, 66260.47699487962
732, 66260.31739422459
657, 66147.84970766361
717, 66000.90858168181
1163, 65873.59636219619
345, 65842.2471728545
405, 65791.90071950981
666, 65716.09683145612
763, 65690.78953653171
59, 65654.96569076495
1356, 65435.81340270568
713, 65239.82025407348
457, 65062.82828247171
731, 65037.10012932955
1048, 64898.59562060819
493, 64848.58421237223
1319, 64834.67827251246
1370, 64691.075569527886
1369, 64691.075569527886
1309, 64608.76947697666
1134, 64234.471777847044
744, 64232.20995052803
567, 64187.61782691029
875, 64078.888035014184
679, 63850.46998492735
214, 63784.80182244683
642, 63658.122507508866
357, 63654.45220479127
820, 63552.84304000669
591, 63375.77978428588
1091, 63343.2833887254
1090, 63343.2833887254
306, 63217.05100550907
430, 63127.67458728988
232, 63005.73211368072
1161, 62993.81277589412
402, 62962.376158747094
138, 62895.408491425354
255, 62788.57596203912
429, 62721.18266121378
1258, 62682.075960765236
245, 62636.9653130342
792, 62616.56050524315
17, 62572.38531210648
10, 62572.38531210648
640, 62550.239869176505
276, 62531.07024626195
202, 62508.26935255331
786, 62503.2424008917
1333, 62338.30015714189
368, 62243.589335308534
188, 62221.11387865978
240, 62186.31734567061
549, 62158.388822422465
825, 62156.277803686855
1164, 62146.530811129196
200, 62146.530811129196
1089, 62110.15086771915
849, 62051.665823583746
1238, 61945.141709412885
293, 61922.787120883186
844, 61819.59566692443
527, 61764.42095836553
1231, 61758.227080210825
816, 61714.1462706872
718, 61630.73268423166
936, 61407.20150043171
628, 61385.54777329504
1384, 61298.69702749855
1165, 61261.70171312774
257, 61153.89949149489
1143, 61095.47797010089
1315, 61033.60558036278
365, 61033.60558036278
127, 60960.492133400425
453, 60938.97180649548
452, 60938.97180649548
1325, 60921.914551748014
833, 60845.02654032841
793, 60821.49527456169
989, 60810.40528201621
403, 60810.40528201621
195, 60804.50626503389
851, 60786.43505999129
331, 60701.76562814066
768, 60678.56459198646
97, 60613.84571892968
1099, 60493.39239659815
58, 60330.35641306292
1326, 60326.43215394483
199, 60243.39441023151
572, 60231.74993100365
182, 60102.37027929126
455, 60077.912950749334
1094, 60011.35362347412
1307, 59936.127626719215
312, 59926.64391342809
837, 59916.08097766107
1294, 59865.72262351674
1358, 59852.88098525242
196, 59801.49091237117
50, 59797.853701078544
934, 59730.17948795693
997, 59703.034669287845
873, 59703.034669287845
236, 59652.36370204571
1418, 59540.78296217538
456, 59507.41382234172
1278, 59500.7503064793
631, 59487.21139386327
888, 59450.85453737324
98, 59445.78338191274
680, 59270.24819339676
928, 59248.43761528146
1357, 59221.662628330705
748, 59111.81619529574
147, 59070.660387841875
789, 59029.660283360405
184, 58980.9578678647
183, 58980.9578678647
639, 58952.467263555256
463, 58863.12637248081
266, 58854.8814466737
614, 58796.031969587755
1063, 58777.00967593527
1260, 58760.772151327976
477, 58756.12600699357
1259, 58626.08094141672
817, 58575.43286769008
651, 58532.31127160422
126, 58511.79974503796
1069, 58342.731608804235
994, 58222.720774630434
1038, 57933.465055327426
1032, 57882.91723290749
590, 57827.85863988148
541, 57728.355106542105
573, 57712.464639173275
1377, 57651.07356966086
946, 57606.602394604386
181, 57596.522705436924
1366, 57343.089791733306
935, 56697.30506378904
1331, 56690.2308849246
1073, 56619.567806903
1142, 56563.54969851113
530, 56533.887345545176
1273, 56525.257814529126
300, 56502.94134965938
1402, 56469.32313472529
448, 56374.23255626881
891, 56315.36999156689
438, 56274.86007540477
475, 56163.66700377626
602, 56115.56640671629
393, 55944.568340182435
648, 55780.40928488047
931, 55776.25041487244
9, 55622.78202416295
49, 55606.7524375846
652, 55511.70091786265
118, 55454.32670319116
375, 55407.331888086876
808, 55376.1084537727
258, 55375.166341984936
343, 55293.65911506376
125, 55198.1876493697
926, 55175.71992229182
1335, 55059.47472177583
1033, 55031.084521732984
1053, 55012.9430583866
585, 55007.89545823634
649, 54954.522061148135
1045, 54766.29104879502
489, 54638.73371327285
1226, 54618.33040191398
1153, 54581.76429766745
1248, 54500.23241116199
1271, 54494.673021765215
894, 54439.47931196392
1327, 54423.68740755559
797, 54416.24604886106
57, 54413.476678814666
1222, 54380.79688292851
165, 54302.4827902408
677, 54250.34575609302
616, 54245.3812487764
715, 54244.90624668746
1244, 54237.2250691839
777, 54195.687607099186
998, 54150.56996039704
385, 53930.62342177988
152, 53832.82114887347
1174, 53801.31686766876
150, 53801.31686766876
307, 53767.14919503112
1283, 53725.48965753849
1254, 53638.20149341032
356, 53609.63812033529
197, 53604.04365017952
907, 53600.57461126643
465, 53536.8620375113
1014, 53506.94482091461
1095, 53416.712942438535
1205, 53319.647381453775
75, 53257.145746741895
671, 53231.48278246096
1207, 53116.571375939406
737, 53110.58936067431
723, 53057.96489137808
1119, 53027.74181459669
779, 52993.5417689875
1289, 52967.802128321564
82, 52967.802128321564
876, 52926.31217778593
1353, 52902.45540052134
561, 52872.53340903698
979, 52821.423409161915
472, 52707.325932433945
543, 52686.942807415326
101, 52685.53130226219
185, 52661.52941543665
281, 52640.37966310986
714, 52631.226177745826
1257, 52603.775754587565
100, 52591.58633610741
988, 52564.358058206904
610, 52553.14845395455
22, 52550.65971962924
13, 52550.65275277203
1131, 52503.25516048385
319, 52480.170238066916
447, 52438.9561267554
884, 52406.50071683083
736, 52401.9440731799
1347, 52400.13796133366
384, 52377.857820950645
317, 52377.47183169885
1047, 52334.33186720723
925, 52291.471274778414
288, 52260.35097715232
716, 52239.73309547531
376, 52205.41477849463
859, 52171.85777033159
323, 52131.54985748953
940, 52119.63873228799
832, 52119.63873228799
720, 52066.83179360999
1206, 52048.74860243003
325, 52045.20978718672
235, 52006.27217520471
1235, 51978.56865881764
1239, 51921.38385973502
1209, 51917.073930366554
79, 51877.79471029329
603, 51854.5931571724
1208, 51838.261122312826
355, 51715.905013173106
95, 51692.41315974146
289, 51624.49399853425
295, 51591.46900881158
843, 51513.18940869442
1417, 51506.3188916137
89, 51488.71433081132
60, 51436.63651264958
1261, 51420.02535537767
341, 51346.05869490226
526, 51304.08662909268
171, 51262.18033820113
1359, 51148.93376448888
392, 51140.13157493113
1355, 51139.59958616476
589, 51120.49851179536
1212, 51108.87402307315
824, 51096.38063200459
248, 51095.28791714027
329, 50903.16529069463
650, 50893.941481093454
243, 50860.597969778224
929, 50730.7085590454
73, 50633.8622321753
394, 50618.34310679335
406, 50613.967981771435
615, 50605.85410698287
294, 50515.29584467219
12, 50501.433511751056
1276, 50495.522840734106
810, 50419.38038339987
324, 50375.96319498286
407, 50367.60784871829
981, 50312.517349217866
1068, 50306.175128067254
1252, 50287.232148299045
678, 50151.7372761381
485, 49996.328727936256
484, 49909.45223831446
1406, 49883.0244138605
483, 49883.0244138605
52, 49877.24093814113
1375, 49753.14154852384
