710, 99527.5966153086
890, 99136.88145383305
259, 99119.9898287669
999, 98558.71870066502
113, 98122.22091994729
359, 97745.85536297911
743, 97540.90639835535
1037, 96837.78514744413
37, 96680.70259276526
47, 96250.62528181396
80, 95839.77149817177
260, 95574.61751305936
1001, 95498.18273909621
94, 95397.1637109589
310, 95068.97490330056
223, 94674.90768347358
1281, 94558.25584269938
1390, 94020.2363817623
338, 93981.03032937086
909, 93916.65001634856
335, 93793.66241953878
67, 93708.3991039091
577, 93599.04944534044
205, 93567.65640270707
1412, 93442.63318895544
1221, 92833.92545999993
1009, 92441.17825969284
742, 92243.53990009039
224, 92102.09965224766
711, 91913.85442856143
1223, 91509.56976639887
1062, 91344.30166112952
819, 91294.25319740619
1247, 91161.44898248438
1277, 90946.42488331
1371, 90442.9528545142
1026, 90355.31417105027
1282, 90321.85542185798
850, 88578.03412075205
552, 87782.71401225144
960, 87358.60189713135
290, 87310.4884998163
1376, 87148.68826851119
611, 87129.08340647376
563, 86313.31088199934
1316, 86221.70528580506
637, 86221.70528580506
809, 86068.3033400673
807, 86068.3033400673
90, 86037.16747334272
379, 85831.63801714085
719, 85298.50529483373
752, 84958.66192498262
1176, 84909.84288308138
1083, 84700.27848408665
1406, 84654.07873308228
483, 84654.07873308228
484, 84578.07559570289
485, 84329.75087101661
1051, 84088.1128869133
981, 83445.21725711561
623, 82980.96720849675
12, 82930.69270370284
1121, 82869.78156241162
73, 82576.03716122427
929, 82319.74858851786
16, 81764.89637986914
248, 81377.5360730133
824, 81374.76447562972
589, 81313.66925871221
1175, 80930.67318854792
526, 80853.45542238126
949, 80589.25305374574
89, 80399.11361490222
1417, 80356.22683573692
295, 80149.8461397871
289, 80070.2699803677
1010, 80029.63808960214
1235, 79233.14002369814
235, 79168.85407123096
857, 79115.68465360694
325, 79078.7909063593
720, 79028.92540687941
940, 78907.57723775132
832, 78907.57723775132
826, 78785.5621209256
288, 78587.22421132917
1031, 78455.19193941618
384, 78322.99286935038
1347, 78273.22600617087
334, 78206.70903128106
531, 77943.70822202366
13, 77939.7681307982
22, 77939.75280585917
877, 77794.99962361426
576, 77761.24652217916
14, 77761.21768874594
281, 77743.22979503706
185, 77697.14470466171
18, 77338.06695029278
560, 77336.1133472752
525, 77159.65108926462
876, 77127.84512438951
1343, 77091.80924891296
1119, 76913.45556842399
465, 75867.00298425261
140, 75722.99463711686
356, 75721.33501072665
1283, 75491.40571065467
307, 75409.306400095
1174, 75342.19926154189
150, 75342.19926154189
152, 75280.50420849166
537, 75058.6683961703
432, 74781.5118036877
275, 74583.84721885278
777, 74582.18724837678
165, 74380.87802946629
1222, 74234.44419705356
538, 74076.35940100571
1271, 74023.28648917146
1248, 74013.03112132162
814, 73790.33608582332
570, 73355.96013505233
921, 73005.82636459748
125, 72763.55913740357
343, 72598.31961045669
258, 72458.28983543345
808, 72456.67684625891
474, 71968.15738808516
1330, 71744.59521357164
186, 71644.58694518181
36, 71644.58694518181
1378, 71519.01952703319
226, 71356.56634226996
475, 71151.21053923198
800, 71034.09632815847
438, 70973.55175710052
891, 70909.22091566779
1273, 70579.2334829293
530, 70565.78395933338
1363, 70458.37640626983
790, 70424.48186752672
215, 70349.16031958073
597, 70324.54083197258
173, 70161.24905431604
381, 69722.60494544083
1032, 68570.99509999785
178, 68462.78705922782
598, 68278.63410179962
1052, 67765.01918823927
817, 67623.87689914841
977, 67492.58853920079
477, 67384.63680736908
1063, 67357.19005194004
266, 67255.21357796143
463, 67244.45033008957
605, 67238.75537111588
184, 67091.33132418724
183, 67091.33132418724
596, 67069.18050727746
1306, 67004.03752337543
748, 66922.80963014704
1112, 66784.0327522977
98, 66499.8457863422
1278, 66431.19419012233
456, 66422.88995295617
1418, 66381.36364397946
236, 66243.2188143639
934, 66147.52117340044
847, 65994.80775624368
1307, 65896.76419120806
1094, 65806.07074660726
395, 65734.09586044693
455, 65726.22251606833
1326, 65431.33125438113
536, 65285.80948239351
535, 65285.80948239351
131, 65185.842563899074
768, 65022.06156153874
331, 64995.44117302065
195, 64878.06338058123
793, 64858.732949528596
833, 64831.99543952181
1217, 64648.46745376713
1216, 64648.46745376713
1315, 64619.25471082437
365, 64619.25471082437
257, 64484.95631714351
29, 64339.621960577046
1384, 64324.734303985446
816, 63873.52206748671
836, 63868.0912161803
534, 63845.43226272524
527, 63819.75674062773
780, 63578.72053975226
825, 63406.71450825964
240, 63375.48465003799
557, 63344.29225325766
368, 63316.111740238775
786, 63049.67545449899
276, 63021.38421562735
640, 63001.924769077275
17, 62979.47429431574
10, 62979.47429431574
792, 62934.78573780132
429, 62829.45036497519
255, 62761.969338723764
1310, 62562.60468296527
56, 62547.28912511966
430, 62426.77777056298
306, 62339.62042513339
1137, 62162.820590837575
820, 62016.49395426498
642, 61916.57014739327
618, 61895.32337376027
1012, 61871.569301239746
1013, 61833.86227845432
1370, 60969.6722741207
1369, 60969.6722741207
581, 60813.91910992022
622, 60603.862701449805
621, 60603.862701449805
1111, 60593.263045376465
106, 60577.75824375402
713, 60490.146784223594
221, 60405.60956143541
1356, 60322.622611487066
771, 60132.54779862571
478, 60024.716978950164
345, 59981.29948032993
717, 59850.230944393625
278, 59798.25468474818
450, 59747.91171682169
449, 59747.91171682169
1135, 59506.24801723681
279, 59448.27506633334
978, 59207.93190435497
380, 59115.60981314168
584, 59044.285047791935
770, 59013.82001465145
313, 59008.18288791059
107, 58933.8904290039
1383, 58916.38301717097
466, 58865.546422659034
862, 58790.909739506744
299, 58747.85239926688
468, 58722.47350119323
469, 58689.7800039784
467, 58665.271221432384
354, 58654.15287980603
220, 58625.117452114726
30, 58400.32362003046
872, 58336.143601760836
231, 58113.5319793604
99, 58049.026974233166
1270, 57983.77003287873
1256, 57906.431090278566
153, 57691.43187961785
781, 57660.078064455156
867, 57618.13586896048
1224, 57482.97778286322
885, 57420.56534076964
476, 57380.5617484593
519, 57290.145715202314
1272, 57202.342643928685
1120, 56974.47386788962
190, 56901.44048354857
1169, 56549.272751969205
1200, 56359.35798524927
104, 56256.07669800495
237, 56252.81159067175
83, 56232.90789389632
105, 56230.33343237918
103, 56230.33343237918
252, 56009.06015089302
1274, 55919.33780331594
277, 55898.25439526998
528, 55809.73878965108
408, 55781.83281878879
930, 55740.88313055544
509, 55633.03990329798
488, 55598.40002227288
204, 55470.48744251961
433, 55463.93187896724
1201, 55440.82626123807
495, 55378.29257078416
1204, 55094.17701389892
81, 54992.0553121766
540, 54966.40244667934
1227, 54860.41322589424
78, 54854.371154080305
1342, 54721.06543090042
517, 54608.537381375754
846, 54607.2702773864
971, 54515.68778630359
1011, 54341.52935722635
641, 54100.54362188384
114, 54089.831100817224
947, 54053.349039484645
1040, 54038.35955863369
827, 53846.31146590055
1019, 53801.34632151299
445, 53801.34632151299
1290, 53794.825265119594
54, 53718.682403443454
858, 53503.35937559832
347, 53415.98074005699
244, 53375.599229157764
116, 53372.883464258266
689, 53222.762442490704
569, 53195.48051725962
1132, 53020.587368286295
253, 52969.43804593066
617, 52922.53860112911
367, 52843.98669830651
869, 52833.726274439265
38, 52743.25143620505
871, 52721.42533711134
655, 52514.08123190041
222, 52489.73924210266
322, 52309.15606357683
769, 52247.85913284058
927, 52148.36562807217
1133, 52064.989378593404
583, 51934.08319238049
349, 51814.82366204042
853, 51306.982411723424
1346, 51297.44043203155
361, 51163.67986943271
972, 51156.75654380233
967, 51156.75654380233
1155, 50980.75381508431
415, 50924.49628577167
969, 50841.85607087933
420, 50818.281026974866
1030, 50742.30846434852
1287, 50650.101395506
568, 50575.70693881528
776, 50529.23592608618
1225, 50483.1904604518
1066, 50228.90904359906
772, 50192.18363326071
48, 50179.74038063551
762, 50120.190955343016
1123, 50045.55365028853
565, 49949.62215256699
1415, 49787.6299065585
1189, 49770.85546066924
1191, 49560.289675609354
304, 49514.84217298369
1046, 49473.55632962908
870, 49397.92812331623
1183, 49307.31341383842
730, 49266.62708971911
332, 49227.44632103111
1078, 49173.54363906494
864, 49010.02026862649
970, 48779.743968545234
346, 48547.90276423486
802, 48536.33088136994
801, 48536.33088136994
783, 48493.9880634025
498, 48382.08716182705
492, 48309.17666372163
1017, 48269.021386794666
441, 48232.36702331959
579, 48150.531453207586
1184, 48078.03804469306
1122, 48018.51042322964
1304, 47973.13377260651
86, 47925.08843903148
601, 47887.22026510302
1407, 47885.86641019006
1408, 47881.53794892367
1409, 47870.742384992
1065, 47870.742384992
85, 47870.742384992
1008, 47844.213442624925
1016, 47839.264269714
761, 47745.723237640515
968, 47576.17892805689
110, 47498.514548397965
446, 47385.42533449733
1015, 47310.3620690962
494, 47274.00058354675
956, 47253.57648947822
360, 47238.5177848984
574, 47231.097430275135
1300, 47209.40915017622
122, 47208.4251725484
1410, 47161.493537476206
903, 47104.13297416195
647, 47102.05667772409
42, 46991.69127008654
1328, 46823.0716298651
1279, 46823.0716298651
897, 46760.799414679524
889, 46726.97757783784
187, 46593.008244942816
166, 46483.538973864925
993, 46482.66717502219
1034, 46434.5707759244
410, 46248.08099720082
1027, 46223.35488049665
904, 46126.949659019694
902, 46126.949659019694
901, 46126.949659019694
900, 46126.949659019694
756, 46069.50700690518
1079, 46048.82797528611
193, 46048.82797528611
1171, 46008.80612681596
267, 45948.093205781035
167, 45940.70652297859
417, 45940.46202438555
419, 45861.23878144461
51, 45852.86696669277
553, 45796.920117448746
72, 45739.86223173667
390, 45659.871490126374
434, 45638.81619427769
286, 45596.31127675657
26, 45580.9043980483
315, 45527.176709517706
168, 45436.998223886105
497, 45370.88657958759
1323, 45238.99726628064
212, 45230.14016360882
211, 45210.81436733054
582, 45110.96320279058
670, 44909.03955370888
757, 44800.88279386799
1113, 44762.92485498802
233, 44762.82550128595
442, 44688.28520325176
241, 44597.88197373487
983, 44553.23641069645
741, 44510.37073928687
856, 44510.08907173185
854, 44510.08907173185
1059, 44475.09495528092
1388, 44456.947026165886
454, 44442.664235394644
855, 44437.27067503681
555, 44375.30608573902
958, 44363.898914718455
554, 44293.6489062435
370, 44290.09103987616
709, 44260.50231820369
729, 44234.70488464911
1321, 44210.77884807752
728, 44207.03162502404
571, 44152.948620590076
486, 44050.29544749573
1018, 44013.87522372623
154, 44013.87522372623
437, 43991.46441076375
1232, 43960.05479830515
1088, 43947.283949132376
1400, 43934.12993517245
326, 43918.63176664499
155, 43874.727982616685
391, 43837.71011047286
409, 43824.319201165556
1405, 43810.58902692182
676, 43784.144605964786
311, 43744.58186381382
1102, 43723.7473529997
1106, 43723.74673698991
1105, 43723.74673698991
496, 43585.09991708283
922, 43568.314216835504
1056, 43446.28120930344
264, 43434.73268331657
667, 43409.28406988533
1329, 43342.65251769635
1301, 43297.80225384134
70, 43243.54524098023
109, 43120.38165248684
1368, 43095.09548540424
592, 43061.957891738464
149, 43060.92689034855
124, 43060.533505241256
861, 43010.97674601757
1395, 42994.642316835474
401, 42983.18975147957
151, 42943.91571049975
1101, 42906.33131762643
120, 42885.91542212492
1125, 42688.5934000328
665, 42651.65170928883
1350, 42626.80719086908
607, 42607.640219301626
892, 42590.96968525834
1411, 42587.41971549642
148, 42578.303925962966
213, 42534.67543644785
1110, 42526.651906163046
1108, 42526.651906163046
