1303, 99816.59014734806
588, 99674.01796104072
1124, 99284.5131379657
1305, 99265.9555692154
337, 98771.13978922252
1367, 98727.66184178917
314, 98637.04304157442
1249, 98383.82903164614
733, 97779.33737046155
520, 96853.66382670557
632, 96847.93809398104
482, 96135.7157062153
1150, 95690.37414302332
638, 95690.35934958192
225, 95690.35934958192
206, 95661.25645757871
174, 95519.67826404198
942, 95300.13971433179
938, 94929.30891463517
1185, 93833.40854718973
1322, 93372.94525767074
7, 93207.18236284668
1354, 92779.2574768136
1416, 92766.95472889872
1324, 92334.26014286616
980, 92293.76308420379
1284, 92050.98291249052
1360, 92014.30347031656
863, 91965.57575918197
566, 91768.90794641075
1000, 91704.76054735533
371, 91660.13126259432
328, 91358.37993172822
132, 91353.96191991995
0, 91203.05528663985
1214, 91085.028234908
458, 91022.03666329566
788, 90981.50037455543
668, 90969.24332787623
490, 90935.92822347776
787, 90643.46948378325
203, 90597.34977039143
386, 90345.715425352
1145, 90336.90478130576
287, 90335.76391812743
207, 90269.28945059734
1115, 90219.40663038121
1025, 89652.17574970968
1, 89306.8507505634
734, 88964.53613383751
1005, 88957.23661348992
247, 88386.11150137952
948, 88379.38318367254
119, 88267.78062048518
1177, 88233.43377999723
208, 88110.5905755502
1181, 87998.1806040604
1180, 87998.1806040604
1179, 87998.1806040604
1182, 87797.1733463277
1178, 87797.1733463277
234, 87785.11467338188
778, 87679.84274222821
753, 87211.45680941267
71, 86931.83428312853
874, 86323.03821694378
213, 86322.65350918437
148, 86143.51618903494
1411, 86106.22710126327
892, 86091.7186272596
31, 85989.11417476792
1350, 85945.66149221189
665, 85844.84070553124
342, 85776.82585821807
1125, 85695.58130348694
1087, 85276.42730588233
120, 84911.29805892757
1250, 84620.08645429046
726, 84372.77991642238
630, 84338.66270880256
732, 84338.40413847295
592, 84229.52656996186
657, 84156.27877915
1368, 84103.03098832032
109, 84006.89209347704
1163, 83712.87071479262
405, 83580.97983073606
70, 83543.33293944426
666, 83458.67988720715
763, 83417.86674108959
59, 83360.1080298664
1301, 83341.56962271457
1329, 83175.90001341094
667, 82931.61352591743
457, 82407.86259249851
731, 82366.59261277468
496, 82297.38829278889
1048, 82144.56990050874
493, 82064.46348841435
1319, 82042.1952995964
311, 81734.73363624729
1309, 81680.79248888195
676, 81596.97274469637
1405, 81505.28782008233
326, 81133.96113589364
1134, 81083.46872529876
744, 81079.86473379389
567, 81008.82531774444
875, 80835.71698991784
486, 80688.42566413383
679, 80472.55329122911
214, 80368.27210383778
728, 80167.78248416503
357, 80161.44192007644
1321, 80155.46213493783
729, 80076.93495051067
370, 79896.06586289243
591, 79719.99886052408
1091, 79668.58671807259
1090, 79668.58671807259
958, 79657.00099015648
1388, 79358.76703788323
741, 79189.10153447911
232, 79135.35400879841
1161, 79116.55166153648
402, 79066.97020869923
983, 79053.78301594261
138, 78961.3918243336
241, 78913.61162250093
1258, 78625.44334938077
245, 78554.4791930181
202, 78352.16856106462
757, 78285.93973723275
1333, 78085.29958469988
670, 77957.8618062378
188, 77901.51916752852
549, 77803.22063581577
1164, 77784.6431619421
200, 77784.6431619421
1089, 77727.65928440598
849, 77636.08616349981
1238, 77469.40708104163
293, 77434.44692463783
582, 77356.78544030621
844, 77273.1485893732
1231, 77177.28730144977
211, 77064.91921191126
212, 77008.83192956906
718, 76978.28564595147
936, 76629.87786160702
497, 76604.23233234463
628, 76596.16059555678
1165, 76403.43168353771
315, 76162.78474569092
1143, 76145.05726190998
286, 75970.08539597514
127, 75935.49300769252
453, 75902.10396949959
452, 75902.10396949959
1325, 75875.64355321974
989, 75702.75207549415
403, 75702.75207549415
851, 75665.60730537563
97, 75398.3707035097
51, 75268.40271024307
1099, 75212.08112029845
58, 74960.22175458632
1171, 74851.9520431657
199, 74826.01706261699
572, 74808.05376191225
1079, 74746.26293987717
193, 74746.26293987717
756, 74691.84266772604
182, 74608.57988590069
904, 74541.34264451943
902, 74541.34264451943
901, 74541.34264451943
900, 74541.34264451943
312, 74337.98168141063
837, 74321.72814575472
1294, 74244.25903404556
1358, 74224.5090224906
196, 74145.49316563754
50, 74139.90193138087
997, 73994.20070613312
873, 73994.20070613312
1034, 73751.77442779453
631, 73662.97411542268
166, 73628.57962190828
888, 73607.23316669413
680, 73330.57484584171
928, 73297.19180033621
1357, 73256.21824965834
889, 73025.9558687769
147, 73025.30500500702
789, 72962.6556122886
897, 72943.50192513567
639, 72844.75808427844
1328, 72792.48499334561
1279, 72792.48499334561
614, 72606.05617533404
1260, 72552.29502407202
1259, 72347.06873542523
651, 72204.32403412217
126, 72173.11376577601
1069, 71916.05474645653
360, 71810.66008487457
956, 71775.88852588242
994, 71733.79495853579
494, 71728.81702923264
446, 71473.8082549992
1038, 71295.21965557538
110, 71218.04782008016
590, 71135.34870310927
541, 70984.83942320099
573, 70960.81449699886
1377, 70868.02536703646
946, 70800.83799193722
181, 70785.61282693
761, 70669.42878292987
1008, 70454.75892936012
1366, 70403.20822629204
1304, 70177.04395079055
1122, 70080.16802440626
1184, 69953.76155073768
579, 69800.85625720424
492, 69470.140284557
935, 69432.25571674282
1331, 69421.64703106305
498, 69319.91879948482
1073, 69315.71083612568
1142, 69231.77211211399
300, 69140.99720200938
1402, 69090.66498936508
448, 68948.37064308581
602, 68561.84163968713
393, 68306.75012092023
864, 68070.3506901855
648, 68062.18488152091
931, 68055.9930861341
9, 67827.64884880322
49, 67803.81451743239
1078, 67757.39838711212
652, 67662.54467775003
332, 67655.32083635665
730, 67581.45522248099
118, 67577.32378129866
375, 67507.54866034754
1183, 67505.04559925722
870, 67335.93852291505
1046, 67195.9179838391
926, 67164.04219887208
1335, 66991.87361444226
1033, 66949.84935727401
1053, 66923.00058855736
585, 66915.53098815534
649, 66836.56548008951
1415, 66625.07401904049
1045, 66558.34375193888
489, 66370.03693219871
1226, 66339.93400658239
1153, 66285.99666606844
1123, 66168.72737656912
894, 66076.26460897706
1327, 66053.00134654497
797, 66042.04038293418
57, 66037.96132309163
48, 65935.60260467113
677, 65797.83896786947
616, 65790.53622624995
715, 65789.83751774336
1244, 65778.53918359402
998, 65651.1243267823
1225, 65418.90635259681
385, 65328.11063966545
568, 65264.19982645656
1030, 64988.852617894954
1254, 64899.52079445248
197, 64849.52114666291
907, 64844.44397651298
1014, 64707.46257921679
1095, 64575.547285000444
1205, 64433.74533199098
75, 64342.49436195316
671, 64305.039924907825
1207, 64137.42177110976
737, 64128.700088125755
723, 64051.9920107143
779, 63958.128536687786
1289, 63920.63948629524
82, 63920.63948629524
1353, 63825.49768177006
561, 63781.94884693474
979, 63707.58624194493
472, 63541.686829735874
543, 63512.065008329955
101, 63510.01390969201
714, 63431.118717122714
1257, 63391.25109512181
100, 63373.55052881785
988, 63334.01772498977
610, 63317.74491123488
349, 63310.460048094086
1131, 63245.3328142984
319, 63211.83828671957
447, 63152.05461675363
884, 63104.98950627388
736, 63098.38265650991
317, 63062.903441067465
1047, 63000.3767169848
1133, 62940.94112327754
925, 62938.275714459254
716, 62863.33952244592
927, 62819.52293852038
376, 62813.65044160265
859, 62765.07648538683
323, 62706.74732716179
769, 62675.74915699114
322, 62587.76964977599
1206, 62586.983880018975
1239, 62402.91449228826
1209, 62396.688908187636
79, 62339.96068114058
603, 62306.46044067244
655, 62296.900453991635
1208, 62282.88257839481
355, 62106.337454437366
95, 62072.46074432433
871, 62007.60595107093
38, 61977.441134680244
869, 61852.97708607261
843, 61814.212356943586
617, 61731.69681473548
60, 61704.01469383563
1261, 61680.11162762389
253, 61668.00702788485
1132, 61598.82356194283
341, 61573.71273596133
171, 61453.13001613122
569, 61364.43162901781
689, 61328.167306482785
1359, 61290.45223286128
392, 61277.813941002125
1355, 61277.050132635435
1212, 61232.94093243798
244, 61126.480680226225
329, 60937.89867725567
650, 60924.680237756125
243, 60876.904257988295
54, 60682.6419704644
1019, 60577.50067536147
445, 60577.50067536147
394, 60530.16141315371
406, 60523.90520873114
615, 60512.303344389715
294, 60382.8653358768
1276, 60354.615164842675
947, 60261.172118518836
810, 60245.86892009336
114, 60215.89384602851
641, 60202.622927434444
324, 60183.88937959569
407, 60171.96421989251
1068, 60084.30807255633
1252, 60057.28740703224
1011, 59906.991382690874
678, 59864.129926120666
52, 59473.43493029289
1375, 59297.073748862924
78, 59295.849399026854
1227, 59288.79089842791
81, 59135.80238737566
1104, 59134.65497151689
629, 59088.254490151856
974, 58986.933518814076
87, 58797.76124922959
499, 58700.937526288064
1291, 58625.4570087868
462, 58599.70927028956
76, 58447.1115989535
408, 58248.95143849906
1114, 58232.666749638
528, 58218.55351696894
945, 57803.319107886906
105, 57767.80905931279
103, 57767.80905931279
83, 57765.09214106664
237, 57744.10409113796
104, 57740.663974177165
848, 57729.664983893126
1213, 57582.216908851035
1332, 57563.49367930602
944, 57535.02858802233
1292, 57290.49727099376
1293, 57275.760831764164
1349, 57275.23695610483
803, 57244.34559127921
735, 57137.25213806086
436, 57127.194380493405
190, 57076.23436837595
1072, 57016.5558092679
1120, 57002.94003312681
121, 56986.41196052584
937, 56954.376177768965
906, 56940.59005146124
262, 56909.007260369326
1194, 56908.95659223806
1272, 56776.65400904514
943, 56736.40820612595
519, 56690.41665771126
115, 56622.09621169383
476, 56602.160831050016
8, 56544.080167495384
439, 56381.87254823015
1071, 56270.94097413834
1070, 56270.940576593144
263, 56223.69358032766
1107, 56120.70494043725
1256, 56099.61101498153
822, 56063.12725208924
1270, 56027.21346744313
838, 56015.49274607136
916, 55978.09902945171
99, 55966.420705248456
924, 55858.3293430825
982, 55856.87448179718
1295, 55755.83834073784
872, 55702.103876352616
201, 55618.81451833716
1339, 55498.359388987315
467, 55405.30076751388
469, 55383.457904674884
468, 55354.375749832405
823, 55330.64541576187
862, 55293.70222366483
1420, 55245.80083770382
466, 55227.8432855491
542, 55186.6673985697
539, 55186.6673985697
1383, 55183.170408269245
261, 55127.85844475562
313, 55102.87796342517
770, 55097.96321086823
721, 55074.997238003976
627, 55043.282966880266
760, 54842.82194584057
722, 54831.6056536598
301, 54780.97105980668
1135, 54675.53295558839
893, 54601.52692615825
1215, 54555.02360450581
959, 54548.780930306086
35, 54527.67514063152
941, 54523.94835169057
1233, 54469.77628533466
717, 54388.317939398046
345, 54280.530920208104
378, 54160.98060372218
1220, 54042.95039084075
1356, 54004.002564123846
713, 53870.43866466039
952, 53792.22347630578
1055, 53646.43672572411
767, 53623.71680345943
1370, 53495.739344730675
1369, 53495.739344730675
578, 53458.76976018933
950, 53301.827972992796
292, 53221.66873971924
738, 53220.31781660571
911, 53045.782890205184
996, 52849.308031681045
642, 52787.41530491784
336, 52775.34862913282
820, 52715.001812437964
377, 52679.259548673894
440, 52620.044452906666
265, 52604.930473237735
296, 52590.915771757565
559, 52571.7981464555
66, 52543.552766343106
1154, 52531.45561748747
306, 52483.76319363056
430, 52422.145040542746
1275, 52391.91952224626
755, 52330.16045192231
255, 52188.09332859662
429, 52141.526460783614
792, 52069.2020537495
17, 52038.65189318385
10, 52038.65189318385
640, 52023.334075375504
276, 52010.07313339571
786, 51990.8202710276
1151, 51877.18595168853
368, 51811.03866874743
240, 51771.35017714263
825, 51750.528402166194
1021, 51643.67664014659
624, 51628.33807211691
