998, 99888.03214561241
1244, 99817.37879678734
715, 99791.37297777837
616, 99789.76547108253
677, 99772.96931978439
57, 99225.87132204292
797, 99216.66353054708
1327, 99191.93509287843
385, 99142.18368681664
894, 99139.52007295437
1153, 98671.1012594241
1226, 98551.82682729741
489, 98485.46803961099
1254, 98158.4300010626
1045, 98073.73440247265
197, 98044.0980169391
907, 98032.49332335117
1014, 97719.75086115985
649, 97475.84051439434
1095, 97419.21268158393
585, 97308.36799326286
1053, 97292.57643711557
1033, 97235.88654283003
1335, 97147.37783953515
1205, 97096.84575572642
75, 96889.77950979228
671, 96804.87406130237
926, 96787.59062972275
1207, 96425.51215299667
737, 96405.80011716764
723, 96232.54695737304
375, 96083.04007463649
779, 96020.82998652445
118, 95942.04531241267
1289, 95936.35730883155
82, 95936.35730883155
652, 95770.7920575394
1353, 95722.20046331632
561, 95624.28181607462
49, 95489.19099354575
979, 95457.23327446611
9, 95441.95906900828
472, 95085.25551242151
543, 95018.93923470892
101, 95014.34844417764
931, 94993.47189936237
648, 94981.41108279092
714, 94837.87596984461
1257, 94748.78286454969
100, 94709.24476305129
988, 94620.97898591029
610, 94584.66212274913
393, 94509.19810780526
1131, 94423.16808707296
319, 94348.52997258713
447, 94215.40677763078
884, 94110.69180286044
736, 94095.99839190254
602, 94025.1727218542
317, 94017.11966097356
1047, 93878.21387785036
925, 93740.38754941808
716, 93574.25205050722
376, 93464.19670959112
859, 93356.69332943115
448, 93307.81174343267
323, 93227.7069550138
1402, 93048.4705482953
1206, 92963.2334237703
300, 92957.33581683059
1142, 92793.75696071418
1073, 92643.38792299725
1239, 92557.70949050186
1209, 92544.014093753
1331, 92454.82262419844
935, 92436.0131710394
79, 92419.28089488922
603, 92345.6724820425
1208, 92293.88889435375
355, 91906.74586928256
95, 91832.57890273105
843, 91268.46365760693
60, 91028.43205464046
1261, 90976.42036665636
1366, 90769.437214009
341, 90745.1346538753
171, 90483.47404813115
181, 90141.59495634362
1359, 90131.2362103164
946, 90116.91694398875
392, 90103.9079965369
1355, 90102.2565573231
1377, 90008.30243566175
1212, 90006.92036895204
573, 89859.066760851
541, 89820.570763067
590, 89580.74122496319
329, 89370.88162591022
650, 89342.45316355453
1038, 89328.4928688732
243, 89239.75090206934
994, 88649.40529019802
394, 88496.61520034753
406, 88483.24309317209
615, 88458.44847035162
1069, 88372.62524101484
294, 88182.12086209103
1276, 88121.88415912612
126, 87987.52798646329
651, 87941.18625143734
810, 87890.25086177654
324, 87758.40386286791
407, 87733.05014175449
1259, 87730.36319907561
1068, 87546.82823434315
1252, 87489.47399997008
1260, 87430.46516890769
614, 87352.52115067751
678, 87080.16227952494
639, 87009.49531338524
789, 86841.88464772869
147, 86753.30007441244
1357, 86429.64701794795
928, 86372.68164928573
680, 86326.37179432601
52, 86255.91735843343
888, 85946.08805444285
1375, 85885.4455318092
631, 85870.21749427897
1104, 85545.13468234056
629, 85448.06651893866
997, 85424.45549356785
873, 85424.45549356785
974, 85236.34284965592
50, 85231.08342558943
196, 85223.69538464339
1358, 85119.54237976742
1294, 85093.58366195498
837, 84992.04650471007
312, 84970.80089095821
87, 84841.90725938772
499, 84640.45860055691
182, 84619.99403411239
1291, 84483.61958399708
462, 84430.15976174605
572, 84364.85116674496
199, 84342.01671013307
58, 84172.1545535939
76, 84113.74700667468
1099, 83856.83815038046
1114, 83670.31780951013
97, 83626.47062591523
851, 83300.16460667251
989, 83255.1923508027
403, 83255.1923508027
1325, 83047.08125659217
453, 83015.4057522445
452, 83015.4057522445
127, 82975.50198846144
945, 82786.78624679333
1143, 82726.71575598985
848, 82635.78711623441
1165, 82423.88929504009
1213, 82334.00112376123
1332, 82295.72730951024
944, 82237.55978172027
628, 82200.76033493453
936, 82161.96371738231
718, 81765.17377423415
1292, 81738.88376749604
1293, 81708.88957945417
1349, 81707.8234169395
803, 81644.96974115526
1231, 81541.84337918178
844, 81435.10580419617
735, 81427.29380985048
436, 81406.86843820702
293, 81256.729123846
1238, 81218.26799787446
1072, 81182.38436448561
121, 81121.28692027136
937, 81056.38478447933
849, 81035.87075779546
906, 81028.46461630035
262, 80964.52354492788
1194, 80964.42098865408
1089, 80936.34175179536
1164, 80874.64837797411
200, 80874.64837797411
549, 80854.5753806435
188, 80748.68814630207
943, 80615.61668486558
1333, 80552.17266950429
115, 80385.02780111588
202, 80270.13375573319
8, 80227.8789119975
245, 80058.90144730102
1258, 79985.32735103554
439, 79901.72239349027
1071, 79679.11880241866
1070, 79679.11800532896
138, 79640.62854649933
263, 79584.41947767677
402, 79533.51362650358
1161, 79483.40835127071
232, 79464.44026656103
1107, 79378.22536066304
822, 79263.08538151633
838, 79167.90305823715
916, 79093.23054266148
1091, 78933.92771734494
1090, 78933.92771734494
591, 78883.52414436426
924, 78854.33628038673
982, 78851.43698671853
1295, 78650.24094172928
357, 78456.00615912939
201, 78377.85953619538
214, 78258.88935804799
679, 78160.26294304772
1339, 78138.86722158025
875, 77820.69049437907
823, 77806.81368646093
567, 77660.92610752978
1420, 77639.14288221653
744, 77595.74908332751
1134, 77592.44846117492
542, 77522.40611249891
539, 77522.40611249891
261, 77406.4102938305
721, 77302.23123620961
627, 77239.76736325202
1309, 77053.22619866172
760, 76845.61343901986
722, 76823.59369541875
1319, 76734.35522652903
301, 76724.23318443446
493, 76714.88540472563
1048, 76645.01442438352
731, 76452.72989168855
457, 76417.20778882474
893, 76372.70070621178
1215, 76281.75059412376
959, 76269.54601843258
35, 76228.2919366538
941, 76221.00875067952
1233, 76115.18612859056
59, 75616.2159578901
763, 75568.7527223472
666, 75535.2899715907
378, 75513.56181784727
405, 75435.3884003183
1163, 75328.27390823695
1220, 75284.31828187387
657, 74972.81723235267
732, 74828.86066501509
630, 74828.65711849413
726, 74801.82070160998
952, 74798.64894458494
1250, 74608.50804074753
1055, 74517.06546161094
767, 74473.23611291833
578, 74155.46672273426
1087, 74105.62555833624
950, 73853.82342038157
342, 73731.83930805512
292, 73700.02086252907
738, 73697.43035632207
31, 73575.70363532496
911, 73363.17031994212
874, 73332.98045329636
996, 72987.89866109134
336, 72846.90974506117
377, 72663.95930618352
440, 72551.34175748125
265, 72522.61278701431
296, 72495.97893219872
559, 72459.65602785232
66, 72406.00895443327
1154, 72383.03924088439
234, 72309.87724576771
1182, 72301.69741687157
1178, 72301.69741687157
1181, 72165.94788974445
1180, 72165.94788974445
1179, 72165.94788974445
1275, 72118.38088964985
1177, 72008.4971560775
755, 72001.41173456552
948, 71911.5799790635
247, 71907.12606063676
1005, 71533.49127853118
1151, 71146.65841318885
1021, 70708.19345675912
207, 70707.06851517443
624, 70679.44315686284
287, 70666.3370029795
386, 70660.2485168558
1050, 70544.79290941867
203, 70507.08519266715
787, 70479.17722748723
788, 70276.15872704134
1156, 70259.39520793725
1214, 70214.5145499758
1049, 70145.60720377268
664, 70072.19849478296
132, 70055.5353992756
328, 70052.93751438863
344, 70013.55471664126
371, 69876.54582911637
1000, 69850.63094132922
566, 69813.46021013666
863, 69700.06758933811
1064, 69656.33949616729
431, 69634.02025938306
1098, 69598.91366057457
1022, 69527.44444954458
1054, 69248.66339799982
1416, 69246.69879900229
1354, 69239.84528829606
175, 69201.04935605006
839, 68983.46658694421
280, 68932.19281627587
1322, 68912.84927674347
1024, 68559.50594543706
1023, 68559.50594543706
1237, 68559.50280855867
522, 68387.03849420443
340, 68285.97293321225
938, 68088.9641971213
547, 67922.28728244461
548, 67905.15749388847
1129, 67753.4142946765
206, 67717.32622069064
638, 67702.75023295052
225, 67702.75023295052
1127, 67699.12158888477
482, 67481.5700588186
806, 67271.04431027593
1372, 67220.35041417985
966, 67105.18544693736
707, 67091.38426331643
880, 66979.877124217
887, 66826.95167523404
733, 66694.62212736491
896, 66526.32652493691
990, 66504.22519920945
746, 66358.09669614729
327, 66294.72918255455
669, 66236.28830585844
747, 66155.33983348783
1124, 66012.01250333118
1097, 65903.87278254727
198, 65829.73394209037
758, 65778.66787182062
995, 65774.34745007429
1303, 65620.2556870083
588, 65558.60786252074
587, 65397.694186801484
1305, 65381.8287033304
883, 65259.022334688
337, 65166.79991557253
1367, 65147.870956229795
599, 65141.90728581836
314, 65108.40008953548
1249, 64997.9767627531
1096, 64875.445728956314
766, 64839.560544508866
282, 64737.13640925982
1340, 64480.64162116292
1116, 64469.306914388326
520, 64326.56530489297
632, 64324.03956681434
1374, 64079.9658107748
1198, 64064.39740172769
1195, 64058.126081147115
1150, 63811.34633997472
174, 63735.39411231658
586, 63690.05541136734
1387, 63655.79401372671
942, 63637.57612833344
1386, 63573.3608427535
1197, 63382.882344829624
1196, 63318.917414337484
511, 63258.54525367778
1298, 63189.54474385462
1311, 63052.12017373001
1185, 62980.195166693054
658, 62767.31353395779
1380, 62697.58968782478
7, 62697.4609913987
821, 62695.73738023969
1130, 62515.89965083303
1146, 62480.00798131219
96, 62316.06493523483
1324, 62301.26496646151
980, 62282.82528462622
660, 62268.85959471381
1093, 62236.44688179523
510, 62236.44688179523
774, 62204.43200934481
773, 62204.43200934481
1284, 62172.1688296801
1360, 62155.43427839017
316, 62024.01500880095
0, 61784.202150146186
458, 61701.07603158902
668, 61676.81257731473
490, 61661.49651677349
910, 61504.09045963822
1351, 61431.65815340516
1145, 61385.48774804161
1115, 61331.21108850734
32, 61235.73054905371
1158, 61181.367975831155
1025, 61068.54850936028
1128, 60989.81014093435
784, 60914.178912059724
1, 60908.12233775419
383, 60750.775347781826
734, 60748.704841235114
1007, 60740.50517350887
119, 60423.01761732117
208, 60349.31727736494
951, 60216.860697679294
778, 60146.93100059233
117, 59949.87654504733
753, 59926.15066248378
1242, 59867.8388078987
1241, 59867.8388078987
351, 59800.881372399796
71, 59793.9925870467
881, 59565.86552530168
213, 59505.154338897184
148, 59419.976668239
1411, 59402.23232837801
892, 59395.32705555234
1350, 59325.77129356637
665, 59277.71538699592
1125, 59206.50719357271
953, 59062.06795650909
297, 59062.06795650909
120, 58831.0803753821
1297, 58828.15896550405
1211, 58816.72487536867
91, 58793.13855249901
163, 58650.28058964832
1269, 58531.7839638382
1251, 58522.118373107376
592, 58502.989705543914
1368, 58441.93740767376
92, 58430.87254448408
109, 58395.49908346588
933, 58388.42486780605
917, 58259.19358082229
70, 58171.12881256996
626, 58161.14941236848
1301, 58073.235674301315
1118, 58071.94858939052
595, 58071.94858939052
34, 58030.69847875859
1296, 58030.283905452074
1329, 57992.74726011809
1392, 57894.59413624802
339, 57875.93693104744
667, 57873.88659592875
1268, 57827.11699746722
496, 57564.30632706049
311, 57288.45846357411
676, 57220.74642308045
1405, 57175.64370847169
1352, 57099.76301570204
524, 57079.41530228834
326, 56992.66619080106
913, 56951.51191248358
486, 56772.46225880801
443, 56721.1970130484
728, 56514.22164104586
1321, 56508.098722655894
33, 56506.21459575857
284, 56504.54673338662
729, 56469.05954037278
895, 56461.82514797049
370, 56379.05594353108
688, 56353.21443152446
686, 56261.7120147255
958, 56259.9089070151
1388, 56110.97791477468
1336, 56096.22264920365
741, 56026.10453676159
983, 55958.336581035626
1230, 55954.991155838
882, 55925.623878029284
241, 55888.06678440493
389, 55839.429879367686
687, 55837.29567686052
973, 55624.63976135502
804, 55589.816700464566
757, 55572.51103682444
387, 55568.894767335405
