1041, 99594.00592881787
1203, 99151.44564746304
1042, 99144.45076292595
1167, 98556.40279486775
551, 98070.17272638144
1202, 97666.19575560954
1320, 97389.0464680487
1243, 97380.69159643524
303, 96800.91131131757
1229, 96477.71174726197
1361, 95310.42255250974
130, 94658.3727091967
373, 93755.39651679268
532, 93743.59702876706
1365, 93741.98524950526
764, 93268.8924812858
1345, 92514.91350556126
128, 91918.81181384438
991, 91185.72470021261
523, 91088.91922539807
143, 90111.51424814304
111, 90100.24128830046
230, 89352.59981308195
229, 89312.39450767757
708, 88809.64691788697
404, 88386.88062738195
1210, 87949.46003442176
841, 87890.65892163328
957, 87791.76881970641
675, 87201.94737552058
298, 86993.11702496948
372, 86945.49317551406
724, 86783.75409625989
507, 86611.2031328645
842, 86311.45022663713
144, 86278.91944320906
508, 86180.79325601966
529, 85815.60267562687
818, 85213.69451867476
681, 84824.95581815665
1006, 84595.90661233354
1341, 84526.56985172105
683, 84209.88084196362
533, 84070.57203431951
725, 83889.13883504414
682, 83726.09158585651
1186, 83520.22728469908
635, 83406.02755706268
634, 83406.02755706268
976, 83403.8382962598
506, 83366.00693992483
975, 83344.35011972209
685, 83308.6853331638
1092, 83198.64354532969
1266, 82974.5868613572
84, 82801.07013609335
321, 82790.07121573648
684, 82432.34996414633
333, 82389.561267505
1391, 81950.47465080116
25, 81732.69951763022
24, 81244.90494191018
308, 80988.77437042554
23, 80900.3871294046
77, 80688.49147367921
879, 80683.36911223445
878, 80683.36911223445
1393, 80606.6207107959
505, 80562.00133339711
400, 80365.94108678437
646, 80087.73306216413
1219, 79679.90464277686
1218, 79644.93864714661
1338, 79567.2743688374
1337, 79567.2743688374
914, 79508.7982571968
1139, 79324.69344632073
954, 79246.50128644476
1140, 79171.58673617551
521, 78997.82820414148
1141, 78867.54157624127
1138, 78867.54157624127
962, 78757.95956265068
964, 78714.72628470809
963, 78714.72628470809
1267, 78706.49386785943
965, 78700.33577133811
283, 78590.92995025881
1126, 78495.43549529485
1265, 78431.23708557728
912, 78372.98191076613
608, 77823.54727192555
129, 77741.30696625348
550, 77698.86530094282
918, 77540.07501283214
805, 77531.72703642788
625, 77446.11804486369
388, 77385.45032589999
162, 77299.3137776096
1394, 76914.79145818554
1364, 76828.0328717677
785, 76713.18160587698
387, 76705.23948723133
804, 76665.41049624779
973, 76599.27591340055
687, 76199.640956628
389, 76195.66672227973
882, 76035.75755326348
1230, 75981.53999043774
1336, 75722.66322517603
1385, 75706.63168012474
686, 75423.19253685372
318, 75350.4253922338
688, 75259.37272092287
895, 75066.52877910258
284, 74991.14717343342
33, 74988.20963482735
443, 74612.91845953764
913, 74218.10199054366
524, 74002.00406101202
1352, 73967.8306638749
1268, 72781.93507405397
339, 72704.74633075522
1392, 72675.32513723458
1296, 72462.63102068329
34, 72461.9846030941
1118, 72397.76962596425
595, 72397.76962596425
626, 72259.60710005865
917, 72108.83936204466
933, 71911.8397612726
92, 71847.55660439312
1251, 71710.07556940673
1269, 71695.5681858394
163, 71518.57550988514
593, 71492.73113295571
91, 71307.29446868629
1211, 71272.6296049055
1297, 71255.84702182889
953, 70915.66161825504
297, 70915.66161825504
881, 70202.73285063892
351, 69879.06971334651
1242, 69787.86344999273
1241, 69787.86344999273
117, 69676.71603281234
951, 69319.50717469376
1007, 68638.32673224084
383, 68625.21687368315
784, 68417.89518142695
1128, 68322.73386828882
1158, 68083.93441092726
32, 68016.7395014735
1351, 67776.638306966
910, 67688.68904442702
316, 67069.93163273911
774, 66860.23473091013
773, 66860.23473091013
1093, 66823.28754281864
510, 66823.28754281864
660, 66785.96143549086
96, 66731.74413875872
1146, 66544.76280219105
1130, 66504.09746442904
821, 66301.78346971044
1380, 66299.71208341597
658, 66221.92448034331
1311, 65907.83332531167
1298, 65758.34496614471
511, 65683.78650636102
1196, 65618.82282108626
1197, 65550.26778375845
672, 65469.66248367067
1386, 65347.7775444527
1387, 65260.90694423272
586, 65224.93513597702
1195, 64843.373578956234
1198, 64836.94882948668
1374, 64821.01047128867
1116, 64427.42275245277
1340, 64416.10674643527
282, 64162.14456201198
766, 64061.847758805525
1096, 64026.856754466935
599, 63769.42127917748
883, 63657.58716046754
587, 63526.18929975841
995, 63174.77513790141
758, 63170.789989174446
198, 63123.764376472915
1097, 63055.74536640961
747, 62827.24970403721
669, 62754.414708684555
327, 62702.046498282674
746, 62645.46621646239
990, 62515.78677740623
896, 62496.26949529516
887, 62233.26884387813
880, 62101.22852285663
707, 62005.68016182111
966, 61993.89667252765
1372, 61895.93085450273
806, 61853.01184613855
1127, 61495.47976274336
1129, 61450.74989149405
548, 61326.45584026898
547, 61312.49107090957
340, 61019.13346025287
522, 60938.65923153644
1237, 60802.36697855562
1024, 60802.36451136163
1023, 60802.36451136163
280, 60512.21766264858
839, 60472.76003160915
175, 60306.53708130929
1054, 60270.42274785376
1022, 60060.822831366575
1098, 60007.59267494783
431, 59981.51982554637
1064, 59964.96928039771
344, 59702.74127776838
27, 59683.14419080255
664, 59660.16450014163
1049, 59607.05362403446
1156, 59525.13368346489
1050, 59321.8063116185
624, 59226.924575604135
1021, 59206.75160134044
1151, 58902.790684757936
755, 58329.507166132236
1275, 58252.96676593414
1154, 58081.42962538479
66, 58066.64847578101
559, 58032.19199708525
296, 58008.91461716042
265, 57991.87308873828
440, 57973.516247549596
377, 57901.80895292558
336, 57786.16597220745
996, 57697.755079776514
911, 57465.38401661791
738, 57261.94864974056
292, 57260.38483584892
28, 57237.76155216963
950, 57167.88746890724
578, 56988.44860589165
767, 56802.188192360605
1055, 56776.71728637788
952, 56614.32914029326
1220, 56339.23602054093
378, 56211.53216845768
1233, 55882.73190259978
941, 55825.82757298158
35, 55821.921229134685
959, 55799.81894566328
1215, 55793.28815715875
893, 55744.73357285533
301, 55558.930679188205
722, 55506.94450704454
760, 55495.45494977043
627, 55291.692984897985
721, 55259.72873198358
261, 55206.614448040316
542, 55147.76299658379
539, 55147.76299658379
491, 55089.18450535567
1420, 55088.839132805544
823, 55004.733947170156
1339, 54839.98571315614
201, 54722.87687310828
1295, 54590.877158054784
982, 54494.36513050507
924, 54492.980451289266
916, 54379.47508436661
838, 54344.23306374357
822, 54299.47355936532
1107, 54245.57046619466
263, 54149.69507955345
1070, 54105.941697217604
1071, 54105.941329674686
439, 54003.77669355557
8, 53855.79731345136
115, 53785.213325187375
943, 53682.47335560653
487, 53625.062693352564
1194, 53528.90937818181
262, 53528.86455014906
906, 53500.95215676772
937, 53488.78700725059
121, 53460.56205623345
1072, 53434.06008952656
436, 53337.25203444264
735, 53328.48750063691
803, 53235.53269484055
1349, 53208.84426418895
1293, 53208.39214345879
1292, 53195.68067849812
944, 52986.57694062331
1332, 52962.457507542305
1213, 52946.61763852013
848, 52822.56403376219
945, 52761.049440288734
1114, 52408.35099399598
76, 52235.86447073707
462, 52114.57659455404
1291, 52094.22932126612
499, 52034.77452642478
87, 51958.92902663468
974, 51812.093145833656
629, 51734.172774963095
1104, 51698.655795970335
1375, 51575.151895174706
52, 51442.47079902906
678, 51153.70413306527
1252, 51013.50626574902
1068, 50994.026947710416
407, 50931.05760942275
324, 50922.517128591375
810, 50878.229473954794
1276, 50800.92935571714
294, 50780.93215504423
615, 50689.74677534463
406, 50681.60858827561
394, 50677.22252036784
243, 50436.70725443625
650, 50403.95997932176
329, 50394.91618160148
1212, 50194.90329614253
1355, 50165.30209948858
392, 50164.79019878131
1359, 50156.32344392401
171, 50047.905040000216
341, 49968.21107571771
1261, 49898.35942395968
60, 49882.726813913345
843, 49810.93985671636
95, 49644.50425498636
320, 49634.770670069425
355, 49622.85618005376
1208, 49510.7235174579
603, 49495.834344859446
79, 49474.71403612329
1209, 49439.04228051326
1239, 49435.13459633585
1206, 49320.22575439193
323, 49246.10787950334
859, 49210.19250918825
376, 49180.37452521516
716, 49149.9569595099
925, 49104.24587571015
1047, 49066.510832993845
317, 49028.65056503408
736, 49007.22699282959
884, 49003.242276128585
447, 48974.89924680761
319, 48939.00495800165
1131, 48918.94734756457
610, 48875.71314894332
988, 48866.02144220726
100, 48842.51334251398
1257, 48832.0045611872
714, 48808.37326608536
101, 48761.76320242385
543, 48760.55417503629
472, 48743.10886692809
979, 48645.93382722979
561, 48602.66528237048
1353, 48577.40844471405
1289, 48522.44005213095
82, 48522.44005213095
779, 48500.85964421568
723, 48447.022159693115
737, 48403.229890387585
1207, 48398.26236066571
671, 48303.25206201636
75, 48282.14035968989
1205, 48230.88515560814
1095, 48151.73752178326
1014, 48078.651062592704
907, 48003.30546717354
197, 48000.52345330378
1254, 47973.16679519453
385, 47741.64278529261
998, 47570.596120013244
1244, 47503.92131832704
715, 47498.0304890098
616, 47497.66630433638
677, 47493.86072635913
57, 47369.53417271436
797, 47367.43559564077
1327, 47361.79865115351
894, 47349.84558468816
1153, 47242.730385715426
1226, 47215.370700487416
489, 47200.13409414063
1045, 47105.35664587441
649, 46966.988086428544
585, 46928.07265861084
1053, 46924.39961167174
1033, 46911.208703035445
1335, 46890.598099352326
926, 46806.61575908498
375, 46641.22056143397
118, 46607.97165381295
652, 46567.51964508014
49, 46500.84036437545
9, 46489.636727174366
931, 46382.96934971244
648, 46380.09370979248
393, 46267.21029037799
602, 46150.90393472008
448, 45977.403623079845
1402, 45914.346070529646
300, 45892.14480303017
1142, 45852.240139457586
1073, 45815.495145848465
1331, 45769.33100851181
935, 45764.72090393827
1366, 45352.45644450058
181, 45195.174617353696
946, 45188.97016967414
1377, 45161.64259322759
573, 45124.04103057571
541, 45114.331452065344
590, 45053.74749227593
1038, 44989.852154121734
994, 44816.94349060579
1069, 44746.09370159179
126, 44647.15175833712
651, 44635.216543020004
1259, 44580.84123184577
1260, 44503.26993027378
614, 44483.06621702076
639, 44393.94047668947
789, 44350.26620337089
147, 44327.1504049956
1187, 44290.184631359974
1357, 44242.497781840546
928, 44227.56624710345
680, 44215.42060914716
888, 44115.44304307495
631, 44095.44493146603
997, 43977.60200053838
873, 43977.60200053838
50, 43926.29582531533
196, 43924.33336590049
1358, 43896.6500110613
1294, 43889.74520347115
837, 43862.71754053037
312, 43857.05832392424
182, 43763.415160733115
572, 43695.07239253921
199, 43688.94622050938
1253, 43683.68459266707
58, 43643.32429604104
1099, 43558.40050289114
97, 43496.16160962504
851, 43407.72066498905
989, 43395.50550335098
403, 43395.50550335098
1325, 43338.89693965874
453, 43330.26894816401
452, 43330.26894816401
127, 43319.395205600005
1157, 43263.962753509135
1143, 43251.48827318692
1165, 43168.56744573649
628, 43107.283700608015
936, 43096.61181886387
718, 42987.19006611398
1231, 42925.38100293339
844, 42895.78357950219
293, 42846.23920047819
1238, 42835.54308902605
849, 42784.752816824555
1089, 42756.99246477853
1164, 42739.7689467441
200, 42739.7689467441
549, 42734.16230784503
188, 42704.56494436726
1333, 42649.53834661816
202, 42570.34307135197
245, 42510.85857914379
1258, 42490.10501632119
138, 42392.63456352439
402, 42362.265269064395
1161, 42348.046259208124
232, 42342.661259316425
1091, 42191.561813500855
1090, 42191.561813500855
591, 42177.1567821638
357, 42054.62944382611
214, 41997.92652356802
679, 41969.50579153424
875, 41871.398186683036
567, 41825.10289622828
744, 41806.19114907897
1134, 41805.233051650546
1309, 41648.20239715341
1319, 41554.865694429165
