1339, 99750.2189207293
823, 99705.1143225928
1420, 99429.94897755292
201, 99363.4390203309
542, 99238.56860149933
539, 99238.56860149933
261, 99048.56281257313
1295, 98929.09419962991
721, 98878.04901199497
627, 98775.87353130688
982, 98612.59966830185
924, 98608.06545589618
916, 98237.018872171
760, 98132.19620171882
838, 98122.06749173447
722, 98096.29056267923
822, 97976.24528426907
301, 97934.34306558009
1107, 97800.89059292026
263, 97489.68434609618
893, 97362.31065308461
1070, 97347.95618307414
1071, 97347.95499328001
1215, 97214.54735716735
959, 97194.72639043417
35, 97127.74015661352
941, 97115.91616223026
439, 97017.7303758729
1233, 96944.18674516068
8, 96541.18053719949
115, 96314.60366056816
943, 95985.64415087081
378, 95970.34600250302
1220, 95600.37789286439
1194, 95495.79880106944
262, 95495.65612828502
906, 95406.85658362028
937, 95368.17749246006
121, 95278.48929969294
1072, 95194.34350529543
436, 94887.52401705188
735, 94859.78888835863
952, 94818.57826801865
803, 94566.07229494509
1349, 94481.88985097937
1293, 94480.46430559155
1292, 94440.39250099336
1055, 94366.5462692896
767, 94296.26791023495
578, 93787.39697199849
944, 93783.3355406656
1332, 93707.80292339768
1213, 93658.22744363759
950, 93305.41713377871
848, 93270.75296220738
945, 93079.13197993019
292, 93060.06312103278
738, 93055.93291143831
911, 92523.6398599816
1114, 91987.01669620292
996, 91927.54525844616
336, 91704.00438607378
76, 91456.9516788967
377, 91414.26632951897
440, 91236.1013835042
265, 91190.67393794701
296, 91148.56765146632
559, 91091.1564752624
462, 91085.7954370934
1291, 91023.65671452874
66, 91006.39016853987
1154, 90970.10620307126
499, 90842.29485264997
87, 90611.38269252081
1275, 90552.4664732752
755, 90368.13479559043
974, 90165.76207153311
629, 89930.04619330673
1104, 89822.77810086544
1375, 89450.61721018789
52, 89052.25788115938
1151, 89025.75239570434
1021, 88340.28768342725
624, 88295.41557435834
678, 88190.44177720751
1050, 88085.38086742906
1252, 87774.56053994324
1068, 87716.90762885832
1156, 87640.86059572392
407, 87530.75417053881
324, 87505.53179755865
1049, 87463.87946558179
810, 87374.8356731303
664, 87349.77782073531
344, 87258.66815463828
1276, 87147.10797180526
294, 87088.27652158833
615, 86820.42997654209
406, 86796.55837296697
394, 86783.69506110257
1064, 86704.5052849148
431, 86669.92669208182
1098, 86615.54795561022
1022, 86504.88640343325
243, 86080.74050764153
1054, 86073.75764542558
175, 86000.20788898329
650, 85985.39626448
329, 85959.08050471585
839, 85664.41864741672
280, 85585.3638698816
1212, 85378.77949061008
1355, 85293.17226476505
392, 85291.69246042443
1359, 85267.2198032743
1024, 85011.60155570337
1023, 85011.60155570337
1237, 85011.5967326872
171, 84954.3532391311
522, 84746.58921664827
341, 84724.97995169314
340, 84591.44108704818
1261, 84524.35269257946
60, 84479.5062227991
843, 84273.81552703303
547, 84034.04482244301
548, 84007.82607420071
95, 83798.50302928807
1129, 83775.70576983507
355, 83736.84080606965
1127, 83692.71438419039
1208, 83418.03396943228
603, 83375.77659747915
79, 83315.8643079415
1209, 83214.75312875635
1239, 83203.68290075615
806, 83039.45879053338
1372, 82962.22779300857
1206, 82878.68685072694
966, 82786.87792398524
707, 82765.87371603269
323, 82669.60577841988
880, 82596.24351591668
859, 82568.4447249274
376, 82484.53389623901
716, 82399.00674974397
887, 82363.81974550035
925, 82270.6123629528
1047, 82164.74286475095
317, 82058.63236932365
736, 81998.637690896
884, 81987.48276486693
447, 81908.17372461833
896, 81907.63476631322
990, 81874.1346240149
319, 81807.82340793691
1131, 81751.79102816625
746, 81652.76938829133
610, 81631.11799654613
988, 81604.08664077321
327, 81556.84587307693
100, 81538.54950930816
1257, 81509.26622636743
669, 81468.41754053126
714, 81443.44715228993
747, 81345.99166931554
101, 81313.75129446363
543, 81310.38929110982
472, 81261.89063007396
979, 80992.16334661795
1097, 80966.11318471613
561, 80872.29392199885
198, 80854.24184123774
1353, 80802.38887894039
758, 80777.21945429208
995, 80770.70426121564
1289, 80650.41572583135
82, 80650.41572583135
779, 80590.81387678854
723, 80442.27568745118
737, 80321.613056618
1207, 80307.93491039507
587, 80203.46050154587
671, 80046.67888291873
883, 79994.99162736144
75, 79988.71834272075
1205, 79848.13956586237
599, 79819.08539973675
1095, 79631.44394593645
1014, 79431.75618816211
1096, 79419.39194077492
766, 79365.62024440349
907, 79226.31002016382
197, 79218.73228381049
282, 79212.2174242035
1254, 79144.24778061824
1340, 78828.5355006796
1116, 78811.59596436044
385, 78516.07627479378
1374, 78230.53539192605
1198, 78207.33320098178
1195, 78197.98751725176
998, 78054.50875313283
1244, 77875.16318774747
715, 77859.33318368367
616, 77858.35461865262
677, 77848.12959590521
586, 77650.18574861198
1387, 77599.26490206506
57, 77514.65763560351
797, 77509.03833689784
1327, 77493.94602325589
1386, 77476.79815931455
894, 77461.95053185258
1197, 77194.07950895515
1153, 77175.68670468856
1226, 77102.70016181938
1196, 77099.22227498375
489, 77062.0771696138
511, 77009.73121695976
1298, 76907.49561701808
1045, 76809.75895884798
1311, 76704.02285649086
649, 76442.5393022274
585, 76339.50523901853
1053, 76329.78586218506
1033, 76294.88880114832
658, 76282.94493859484
1335, 76240.38725096516
1380, 76179.98570833282
821, 76177.25112961809
926, 76018.6186656809
1130, 75911.9203789262
1146, 75859.00532774617
96, 75617.46970726302
375, 75583.31566588387
660, 75547.9728511993
1093, 75500.2670731206
510, 75500.2670731206
118, 75496.03915458012
774, 75453.15724048337
773, 75453.15724048337
652, 75389.95892360306
49, 75215.34977912893
316, 75187.86690169312
9, 75186.04180603655
931, 74907.44308911776
648, 74899.94326988139
393, 74605.98857657795
910, 74425.183794514
1351, 74319.14697156237
602, 74304.0378865899
32, 74032.58265958469
1158, 73953.13969618594
448, 73855.32367390461
1402, 73692.74977084777
1128, 73673.44062503344
300, 73635.57512853124
784, 73563.10988932791
1142, 73532.89318570856
1073, 73438.43701991954
383, 73324.93111816149
1331, 73319.89753115646
1007, 73309.97006058603
935, 73308.06768721112
951, 72548.53702118888
1366, 72255.93727388959
117, 72161.3574509615
1242, 72042.52763214009
1241, 72042.52763214009
351, 71945.5903657626
181, 71857.52614367563
946, 71841.84317260179
1377, 71772.79752860937
573, 71677.87415395347
541, 71653.37790136281
881, 71605.69608445546
590, 71500.67088405698
1038, 71339.87824368977
994, 70906.09190892671
953, 70878.89681515444
297, 70878.89681515444
1069, 70728.90904882431
1297, 70542.29261656455
1211, 70525.8521768496
91, 70491.94273986616
126, 70482.01715343216
651, 70452.27775241258
1259, 70316.9051939846
163, 70286.67523933008
1260, 70124.11362851442
1269, 70116.56214534669
1251, 70102.69229055698
614, 70073.96389519487
92, 69971.8017191302
933, 69910.93877115015
639, 69853.04809100971
789, 69744.9783609205
917, 69725.7499491983
147, 69687.82882194898
626, 69585.36020210346
1357, 69478.83164981726
1118, 69457.71401486767
595, 69457.71401486767
928, 69442.01480310626
680, 69412.07762330226
34, 69398.7111890503
1296, 69398.11828018761
1392, 69204.1484352896
339, 69177.49166807628
888, 69166.00353752676
631, 69116.85831731585
1268, 69107.75531909656
997, 68827.77304346772
873, 68827.77304346772
50, 68702.18514827269
196, 68697.38470129347
1358, 68629.69315680499
1294, 68612.81696508598
837, 68546.7868200365
312, 68532.96682401236
182, 68304.57806885907
572, 68138.24077701535
199, 68123.34469569613
1352, 68071.4875226704
524, 68042.57088813347
58, 68012.48624061164
913, 67860.89488041756
1099, 67806.47096211533
97, 67655.77035937739
443, 67534.14579384595
851, 67442.03765343307
989, 67412.55551649492
403, 67412.55551649492
1325, 67276.0466737964
453, 67255.25798125159
452, 67255.25798125159
33, 67229.60511506104
127, 67229.0647793687
284, 67227.24416679963
895, 67166.77849527526
1143, 67065.6512958632
688, 67013.13523012157
686, 66883.78068914417
1165, 66866.49061083913
628, 66719.56795877051
936, 66694.00640490527
1336, 66650.03440188048
1230, 66450.75637781383
718, 66432.31607048374
882, 66409.34276361056
389, 66287.83941095126
687, 66284.83182327545
1231, 66284.81594376471
844, 66214.26695846434
293, 66096.29039619215
1238, 66070.83992381068
973, 65985.36572291669
849, 65950.08289766245
804, 65936.36786014284
387, 65906.93510315391
785, 65901.07284490966
1089, 65884.14652329023
1164, 65843.26050694814
200, 65843.26050694814
549, 65829.95504038823
1364, 65816.55008362402
188, 65759.74694028954
1394, 65753.012067119
1333, 65629.35753297243
162, 65474.576699692756
202, 65442.01662764112
388, 65412.90461270565
625, 65369.61954614122
805, 65308.7517454499
918, 65302.829602027254
245, 65301.54879298674
1258, 65252.590504998356
550, 65190.627703369384
608, 65103.11624931137
138, 65022.99704521039
402, 64951.576723676066
1161, 64918.15624422023
232, 64905.50241808929
912, 64723.53682667919
1265, 64683.85997140749
1126, 64640.25963680725
283, 64575.64466398987
1091, 64551.142519490626
1090, 64551.142519490626
591, 64517.42991562512
965, 64501.96746120851
1267, 64497.83149087283
964, 64492.304181113366
963, 64492.304181113366
962, 64463.31151029314
1141, 64390.0833512837
1138, 64390.0833512837
521, 64303.498885819245
357, 64231.16721664245
1140, 64188.82733551742
954, 64139.668353386325
214, 64098.988735209205
1139, 64088.537648254714
679, 64032.80865568335
914, 63968.866196144845
1338, 63931.06466370199
1337, 63931.06466370199
1218, 63881.01370694012
1219, 63858.537155625585
875, 63804.718415433825
567, 63697.280883839936
744, 63653.42814481775
1134, 63651.20705119219
646, 63598.98072047988
400, 63424.62360678639
505, 63303.04147923653
1309, 63287.89082304984
1393, 63275.519298667394
879, 63228.30626949569
878, 63228.30626949569
77, 63225.16086799023
23, 63095.66696063875
1319, 63072.61474726553
493, 63059.45996783559
308, 63042.00781874936
1048, 63012.24187253062
24, 62887.6828894117
731, 62882.21885742902
457, 62858.1860665624
25, 62598.49873022181
1391, 62471.35182523584
59, 62315.213468362366
763, 62282.975802648485
666, 62260.24317435385
333, 62218.58065445142
684, 62194.200908328254
405, 62192.35484814309
1163, 62119.52988933793
321, 61992.10613196134
84, 61985.94067260576
1266, 61889.0532663198
657, 61877.60170741631
732, 61779.50906255639
630, 61779.37031845454
1092, 61764.98727350494
726, 61761.07656825304
685, 61704.47964087471
975, 61684.92864227647
506, 61673.07084103678
976, 61652.382659762494
635, 61651.18645554096
634, 61651.18645554096
1250, 61629.232258863776
1186, 61588.93921175771
682, 61477.47196329216
725, 61389.860775080604
1087, 61285.695785470096
683, 61219.224435927244
1341, 61052.93255467108
342, 61029.8263965876
1006, 61016.81012268152
31, 60922.813841105475
681, 60898.20327098829
874, 60756.300600628434
818, 60699.40451998838
529, 60397.646360287836
508, 60218.05330059753
842, 60154.42534379771
234, 60052.34738669253
1182, 60046.705592035956
1178, 60046.705592035956
507, 60009.67826831783
1181, 59953.04477519781
1180, 59953.04477519781
1179, 59953.04477519781
724, 59927.122085488336
372, 59850.241127810914
1177, 59844.336420961816
948, 59777.38217467794
247, 59774.304498520425
675, 59729.32337801793
1005, 59515.89205416739
957, 59455.71977547825
841, 59410.449536773405
1210, 59383.61221969996
404, 59185.8411891232
207, 58942.70937310531
287, 58914.401536050944
386, 58910.16965625143
203, 58803.67162506668
787, 58784.258293479885
229, 58777.976738955214
230, 58760.576103176296
788, 58642.95779797247
1214, 58600.02681541824
132, 58489.25106680104
328, 58487.4401863925
111, 58441.66556666589
143, 58436.923783955775
