552, 99280.48804572572
1026, 97543.14060267566
1371, 97441.20947899578
1316, 97288.41728725538
637, 97288.41728725538
809, 97093.15392405765
807, 97093.15392405765
379, 96792.08050172603
711, 95789.66893733467
224, 95586.06474762234
742, 95434.19680072954
1406, 95297.1966771174
483, 95297.1966771174
1009, 95223.567745768
484, 95200.89208941009
485, 94886.38801305149
205, 94057.11367789592
67, 93915.32233604346
981, 93768.00473666479
909, 93707.07730503492
1390, 93604.17945599789
12, 93118.80040463513
1281, 93076.93199922855
73, 92671.88759499486
310, 92587.33645947519
929, 92349.22217777967
94, 92278.16454841265
80, 91867.77154541397
47, 91493.41023500796
248, 91165.08482899144
824, 91161.60645422414
37, 91108.15350466738
589, 91084.93875190358
1037, 90969.09599935394
526, 90507.86619132353
743, 90357.23132055263
359, 90182.06778830476
89, 89938.9256557449
1417, 89885.26094240983
295, 89627.10940418007
289, 89527.61345790216
999, 89501.02821303673
259, 89043.15528061402
890, 89029.52798920887
1235, 88482.34378814588
235, 88402.1806974836
325, 88289.89955422186
720, 88227.74538293183
940, 88076.53074864708
832, 88076.53074864708
710, 87975.84539025783
288, 87677.59130017494
384, 87348.82387615633
1347, 87286.93051849856
113, 86875.96704197169
13, 86872.45398494032
22, 86872.43494591523
281, 86628.35400825682
185, 86571.13688895945
876, 85864.95967876652
1119, 85599.33009641473
260, 84872.92211859838
1001, 84812.64075742618
465, 84305.16743989586
223, 84162.6681705469
356, 84125.33258138935
1283, 83841.62885254547
307, 83740.37497589056
1174, 83657.62918041855
150, 83657.62918041855
338, 83613.87905564341
152, 83581.5710558489
335, 83465.53604985884
577, 83311.38786556457
1412, 83187.4432893128
777, 82721.63806436051
1221, 82704.66822146201
165, 82474.06478305529
1222, 82294.06971455236
1271, 82034.65237741717
1248, 82022.05724641193
1223, 81651.91204656298
1062, 81520.30678908667
819, 81480.44240720427
1247, 81374.63900032591
1277, 81203.26188212547
1282, 80704.9788866467
125, 80490.3392536453
343, 80288.1915211712
258, 80116.96072170499
808, 80114.9887385394
850, 79309.86194498594
475, 78522.00939881502
960, 78330.85445890928
438, 78305.69143743314
290, 78292.1692344575
891, 78227.38956532408
1376, 78162.04263161872
611, 78146.27218631176
1273, 77825.96761520214
530, 77809.61476015674
563, 77489.40323428037
90, 77266.76188272511
719, 76670.49686930141
752, 76395.81653229702
1176, 76356.34006952397
1083, 76186.8283892745
1051, 75691.17892734942
1032, 75391.27851613097
623, 74792.92840618613
1121, 74702.59045491916
817, 74247.95465331967
477, 73959.6495419779
1063, 73926.58658760907
266, 73803.76654202801
16, 73803.57506504416
463, 73790.80544639457
184, 73606.46338260855
183, 73606.46338260855
748, 73403.67224134678
1175, 73123.22108623102
98, 72895.13266332996
949, 72844.3841923962
1278, 72812.6498796962
456, 72802.67370413634
1418, 72752.79026613005
236, 72586.88702740447
934, 72471.99903418134
1010, 72386.85676835533
1307, 72171.10818090309
1094, 72062.3360696657
455, 71966.59463009557
857, 71638.31556546477
1326, 71613.19873553203
826, 71367.53840929044
768, 71123.23081859633
1031, 71096.34414405368
331, 71091.38157008948
195, 70950.9772406941
793, 70927.85923138616
833, 70895.8849353984
334, 70892.22829973522
531, 70676.05456049315
1315, 70641.56485747956
365, 70641.56485747956
877, 70553.76318946743
576, 70526.00007241896
14, 70525.97635494397
257, 70481.0987047884
1384, 70289.7390539776
18, 70177.7295359137
560, 70176.12093120995
525, 70030.79014608127
1343, 69974.90061780441
816, 69751.31268651386
527, 69687.20181315053
825, 69195.01283382453
240, 69157.82254305188
368, 69087.12712810683
140, 68845.29928481962
786, 68770.02976945911
276, 68736.37342069726
640, 68713.2253032321
17, 68686.52079816912
10, 68686.52079816912
792, 68633.36956106972
429, 68508.11384613646
255, 68427.8911926684
537, 68295.73230630837
432, 68066.19401176105
430, 68029.64013873073
306, 67926.1487803026
275, 67902.39683422392
820, 67542.69190322839
538, 67481.50444712458
642, 67424.18355850616
814, 67244.06055395617
570, 66883.1483917807
921, 66591.95631378033
1370, 66302.86151886183
1369, 66302.86151886183
713, 65736.16591829981
474, 65727.52600200503
1330, 65541.0044028372
1356, 65538.37212980851
186, 65457.53331703223
36, 65457.53331703223
1378, 65352.70099478927
226, 65217.02679424396
345, 65135.66977513935
717, 64981.13617188859
800, 64947.555604953974
1135, 64575.846165151954
1363, 64465.93521570444
790, 64437.559762338744
215, 64374.49459158634
597, 64353.87871780076
173, 64217.11037432562
770, 63996.34842627034
313, 63989.71928567969
1383, 63881.77964621498
381, 63849.44791309699
466, 63822.017425389364
862, 63734.292165010265
468, 63653.871141448806
469, 63615.45780458722
467, 63586.66348183349
872, 63200.18093279133
99, 62863.327196607774
178, 62791.32436422079
1270, 62786.804359473994
1256, 62696.13216843
598, 62636.38362743518
1052, 62203.87838655795
476, 62080.13367486802
519, 61974.31432205142
977, 61974.251325653684
1272, 61871.579210455006
605, 61760.16331616601
596, 61617.06706068071
1120, 61605.07848387003
1306, 61562.080319197376
190, 61519.699974943695
1112, 61376.31161194747
104, 60766.02014734487
237, 60762.21055815399
83, 60738.988532983465
105, 60735.98495551494
103, 60735.98495551494
847, 60709.08570361794
395, 60488.39393681492
528, 60245.58055269679
408, 60213.06356664208
536, 60108.59418252883
535, 60108.59418252883
131, 60023.84322798716
1217, 59567.90901313158
1216, 59567.90901313158
29, 59305.60037551087
81, 59293.85838228009
1227, 59140.84375163554
78, 59133.8221039573
836, 58904.73963869215
534, 58885.465080635535
780, 58658.51014748959
1011, 58538.274905558595
557, 58458.90467532319
641, 58258.72538689143
114, 58246.30303639644
947, 58204.00089615004
1019, 57911.915232720836
445, 57911.915232720836
54, 57816.148520956966
1310, 57792.50755921528
56, 57779.438198035925
1137, 57451.19631929114
244, 57418.92448943749
689, 57242.09353751617
618, 57222.63766567196
569, 57210.53663295285
1012, 57202.33417390751
1013, 57170.10215890137
1132, 57008.29637488084
253, 56949.16806963749
617, 56894.96013641817
869, 56792.32766100204
38, 56687.80054927529
871, 56662.5885028602
655, 56423.156297637266
581, 56297.12715501313
322, 56186.65562791697
622, 56117.06856391041
621, 56117.06856391041
769, 56115.94056290587
1111, 56107.980178434766
106, 56094.68558597565
927, 56001.186254183114
221, 55947.04284870539
1133, 55905.04625654482
771, 55712.72490375776
478, 55620.15075181167
349, 55616.71988486638
278, 55425.65047066793
450, 55382.39807852054
449, 55382.39807852054
279, 55124.85365445149
978, 54918.13681079034
380, 54838.69913914252
584, 54777.31612598467
107, 54682.287959062225
299, 54522.08749199138
354, 54441.37362560255
220, 54416.358408036125
1030, 54382.913393006806
30, 54222.62904197234
568, 54191.59303780784
1225, 54085.38871101113
231, 53975.31446462485
48, 53737.237950825824
153, 53611.0003833326
781, 53583.92389898175
1123, 53583.37958878733
867, 53547.70026074603
1224, 53430.944787217035
885, 53377.01712320927
1415, 53287.80824047282
1046, 52928.181769869
870, 52841.63215595911
1183, 52737.95617648086
730, 52691.41392037064
332, 52646.59896301931
1169, 52623.311070924814
1078, 52584.95318008703
1200, 52458.812435985215
864, 52397.99708888948
252, 52155.193297136684
1274, 52077.38479597206
277, 52059.098474165825
930, 51922.57535179896
509, 51828.98842263707
488, 51798.92248414131
204, 51687.87763781951
433, 51682.185610611865
498, 51680.882582811275
1201, 51662.12286551578
495, 51607.81877360043
492, 51597.69929366853
579, 51416.760665344395
1204, 51360.98838361403
1184, 51334.10713219813
1122, 51266.249193016985
540, 51249.925737025435
1304, 51214.530159498805
1008, 51067.62644876917
1342, 51036.57899434471
761, 50955.43356270973
517, 50938.68073936675
846, 50937.578217448434
971, 50857.88212043204
110, 50673.96840267194
446, 50545.27335354081
1040, 50442.21479829566
494, 50418.51251284938
956, 50395.281632582686
360, 50378.154336883905
827, 50274.83744160147
1290, 50229.951760263095
858, 49975.74434432093
1328, 49905.92502182015
1279, 49905.92502182015
347, 49899.49985417173
116, 49861.888163194235
897, 49835.18898774095
889, 49796.7753972101
166, 49520.39458397779
1034, 49464.82283620809
367, 49399.98576744537
904, 49115.89270549593
902, 49115.89270549593
901, 49115.89270549593
900, 49115.89270549593
222, 49090.273061866705
756, 49050.76975761247
1079, 49027.32843526031
193, 49027.32843526031
1171, 48981.964363911604
51, 48805.25866812113
583, 48603.9263716676
286, 48514.70560048722
315, 48436.44548492006
497, 48259.58150900855
212, 48100.3737798025
211, 48078.51798236286
853, 48054.24438336912
1346, 48045.873830021534
582, 47965.6138641466
361, 47928.513674683876
972, 47922.43816312951
967, 47922.43816312951
1155, 47767.95338731529
670, 47737.39055334021
415, 47718.559680288476
969, 47645.98970449338
420, 47625.28471185984
757, 47615.20000384112
1287, 47477.54442409565
241, 47385.95901443537
776, 47371.330116840014
983, 47335.56000426005
741, 47287.17619455423
1388, 47226.88333401831
958, 47121.89277859577
1066, 47107.27094575466
772, 47074.96705811646
370, 47038.63135647179
762, 47011.633354361074
729, 46976.162475795856
1321, 46949.17980046209
728, 46944.954019786404
565, 46861.53479440489
486, 46768.240806758535
1189, 46704.154153260526
326, 46619.85569640053
1191, 46518.689205247785
1405, 46498.132281444225
304, 46478.646654843855
676, 46468.34500376604
311, 46423.78522767317
496, 46244.20971165922
667, 46046.335233967526
1329, 45971.369235251586
1301, 45920.91685579762
70, 45859.8912208884
970, 45830.34512265623
109, 45721.397220388906
1368, 45692.96953915548
592, 45655.718026752984
346, 45625.63342084702
802, 45615.41256820674
801, 45615.41256820674
783, 45578.01082121923
120, 45457.87837658877
1017, 45379.230088137076
441, 45346.83175360522
1125, 45236.24013759747
665, 45194.75966923599
1350, 45166.86508107578
892, 45126.63135035611
1411, 45122.6461214367
148, 45112.412832891736
86, 45075.116137738594
213, 45063.43956445608
601, 45041.61630542374
1407, 45040.41856824088
1408, 45036.589209932456
1409, 45027.03827352558
1065, 45027.03827352558
85, 45027.03827352558
1016, 44999.18782948253
71, 44899.18955543775
753, 44824.95977415547
968, 44766.33644194748
778, 44702.22162900373
208, 44591.08113143271
119, 44550.92984227636
1015, 44530.91292445888
574, 44460.681271759146
1300, 44441.46217540472
122, 44440.59019785524
1410, 44398.99802501555
734, 44375.51695921906
903, 44348.15684904115
647, 44346.31640083535
1, 44290.83691768689
42, 44248.473826164125
1025, 44206.39047631227
1115, 44069.76714289345
1145, 44041.785607985265
490, 43900.798162191335
187, 43894.80455014513
668, 43893.03785080631
458, 43880.75758615457
0, 43838.81065418551
993, 43796.85972584812
1360, 43653.81141670446
1284, 43645.56051919715
980, 43591.19153163423
410, 43588.538776982605
1324, 43582.163443728576
1027, 43566.57401739463
7, 43390.35607196075
267, 43321.96170420118
167, 43315.395193113196
417, 43315.177840073244
1185, 43255.96711256338
419, 43244.74342660554
553, 43187.54990316716
72, 43136.80515592852
390, 43065.652814205576
434, 43046.92162171954
26, 42995.39712116165
942, 42951.23294433402
174, 42906.78762423834
1150, 42872.434512736116
168, 42867.33070299251
1323, 42691.048709473645
632, 42644.072856503786
520, 42642.962836802566
1249, 42352.94180024785
314, 42306.188588774035
1367, 42289.54004415789
337, 42281.56773449321
1113, 42266.84134339859
233, 42266.752761133095
442, 42200.287573267204
1305, 42191.53725167789
588, 42118.24806113658
1303, 42092.84250730999
856, 42041.3457691513
854, 42041.3457691513
