168, 100000.0
26, 99309.9514829902
1323, 99045.9276444523
434, 99036.14971761673
390, 98937.14738564206
72, 98563.65104334148
553, 98299.74234039286
419, 98004.72038685564
417, 97644.88161733841
167, 97643.77708766033
267, 97610.42484358545
1113, 96792.11306812463
233, 96791.648525078
442, 96443.7984222628
1027, 96391.0154127803
410, 96283.66841117565
856, 95617.64922130587
854, 95617.64922130587
1059, 95456.30167998123
454, 95307.03283499555
993, 95282.55407430581
855, 95282.23207716392
555, 94997.79886755027
187, 94822.24554156349
554, 94624.35268992731
709, 94473.20809598172
571, 93984.53956027441
1018, 93356.63110397465
154, 93356.63110397465
437, 93255.86350677664
42, 93212.81667984469
1232, 93114.82720122678
1088, 93057.54760396943
1400, 92998.58832172486
647, 92781.58620005523
903, 92773.53099958578
155, 92732.8255755905
391, 92567.61352787213
1410, 92551.82577880422
409, 92507.92580083646
122, 92371.61442612832
1300, 92367.84741847134
574, 92284.93489283173
1102, 92060.93539317476
1106, 92060.93266228845
1105, 92060.93266228845
1015, 91983.81641158494
922, 91374.56869976562
968, 90995.337843418
1056, 90839.44551907209
264, 90788.97423221533
1016, 90048.19225489335
1409, 89936.87388105705
1065, 89936.87388105705
85, 89936.87388105705
1408, 89898.79372392481
1407, 89883.53942949859
601, 89878.76982429049
86, 89745.67460438302
149, 89170.96104373739
124, 89169.27412635635
861, 88957.02804393346
1395, 88887.183943284
401, 88838.24789122137
441, 88687.62182962557
151, 88670.64359317816
1017, 88563.95915228833
1101, 88510.55534883632
783, 87816.48723423741
802, 87677.9739330246
801, 87677.9739330246
346, 87640.23751585641
607, 87248.82064953561
1110, 86909.89652941254
1108, 86909.89652941254
970, 86894.6864413359
1081, 86343.50845124554
1109, 86298.86422492011
1397, 86206.6506445798
1288, 86089.53628774988
1399, 84776.8239802259
304, 84655.85866757986
1086, 84553.28272315217
1234, 84534.68234684227
451, 84531.277597042
1191, 84523.34079304527
564, 84252.81562862553
1085, 84102.04017076152
562, 84058.33001306983
860, 84027.00560237086
1189, 83917.84678675927
992, 83773.20899909634
673, 83760.0498606226
302, 83658.13600191566
866, 83580.05728998537
565, 83414.49092975027
700, 83337.37659740447
762, 82943.10515696833
1061, 82785.15117494439
772, 82746.69205600118
1066, 82647.0701321108
1039, 82501.44215155797
776, 81846.63521859229
1344, 81684.02948010378
1287, 81531.49384584247
420, 81099.46128848879
969, 81039.49242415794
501, 80943.59738290629
415, 80830.41131272877
1155, 80689.08038329259
815, 80467.33707744292
1317, 80416.86182750408
972, 80252.08060821609
967, 80252.08060821609
361, 80235.04842171054
1228, 80218.60320905109
865, 80218.60320905109
1404, 80187.57238788804
139, 80128.18098956146
1188, 80031.26654231867
674, 80025.02979574983
1190, 79982.40040558597
1346, 79908.29016152224
853, 79885.14691957476
794, 79470.54251775626
273, 79214.0082735182
852, 78855.15007706759
796, 78725.22372269744
583, 78410.96448003677
831, 77766.56136205625
256, 77303.04719489963
222, 77177.44404130366
1074, 76958.03330453855
367, 76424.16163309604
362, 76127.6775493563
116, 75344.37930994207
347, 75258.66263767629
227, 75257.00394676138
858, 75085.89283133189
1290, 74519.27122381346
827, 74420.69850695286
1245, 74414.33153187389
1040, 74056.94147582221
1396, 73838.32775256604
1077, 73652.21767053928
274, 73431.1171581696
271, 73431.1171581696
971, 73178.83989739855
846, 73014.46521820313
517, 73012.20002322739
1342, 72812.00920613811
540, 72382.13082993784
1204, 72161.74695860226
1314, 71815.5314320766
495, 71680.07072692728
1080, 71672.12433250483
1201, 71575.5727071211
433, 71537.09817146535
204, 71526.19547702493
488, 71314.6358581097
654, 71275.36162368246
509, 71257.7254197507
828, 71214.54118228923
930, 71081.5784170177
481, 71053.76131565661
1162, 71043.08619954536
829, 71043.08619954536
277, 70827.2990698263
1274, 70793.47900119971
252, 70650.19854178689
740, 70441.37385120922
739, 70387.04234539122
1060, 70309.10450352199
123, 70280.8836017406
765, 70188.05718296082
515, 70188.05718296082
514, 70188.05718296082
502, 70164.24534001082
1200, 70100.5966347487
690, 70038.90329702703
141, 70021.87778927515
1169, 69808.98910329529
932, 69463.84806828367
133, 69076.33302248652
885, 68525.38132011682
1224, 68436.70554155843
867, 68246.11094894077
781, 68187.3622126768
153, 68143.5663990202
74, 68057.82431704858
1172, 67906.70238940211
6, 67716.21166869592
269, 67617.94107079983
231, 67563.91547244632
516, 67463.21406489593
30, 67180.35743886633
220, 66885.33257922818
1029, 66862.37014029673
354, 66847.57863702512
661, 66815.123243104
299, 66726.2874504908
107, 66487.89955466874
1035, 66445.11191695501
353, 66373.21441114733
584, 66347.94886625957
380, 66258.11772755136
978, 66142.52156703608
279, 65845.13792200152
145, 65610.25628520608
1004, 65581.69826620808
1147, 65543.93531393046
464, 65543.93531393046
1373, 65524.30801016208
1003, 65487.58646963272
450, 65481.411634200645
449, 65481.411634200645
278, 65421.04970414112
369, 65306.703761383666
478, 65152.12952199357
771, 65025.563852005354
919, 64935.34492023164
503, 64839.04950624416
5, 64811.578240419476
1199, 64724.43026898007
221, 64709.24543718281
1334, 64691.31677568521
106, 64512.85252285767
1111, 64495.277219301686
622, 64483.27277355941
621, 64483.27277355941
19, 64268.281434612676
581, 64247.1523289601
142, 63979.89222730889
93, 63923.03646779852
1302, 63733.39812040506
920, 63688.9588383066
1013, 63146.75001876835
1012, 63107.47317940788
618, 63082.77978891786
1137, 62807.324045049725
830, 62796.92193041363
56, 62419.66198322513
1310, 62404.41632270757
745, 62285.543619558746
45, 62056.37254718379
43, 62035.836281875156
701, 61719.40466501825
557, 61645.61442611821
780, 61425.20025777722
534, 61178.28701510119
836, 61157.496124757636
29, 60731.29965848415
1217, 60458.6683787557
1216, 60458.6683787557
399, 60157.41660059897
131, 59996.12992511188
536, 59911.6955922493
535, 59911.6955922493
546, 59810.54797107014
395, 59539.081055931296
847, 59326.7989296387
840, 59235.641421908644
1075, 59199.35194120179
1076, 59051.50113204768
238, 59030.761483844144
1414, 58992.29231852877
134, 58944.41712472244
558, 58837.54351436657
1057, 58736.84482401484
1112, 58703.16340782853
1306, 58534.224431133785
596, 58484.60005414911
605, 58356.26425541382
977, 58166.40475978636
1052, 57965.5710298779
1313, 57767.18673979313
1136, 57748.55938047324
418, 57721.24423994483
471, 57702.91760786782
423, 57612.51863486748
424, 57601.125612723125
598, 57594.97399479766
178, 57464.59002569929
1028, 57461.702422156544
659, 57282.18991506798
1382, 57155.4868800802
834, 57142.86367596253
1398, 57129.12849459383
1044, 57108.613343858524
270, 56724.85543610714
268, 56724.85543610714
381, 56606.08464891151
173, 56320.21450450418
597, 56215.43412458518
215, 56199.71230356699
309, 56159.77341808532
790, 56151.735210343555
1363, 56130.20574464905
800, 55770.11666266194
868, 55670.12845647222
226, 55572.940928622615
1378, 55474.80412878988
186, 55399.49049928525
36, 55399.49049928525
64, 55376.27991173867
1330, 55339.840971178375
645, 55285.957881517155
644, 55285.957881517155
63, 55285.957881517155
250, 55220.27698771327
474, 55207.55761856374
61, 55107.056301233046
504, 55070.374886765174
500, 54997.91645312623
228, 54783.04289129455
1403, 54765.00938935527
398, 54678.72784833883
545, 54664.59297249698
1002, 54656.685873163355
600, 54620.76603478079
921, 54612.10341383276
835, 54585.231921579005
397, 54576.33216172113
172, 54507.08248304854
556, 54494.06215634599
759, 54446.466301531604
1401, 54440.01280170123
570, 54417.80422327016
366, 54385.3541737728
444, 54377.45809273449
1058, 54188.88440565842
814, 54181.20107434226
699, 54129.49704524359
538, 54028.025315551575
275, 53761.22309176395
432, 53658.98765475055
194, 53654.68868011409
619, 53653.83960846134
905, 53651.79003930898
899, 53651.79003930898
749, 53545.05415456117
192, 53539.42677403898
191, 53539.42677403898
537, 53517.19102700919
1264, 53441.367735734704
1263, 53441.367735734704
460, 53403.112003416616
209, 53348.52664064148
249, 53194.01468547541
140, 53184.50755593785
1043, 53040.82880185368
330, 53028.4220550667
180, 52887.364152312446
604, 52853.32800495804
1343, 52529.42445159257
525, 52497.97273868876
620, 52416.964178600756
560, 52416.59781451974
18, 52415.70040456053
1170, 52375.58258304443
14, 52223.09753257142
576, 52223.08452802412
305, 52215.77283145159
877, 52207.87214330162
1173, 52195.18550761238
531, 52141.11163841674
704, 52127.76074703541
702, 52127.76074703541
334, 52024.07639176054
594, 51985.205167456064
1031, 51914.69950838371
782, 51865.37778043643
216, 51777.26723991285
826, 51771.048123620676
161, 51760.363604718805
160, 51757.41495205173
159, 51753.11212939557
857, 51629.4848201465
210, 51544.262979316554
146, 51544.262979316554
1152, 51437.47604760385
1240, 51341.97920899556
1010, 51247.556746189206
949, 51020.684806537276
88, 50971.13664316919
170, 50920.95146659553
53, 50920.95146659553
218, 50913.02040960223
1175, 50884.78055739086
158, 50792.8211875854
157, 50792.8211875854
1067, 50630.23954409376
169, 50613.08220887527
16, 50560.44021716558
285, 50275.70876791855
1036, 50215.43673448681
1121, 50147.002692934526
623, 50106.37594962175
518, 49968.82231197952
696, 49889.115053658585
705, 49808.768796883
703, 49808.768796883
459, 49762.20063005375
1051, 49711.15630053469
908, 49615.273327711824
1083, 49499.65865158124
1176, 49428.36463601878
752, 49411.83623710215
719, 49297.60456683197
90, 49054.20466814836
775, 49008.73539965663
563, 48964.88814540351
575, 48927.13435502588
421, 48858.473734678955
427, 48810.66392178116
1262, 48753.79968080431
611, 48706.187770434415
1376, 48700.063512735716
290, 48649.683136206135
960, 48634.757917448725
850, 48264.84150742412
915, 48051.5873209098
512, 47983.21890346598
108, 47919.2799192458
643, 47823.08809729953
177, 47809.57957448167
1282, 47762.38327730631
1413, 47689.62732709487
1255, 47641.878316469636
1348, 47633.7615501555
1277, 47589.56090968916
613, 47573.249555806025
1247, 47530.896056889374
819, 47494.87305242974
1062, 47481.33876057094
272, 47467.919756091906
1223, 47436.806015148344
1362, 47188.20477966616
1285, 47103.25261704458
1193, 47090.56945872881
1221, 47088.57901681743
156, 47060.520710664
217, 47024.940055594176
1149, 47006.34901257243
1286, 46961.461804438215
698, 46947.028841235064
1412, 46933.4991026105
577, 46894.13803473698
544, 46871.343933970864
335, 46845.43985415062
338, 46798.84006776549
461, 46684.70840547987
223, 46628.66509375342
1001, 46431.52231915516
260, 46413.47509889387
1236, 46383.57374942663
135, 46346.35698156529
612, 46142.257007009444
102, 46094.0618975862
136, 46093.16314972007
1379, 46066.34339240363
1419, 46048.819057779314
65, 45836.08838856413
62, 45836.08838856413
113, 45835.554126179966
112, 45785.68656775584
137, 45781.47377534889
4, 45726.567488738234
1299, 45700.5919436971
1084, 45652.16064039914
1082, 45652.16064039914
710, 45535.201591163204
750, 45462.65133401302
751, 45410.105484115185
15, 45285.55963559096
890, 45257.962446934485
259, 45254.44172974627
363, 45223.45972482658
1020, 45200.282358221426
1318, 45158.782637760916
364, 45154.41379280763
999, 45137.08415744236
845, 45129.599691830495
799, 45123.337760078306
798, 45123.337760078306
633, 45027.24789862375
359, 44965.83034293531
239, 44955.24525551975
21, 44955.24525551975
692, 44933.72183356213
609, 44928.01594682325
743, 44922.40870092036
1037, 44772.69042535419
37, 44739.08235525551
47, 44646.76566003058
350, 44634.54948224792
425, 44621.758475096154
348, 44618.800019563394
80, 44558.16127297696
416, 44463.7542983009
