1005, 99207.19644208308
207, 99172.13291592119
287, 99092.0235170881
386, 99080.05207406064
203, 98779.16851732771
787, 98724.4008229048
247, 98497.39988547412
948, 98489.04415956936
788, 98326.51183982167
1177, 98307.82913333239
1214, 98205.8790791168
1181, 98015.87599182731
1180, 98015.87599182731
1179, 98015.87599182731
132, 97895.15885500264
328, 97890.08601667675
1182, 97766.5633580064
1178, 97766.5633580064
234, 97751.61090747711
371, 97545.9988303203
1000, 97495.5046156274
566, 97423.10468264623
863, 97202.43050336813
1416, 96322.94994007032
1354, 96309.68950754494
874, 95942.1228039277
1322, 95678.19566624556
31, 95529.81102815986
342, 95267.87331241726
1087, 94651.01020086472
938, 94097.38364963504
1250, 93843.115710464
726, 93539.05858345401
630, 93497.12753974563
732, 93496.80976333117
206, 93389.08368580687
638, 93361.36356097758
225, 93361.36356097758
657, 93273.03483890065
482, 92941.28495449398
1163, 92728.66389237581
405, 92566.86161581558
666, 92416.87444829698
763, 92366.83220043819
59, 92296.02145341857
733, 91455.05371726026
457, 91130.10658572378
731, 91079.64072412645
1048, 90808.23812537243
493, 90710.35329472455
1319, 90683.14659099071
1309, 90241.811261143
1124, 90176.38178431708
1134, 89513.27232358896
744, 89508.88002373758
1303, 89446.90113655382
567, 89422.31029796528
588, 89332.39615093842
875, 89211.42384180627
1305, 89004.47825431889
679, 88769.30943516178
214, 88642.43384700127
337, 88606.47149374838
1367, 88571.4802434303
314, 88498.53962877768
357, 88390.89043534761
1249, 88294.6503167272
591, 87854.46024425841
1091, 87792.02494660982
1090, 87792.02494660982
232, 87144.94730029075
1161, 87122.14676989825
402, 87062.02743797912
520, 87060.25890253768
632, 87055.63252076689
138, 86934.0351700004
1258, 86526.99596965694
245, 86441.0596616629
202, 86196.15069496521
1150, 86119.18563110073
174, 85980.90420333101
1333, 85873.28364203277
942, 85802.98255434398
188, 85651.06787166678
549, 85532.25425135688
1164, 85509.8029745361
200, 85509.8029745361
1089, 85440.94337613744
849, 85330.30695071215
1238, 85128.99569705875
293, 85086.78247083211
844, 84892.06886702546
1231, 84776.38650152541
1185, 84612.19351355058
718, 84536.32792565318
936, 84116.33189442825
7, 84102.66666769437
628, 84075.7064551922
1165, 83843.55723759533
1143, 83532.51441482177
1324, 83391.29952233178
980, 83358.26578841341
127, 83280.38185460446
453, 83240.22300898416
452, 83240.22300898416
1325, 83208.400026741
1284, 83160.16944157775
1360, 83130.23209482472
989, 83000.52250614115
403, 83000.52250614115
851, 82955.87312437434
97, 82634.76934645954
0, 82467.51085987105
1099, 82411.05835898021
458, 82319.47980796223
668, 82276.29655819395
490, 82249.04340970065
58, 82108.7746797499
199, 81947.78020431337
572, 81926.23526141045
1145, 81758.69147216587
182, 81687.0551109189
1115, 81662.43673193586
312, 81362.78686166713
837, 81343.31672609277
1294, 81250.52741191935
1358, 81226.87458385169
1025, 81197.42526879856
196, 81132.25621459633
50, 81125.56165221178
997, 80951.14248345212
873, 80951.14248345212
1, 80914.05867170934
734, 80632.95900308403
631, 80554.87079105343
888, 80488.21640651072
680, 80157.5311821465
928, 80117.64467243504
1357, 80068.6935465535
119, 80060.17560167877
208, 79930.8377562028
147, 79792.91654146448
789, 79718.12297249382
639, 79577.40402016448
778, 79576.19364422394
614, 79292.6254501767
1260, 79228.51056812567
753, 79190.1955883472
1259, 78983.8406165196
71, 78959.5761053217
651, 78813.73603430904
126, 78776.55189476027
1069, 78470.4018033419
213, 78456.68112138234
148, 78308.67539901004
1411, 78277.85960063449
892, 78265.86910453263
994, 78253.45632428954
1350, 78145.14004224044
665, 78061.78106951126
1125, 77938.34028351518
1038, 77731.82657083996
590, 77541.82439512046
541, 77363.0185833581
573, 77334.4831507779
120, 77289.08076871178
1377, 77224.28982537719
946, 77144.51645729384
181, 77126.44109682947
592, 76723.80900356041
1366, 76672.67757074437
1368, 76618.83903390876
109, 76539.04119232873
70, 76154.04675887468
1301, 75986.36054235024
1329, 75848.61835296324
667, 75645.42375622566
935, 75522.5095028656
1331, 75509.95828012312
1073, 75384.64275259504
1142, 75285.37259334668
300, 75178.04130295564
1402, 75118.53963313204
496, 75117.39143525879
448, 74950.3631979762
311, 74648.35138100809
676, 74533.42584163912
602, 74493.83283545871
1405, 74456.92006095062
393, 74192.78748089918
326, 74146.91708684819
648, 73904.34654905672
931, 73897.04623749931
486, 73774.63807625273
9, 73627.90117486818
49, 73599.81702782804
652, 73433.39250312143
728, 73339.15422402041
118, 73333.02572582963
1321, 73328.84322474466
729, 73263.11684870392
375, 73250.86587572657
370, 73111.68970746099
958, 72911.4505632712
926, 72846.59934074657
1388, 72661.5090630005
1335, 72644.10884586434
1033, 72594.69671160805
1053, 72563.13065932675
585, 72554.34904221809
741, 72519.24640512092
649, 72461.52354339066
983, 72405.74650497147
241, 72288.14174239026
1045, 72134.6155084447
489, 71913.48658604365
1226, 71878.14640051333
1153, 71814.83182204158
757, 71761.0902156949
894, 71568.71860829843
1327, 71541.42798678964
797, 71528.5700038638
57, 71523.78506967488
670, 71485.32514625942
677, 71242.19645134138
616, 71233.63527805361
715, 71232.81617411633
1244, 71219.5712081805
998, 71070.22962493032
582, 70979.59165826115
211, 70733.78756285139
385, 70691.8430822389
212, 70686.53441585797
497, 70345.49457073855
1254, 70190.25591213923
197, 70131.77551122903
907, 70125.83758128714
315, 69973.059373712
1014, 69965.66157612417
1095, 69811.46158077415
286, 69810.37506970612
1205, 69645.76171230944
75, 69539.16338879247
671, 69495.41661879896
1207, 69299.68905455715
737, 69289.50700703831
51, 69217.42130224316
723, 69199.9644766017
779, 69090.41963347935
1289, 69046.67465783835
82, 69046.67465783835
1353, 68935.6746879095
561, 68884.87600450279
1171, 68865.08109100822
979, 68798.14661704341
1079, 68775.6123908923
193, 68775.6123908923
756, 68729.53626766839
472, 68604.7158005467
904, 68602.08419399054
902, 68602.08419399054
901, 68602.08419399054
900, 68602.08419399054
543, 68570.18663468101
101, 68567.79583259893
714, 68475.8433328208
1257, 68429.38446085097
100, 68408.75897706643
988, 68362.69690845298
610, 68343.73779217328
1131, 68259.38134547145
319, 68220.36708727457
447, 68150.7395087994
884, 68095.93205324607
736, 68088.23887535754
317, 68046.9281858138
1047, 67974.13331644391
1034, 67932.75997046223
925, 67901.84537116138
166, 67828.2246125576
716, 67814.63175062153
376, 67756.81071781689
859, 67700.29426534705
323, 67632.4365922814
1206, 67493.13994683448
889, 67316.4786646
1239, 67279.13063274382
1209, 67271.89414695802
897, 67246.40770717712
79, 67205.9596669832
603, 67167.02717220817
1208, 67139.62798376738
1328, 67118.03850774189
1279, 67118.03850774189
355, 66934.52111943527
95, 66895.1741492802
843, 66595.33460439797
60, 66467.44847706976
1261, 66439.7132453498
341, 66316.2764907552
360, 66282.44252904963
956, 66252.8174497001
494, 66212.7094066539
171, 66176.42433748598
446, 65995.35459500602
1359, 65987.81704905178
392, 65973.16752926446
1355, 65972.28218507487
1212, 65921.1572763976
110, 65777.23966945772
329, 65579.33257626194
650, 65564.02409706323
243, 65508.69821396481
761, 65308.96820374776
1008, 65125.58750528965
394, 65107.35847723712
406, 65100.12038648959
615, 65086.69795527363
294, 64936.974889067424
1276, 64904.30388903128
1304, 64888.225364026664
1122, 64805.39249470867
810, 64778.56161567847
324, 64706.91052690113
1184, 64697.28387981667
407, 64693.12578735215
1068, 64591.81335587469
579, 64566.47301699838
1252, 64560.58750971689
678, 64337.43060335988
492, 64283.39761628191
498, 64154.74948973409
52, 63886.38528360971
1375, 63682.925752448995
1104, 63495.630075800414
629, 63442.13659037381
974, 63325.34871578369
87, 63107.377779786286
864, 63083.0199796244
499, 62995.853853355984
1291, 62908.93222154475
462, 62879.28545737679
1078, 62814.15549218998
332, 62726.41913842009
76, 62703.618696125304
730, 62662.919108133254
1183, 62597.2214388549
1114, 62456.86782591734
870, 62451.78322632307
1046, 62331.3203838443
945, 61963.235136939176
848, 61878.60600999129
1415, 61839.83403449933
1213, 61709.233718314325
1332, 61687.7309594041
944, 61655.04204504153
1123, 61446.492519597
1292, 61374.32107168213
1293, 61357.40915568838
1349, 61356.80795394735
803, 61321.35828933849
48, 61245.4044674675
735, 61198.48332562749
436, 61186.945118068295
1072, 61060.04017455825
121, 61025.470552485414
937, 60988.734060476265
906, 60972.92595424645
262, 60936.713030062776
1194, 60936.654936115134
1225, 60799.35346443303
943, 60738.86067276697
568, 60665.70236726953
115, 60607.8702076282
8, 60518.492756594685
1030, 60427.71920921451
439, 60332.71846734606
1071, 60205.71309229884
1070, 60205.712637212746
263, 60151.6302616538
1107, 60033.76391905989
822, 59967.88172272716
838, 59913.383951234486
916, 59870.60699921729
924, 59733.62189836905
982, 59731.958169260535
1295, 59616.43143466032
201, 59459.80198032424
1339, 59322.15591228095
823, 59130.574930615185
1420, 59033.686684952925
349, 58974.01480458512
542, 58966.17133367755
539, 58966.17133367755
261, 58899.03628905181
721, 58838.69942687978
627, 58802.50390808952
1133, 58653.25437074089
760, 58573.783502214814
722, 58560.989387507645
927, 58547.801459285845
301, 58503.236335782225
769, 58422.89663719922
322, 58346.44443541871
893, 58298.62346785186
1215, 58245.6124728579
959, 58238.49666447209
35, 58214.43972070236
941, 58210.191957753996
1233, 58148.45152091556
655, 58093.58197081236
871, 57841.93036163161
38, 57815.681497911355
378, 57796.67236970097
869, 57707.35704407255
1220, 57662.283811350535
617, 57601.77540702507
253, 57546.31857169202
1132, 57486.06952969303
952, 57376.937924866834
569, 57281.88002967549
689, 57250.27925430905
1055, 57211.10324023373
767, 57185.26437103945
244, 57074.48392789238
578, 56997.71731195671
950, 56819.343454375216
292, 56728.26436682429
738, 56726.72956635439
54, 56687.35157725235
1019, 56595.58886516812
445, 56595.58886516812
911, 56528.48144290644
947, 56319.384867629844
996, 56305.41497099147
114, 56279.834379303014
641, 56268.2415193824
336, 56221.47373356332
377, 56112.439057711075
440, 56045.259120815135
265, 56028.11378264361
296, 56012.216041383115
1011, 56009.90486659594
559, 55990.530627324486
66, 55958.493338723914
1154, 55944.77284679433
1275, 55786.541773032375
755, 55716.525685223896
78, 55475.334256319744
1227, 55469.15598391152
81, 55335.22256687553
1151, 55203.31643575763
1021, 54938.98038042203
624, 54921.62222910058
1050, 54840.28448384359
1156, 54667.65647673822
1049, 54598.7429153766
408, 54557.9528342529
664, 54554.258011060665
528, 54531.2843606278
344, 54518.70566534985
1064, 54301.86165298688
431, 54288.296704252425
1098, 54266.956110233674
1022, 54223.496758559566
105, 54135.63356950582
103, 54135.63356950582
83, 54133.24755813309
237, 54114.815270752035
104, 54111.793984323034
1054, 54053.786056869234
175, 54024.770559169614
839, 53892.066388632506
280, 53860.76774456445
1024, 53632.96514918267
1023, 53632.96514918267
1237, 53632.96322951547
190, 53527.833463122486
522, 53527.36286198846
340, 53465.42634568679
1120, 53463.36403917289
1272, 53264.25872547157
547, 53242.21743326684
548, 53231.691433893604
519, 53188.35407164073
1129, 53138.397370722756
476, 53110.658018000446
1127, 53104.995476575976
806, 52841.22920431536
1372, 52809.94570249601
966, 52738.839117363765
707, 52730.314312892166
1256, 52667.95306648219
880, 52661.41031512627
1270, 52604.136810653115
887, 52566.832764343206
99, 52550.54203971493
896, 52380.640030705894
990, 52366.937413660555
872, 52317.43823939843
