291, 99950.76820194203
754, 99725.68334567064
396, 99682.82010435838
44, 99682.82010435838
1148, 99423.3312516247
3, 99381.95995582012
2, 99381.95995582012
1308, 99304.75676895157
416, 99107.29234749671
712, 98971.70317026804
1144, 98907.71589999541
348, 98345.57089499985
425, 98331.20123048114
350, 98269.14356690078
1246, 97871.6916231685
811, 97843.53448345307
411, 96962.64026508869
609, 96875.97602905572
692, 96849.4576607454
426, 96829.25204655287
414, 96829.25204655287
239, 96749.61756099446
21, 96749.61756099446
1100, 96727.39481282087
352, 96665.04690914914
479, 96629.74775497397
633, 96417.80017332394
422, 96325.33970209418
413, 96325.33970209418
219, 96260.76584756532
955, 96160.08197467304
799, 95980.13747529456
798, 95980.13747529456
845, 95951.81832562455
364, 95839.83943977916
1318, 95820.16387604071
1020, 95633.8563600155
412, 95538.68960234083
363, 95530.26779373008
15, 95254.34141149663
984, 95150.35818902394
480, 95098.52491377386
751, 94707.96956790038
1117, 94499.7433551792
750, 94480.21947132832
636, 94225.72705679137
428, 93931.62236750798
1084, 93672.11840292216
1082, 93672.11840292216
1299, 93468.87318173052
4, 93360.40459689409
987, 93292.78265507445
985, 93292.78265507445
137, 93132.35620326301
112, 93114.92728400827
986, 92943.0155197499
65, 92907.15986759766
62, 92907.15986759766
382, 92345.72384751066
1419, 92045.26420767659
1103, 92005.85726403994
1379, 91975.32638846977
136, 91868.59970232092
102, 91865.02965728099
470, 91773.25937873826
612, 91674.19533699391
179, 91296.22041665738
1312, 91191.49686474606
812, 91139.30975385291
135, 90879.06291725406
1236, 90736.3038280472
41, 90664.40239964923
189, 90493.01730168659
813, 90119.87797771415
435, 90113.79687368071
961, 89643.82333599824
461, 89605.62762485254
176, 89347.78732567957
46, 89238.20383374185
513, 88942.21254258072
544, 88925.99179278927
11, 88894.87782361507
473, 88861.38108490685
1192, 88825.37850956354
20, 88796.12682420941
698, 88654.83224881384
1286, 88603.40910434411
1149, 88444.06221865134
217, 88378.3216561512
156, 88252.91984945642
1193, 88147.43878765767
1285, 88103.03263686062
246, 87882.68241933355
242, 87851.7017789275
1362, 87807.35950502584
662, 87732.86694661998
663, 87417.2707800477
272, 86854.98506256033
613, 86504.53843544069
358, 86420.04529909416
1348, 86305.17775129534
1255, 86278.54482104114
1413, 86122.38459425309
177, 85733.9317345476
643, 85690.52662344552
108, 85383.41476761247
512, 85181.16726055728
915, 84966.55722909467
795, 84768.92815453891
251, 84295.44138846507
55, 83699.03817918836
697, 83404.84354929347
695, 83070.292208016
1262, 82856.34538080807
427, 82692.6227919016
421, 82555.7627734421
791, 82405.74212691773
39, 82380.08665867268
575, 82360.47085935406
775, 82130.27656851498
656, 81401.88881129058
694, 81103.35800090582
691, 81065.40166166691
40, 80906.55139663308
908, 80481.47537419178
606, 80293.96594384026
1381, 80194.07921599377
459, 80097.8526358446
705, 79977.49533770852
703, 79977.49533770852
696, 79771.21016122612
518, 79568.26484872086
1036, 78950.84754429717
285, 78802.31686043796
169, 77987.51136111353
1067, 77946.8107920529
706, 77897.69018216692
1280, 77854.96992530163
693, 77801.01147385997
158, 77564.5841011896
157, 77564.5841011896
218, 77285.94986614176
170, 77267.6813140714
53, 77267.6813140714
88, 77152.41509879644
1240, 76318.02469838063
1152, 76107.98852224142
210, 75875.39942231319
146, 75875.39942231319
159, 75427.32966669975
160, 75418.19170682665
161, 75411.9317706724
216, 75376.07944948095
782, 75190.12543915187
594, 74939.70396732826
704, 74645.4308494198
702, 74645.4308494198
1173, 74507.60720056156
305, 74465.69652968517
1170, 74143.07041160794
620, 74060.30239490441
604, 73206.34006358375
164, 73144.59276192155
180, 73141.14321963326
330, 72873.0625121471
1389, 72850.50262826632
1043, 72849.64539781943
249, 72562.64254875155
653, 72290.67449168355
209, 72277.0869889133
460, 72177.13590899097
1264, 72107.37185635712
1263, 72107.37185635712
192, 71929.61606584529
191, 71929.61606584529
749, 71919.46135942558
905, 71727.7972498411
899, 71727.7972498411
619, 71724.13430514206
194, 71722.61705460885
699, 70891.37743782703
1058, 70789.77274816565
444, 70470.52341746881
366, 70457.26645519538
1401, 70365.74022051238
759, 70354.96159515662
556, 70275.6475981307
172, 70254.0056819915
397, 70139.29787258795
835, 70124.6041911463
600, 70066.04560729781
1002, 70007.0278719774
545, 69994.05994349574
398, 69970.89954007466
1403, 69830.11449110751
228, 69800.81675844907
500, 69455.07242758777
504, 69339.85674947167
61, 69281.79062076357
250, 69103.65936069304
645, 69001.07467419848
644, 69001.07467419848
63, 69001.07467419848
64, 68860.8954681243
868, 68411.8590120708
309, 67686.64183909717
270, 66883.6051551525
268, 66883.6051551525
1044, 66357.83706926159
1398, 66330.16008508799
834, 66311.65395101075
1382, 66294.66298376652
659, 66125.01300327305
1028, 65887.40297229716
424, 65705.04420013909
423, 65690.22616642604
471, 65573.09423709172
418, 65549.44354299337
1136, 65514.25255983381
1313, 65490.29505098393
1057, 64287.123017626756
558, 64166.925942234724
134, 64040.29558486948
1414, 63983.880337388066
238, 63938.68710608044
1076, 63914.3732239819
1075, 63742.06718886446
840, 63700.04810206446
546, 63048.34493728775
399, 62667.44252127762
701, 61057.72599775181
43, 60751.16932899212
45, 60731.48770180771
745, 60513.589829694334
830, 60038.58279904798
920, 59245.23399944696
1302, 59206.83136231063
93, 59044.107937851
142, 58995.68285611345
19, 58752.58227113214
1334, 58403.442455515564
1199, 58376.47952338932
5, 58305.76870314221
503, 58283.55366907352
919, 58205.96445967514
369, 57910.78793455622
1003, 57769.29432058793
1373, 57740.74873623151
1147, 57725.51607011101
464, 57725.51607011101
1004, 57696.25661536853
145, 57674.1713467795
353, 57097.22887315672
1035, 57044.13016811957
661, 56774.20756691472
1029, 56740.138657976124
516, 56314.51708162065
269, 56207.15544524042
6, 56139.43362297024
1172, 56009.178216857494
74, 55906.78751490018
133, 55237.73865022817
932, 54992.41515656652
141, 54647.637649468925
690, 54637.27221801193
502, 54561.2370008782
765, 54546.846769137905
515, 54546.846769137905
514, 54546.846769137905
123, 54490.91418228811
1060, 54473.96162727894
739, 54427.26886194191
740, 54394.8270315191
1162, 54041.38082530911
829, 54041.38082530911
481, 54035.205398780265
828, 53942.58972086428
654, 53907.74600820165
1080, 53682.980877669754
1314, 53602.808241737075
274, 52736.77884137359
271, 52736.77884137359
1077, 52623.325921333955
1396, 52528.72891231667
1245, 52241.05813130224
227, 51833.6040803428
362, 51428.48656230272
1074, 51056.33398537639
256, 50905.60345616584
831, 50706.580388361836
796, 50307.1392220027
852, 50254.227060209334
273, 50109.55523395099
794, 50007.43957455426
1190, 49806.86650210771
674, 49790.34980369902
1188, 49787.935778159495
139, 49750.501872958164
1404, 49727.63396354581
1228, 49715.70775142705
865, 49715.70775142705
1317, 49639.86151312704
815, 49620.648091156254
501, 49441.259749481294
1344, 49169.023038822605
1039, 48877.51978182061
1061, 48778.48297891411
700, 48588.773795965695
866, 48506.65737291479
302, 48480.39769990875
673, 48446.23797486303
992, 48441.836826198276
860, 48357.37798597088
562, 48347.00949329583
1085, 48332.56160039778
564, 48282.905465658514
451, 48191.928440028954
1234, 48190.82188890506
1086, 48184.779195791874
1399, 48112.48262245475
1288, 47699.705601916845
1397, 47663.827982854615
1109, 47635.684984474145
1081, 47622.09335814304
1110, 47451.53463993548
1108, 47451.53463993548
607, 47351.10681043242
1101, 46987.588154189056
151, 46942.596208580115
401, 46895.757386417376
1395, 46882.132568395704
861, 46862.726157398574
124, 46804.03738123685
149, 46803.57263331442
264, 46369.82218540771
1056, 46356.66737990894
922, 46218.53917401814
1106, 46044.898486431724
1105, 46044.898486431724
1102, 46044.897803281994
409, 45933.888697615825
391, 45919.18676486541
155, 45878.64021746629
1400, 45813.867555295765
1088, 45799.572606311856
1232, 45785.71076583582
437, 45751.68773384986
1018, 45727.47276565083
154, 45727.47276565083
571, 45578.32036117893
709, 45464.27493269306
554, 45429.35383695374
555, 45343.7751165027
855, 45279.25846519976
454, 45273.65994833654
1059, 45240.05460443827
856, 45203.903734956824
854, 45203.903734956824
442, 45021.58017440794
233, 44946.176340533886
1113, 44946.0761716947
1323, 44476.1168862533
168, 44286.38436567394
26, 44150.5239484351
434, 44096.32535838867
390, 44076.68706984117
72, 44002.40302816228
553, 43949.72650265016
419, 43890.65429618366
417, 43818.33745852751
167, 43818.11502875248
267, 43811.39725950355
1027, 43564.035818731565
410, 43542.09574062542
993, 43336.18562920004
187, 43240.715183325796
42, 42902.9105963158
647, 42811.32704679483
903, 42809.611942813615
1410, 42762.343680827216
122, 42723.83219079069
1300, 42723.02631268784
574, 42705.27983806512
1015, 42640.68453848221
968, 42427.03422532585
1016, 42219.98037931229
1409, 42195.49323380378
1065, 42195.49323380378
85, 42195.49323380378
1408, 42187.10920204892
1407, 42183.7496370933
601, 42182.699067823516
86, 42153.35918561469
441, 41918.46710406415
1017, 41890.82043134393
783, 41722.841604960864
802, 41691.54863234604
801, 41691.54863234604
346, 41683.01421735929
970, 41513.607655997956
304, 40995.64476749448
1191, 40964.54288884754
1189, 40821.79192801899
565, 40702.31323925221
762, 40589.751663719435
772, 40542.65738750514
1066, 40518.72727018575
776, 40325.38268038339
1287, 40248.7330782635
420, 40143.163953622854
969, 40128.46537656968
415, 40077.132867226464
1155, 40042.35812252544
972, 39934.44421042795
967, 39934.44421042795
361, 39930.22628011605
1346, 39849.13180761287
853, 39843.37553560339
583, 39473.2344973181
222, 39158.16654796007
367, 38963.31002718998
116, 38680.68884126465
347, 38658.08446767039
858, 38612.44709255216
1290, 38462.05465771184
827, 38435.77845836782
1040, 38338.5209992774
971, 38101.83383892763
846, 38057.22473671602
517, 38056.60932118398
1342, 38002.14853017629
540, 37884.717350717314
1204, 37824.25627718339
495, 37691.49740882408
1201, 37662.5840657448
433, 37651.92854752893
204, 37648.908060280606
488, 37590.21102982223
509, 37574.39315823228
930, 37525.358509927406
277, 37454.37120234484
1274, 37444.91153492897
252, 37404.787894607274
1200, 37250.1668692168
1169, 37167.66587467193
885, 36800.645431113495
1224, 36775.055257994674
867, 36719.94924650064
781, 36702.93473069973
153, 36690.24199557362
231, 36521.537562589496
30, 36409.17184823287
220, 36322.34179787348
354, 36311.205002572744
299, 36275.3871685609
107, 36204.81669457327
584, 36163.279316129876
380, 36136.57539061904
978, 36102.16387559709
279, 36013.38496782094
450, 35904.305397626944
449, 35904.305397626944
278, 35886.15020019412
478, 35805.08231940318
771, 35766.82379355811
221, 35670.91275126857
106, 35611.152352941084
1111, 35605.796416588186
622, 35602.137403996036
621, 35602.137403996036
581, 35530.0425216932
1013, 35190.90737618093
1012, 35178.705824581884
618, 35171.03125423906
1137, 35085.24054054455
56, 34963.938973801116
1310, 34959.154978032624
557, 34719.74165861382
780, 34649.71443857319
534, 34571.00765092681
836, 34564.36767150875
29, 34427.81955716093
1217, 34340.035673717575
1216, 34340.035673717575
131, 34190.31908416679
536, 34162.88175206519
535, 34162.88175206519
395, 34041.40085882422
847, 33971.90040320992
1112, 33766.48917792926
1306, 33710.525028183605
596, 33694.05999781534
605, 33651.424081229445
977, 33588.20286669451
1052, 33521.13726481657
598, 33396.8657219499
178, 33352.98439932733
381, 33061.95104210644
173, 32964.224456527016
597, 32928.30148188415
