502, 99913.85426280531
765, 99865.60889777077
515, 99865.60889777077
514, 99865.60889777077
690, 99831.44505856704
141, 99796.8581927411
123, 99678.28737334511
1060, 99621.57522755362
739, 99465.52296575552
740, 99357.2292513594
932, 98667.18108345316
1162, 98184.27600636284
829, 98184.27600636284
481, 98163.89350721163
133, 97887.1732496946
828, 97858.66368250022
654, 97744.0514228987
1080, 97007.61156011063
1314, 96746.1297942633
74, 95854.37106567994
1172, 95554.86782901293
6, 95178.11333817564
269, 94984.08866796656
516, 94679.05909641972
274, 93961.20375414216
271, 93961.20375414216
1077, 93601.65656948244
1029, 93499.88511074732
661, 93407.51963562067
1396, 93302.78790988245
1035, 92685.95873240108
353, 92546.11915757903
1245, 92399.0365593633
227, 91131.98714922369
145, 91069.50407127228
1004, 91014.49210010137
1147, 90941.77697533858
464, 90941.77697533858
1373, 90903.99609279809
1003, 90833.33380514129
369, 90485.71315252244
362, 89887.08841465412
919, 89774.35687523201
503, 89590.40610065748
5, 89537.96664593057
1199, 89371.72347668755
1334, 89308.60097673102
1074, 88756.34419192374
19, 88504.34948874458
256, 88301.8220165494
142, 87958.3646628214
93, 87850.9416985981
831, 87704.69597005023
1302, 87493.15664217935
920, 87409.4291313709
796, 86516.51999568906
852, 86360.14558192786
273, 85933.79371514931
830, 85737.90946220656
794, 85633.91409015004
1190, 85047.43061348589
674, 84999.28404862739
1188, 84992.2489992278
139, 84883.21932531809
1404, 84816.67143864617
745, 84787.47693685719
1228, 84781.98210978418
865, 84781.98210978418
1317, 84561.64540546968
815, 84505.90473245099
45, 84363.37349035438
43, 84325.4240905722
501, 83986.93617138262
701, 83741.8225314925
1344, 83204.36574000875
1039, 82373.03497235042
1061, 82092.13881329757
700, 81556.23988280969
866, 81325.15325179153
302, 81251.36667593745
673, 81155.4627099371
992, 81143.11305560828
860, 80906.41407660804
399, 80892.01919995494
562, 80877.3943465424
1085, 80836.97099975284
564, 80698.16335545128
451, 80444.34489685974
1234, 80441.26165752445
1086, 80424.42626769446
546, 80266.07478735344
1399, 80223.22155787323
840, 79234.07314919877
1075, 79169.15760360424
1288, 79082.12997416437
1397, 78983.56239893504
1109, 78906.31257487793
1076, 78904.95559524547
1081, 78869.02632057363
238, 78867.93044903532
1414, 78799.27709118839
134, 78713.87939679138
558, 78523.4106419857
1110, 78402.31263994223
1108, 78402.31263994223
1057, 78344.1584600589
607, 78128.5260431329
1101, 77143.7806318206
151, 77022.58038664726
401, 76896.56304919315
1395, 76859.93643721413
861, 76807.79108403332
124, 76650.26114655459
149, 76649.01469515478
1313, 76628.52743751633
1136, 76595.75384163992
418, 76547.70715075916
471, 76515.47934820752
423, 76356.60828768565
424, 76336.5972073461
1028, 76091.91810046144
659, 75777.45105860874
1382, 75555.8776067364
834, 75533.81994977494
1398, 75509.82279799477
264, 75492.54005121381
1044, 75473.9870691021
1056, 75457.67869544213
922, 75092.3756987709
270, 74805.16407195972
268, 74805.16407195972
1106, 74635.08471688272
1105, 74635.08471688272
1102, 74635.08292198826
409, 74343.85569328652
391, 74305.35113000192
155, 74199.23810620059
1400, 74029.96372456367
1088, 73992.64555612317
1232, 73956.47174635075
437, 73867.74246908409
309, 73825.55890731579
1018, 73804.64120148744
154, 73804.64120148744
571, 73416.87112912703
709, 73121.41720179933
554, 73031.12845092625
868, 72981.72958114144
555, 72810.22021366582
855, 72644.01409200238
454, 72629.6048347315
1059, 72543.1578684025
64, 72477.53853301736
856, 72450.24924483283
854, 72450.24924483283
645, 72322.89409404925
644, 72322.89409404925
63, 72322.89409404925
250, 72210.53661049354
61, 72017.04779005305
442, 71983.03491408158
504, 71954.41329519129
500, 71830.76373042355
233, 71790.47011837145
1113, 71790.21456585916
228, 71464.66984900925
1403, 71433.98478582663
398, 71287.2567497796
545, 71263.2327729686
1002, 71249.79532108342
600, 71188.76742650184
835, 71128.41883156398
397, 71113.3078450491
172, 70995.77915635172
556, 70973.69149748633
759, 70892.97712787495
1401, 70882.0363856232
366, 70789.4039704332
444, 70776.02677205177
1323, 70598.68870059971
1058, 70456.9011336859
699, 70356.53716768419
168, 70121.82470684251
26, 69781.82200311961
434, 69646.52397188163
390, 69597.54770536894
194, 69556.48414860535
619, 69555.05722017931
905, 69551.61282105283
899, 69551.61282105283
72, 69412.5178022422
749, 69372.3457754443
192, 69362.90023465677
191, 69362.90023465677
553, 69281.52730183286
1264, 69198.40259870136
1263, 69198.40259870136
419, 69134.84780037748
460, 69134.27545823452
209, 69042.82220553842
417, 68955.590040074
167, 68955.03920850226
267, 68938.40464055612
249, 68784.24846300593
1043, 68528.32812031108
330, 68507.61965440717
1027, 68327.91793997989
410, 68273.96016704763
180, 68272.37450290332
604, 68215.66638057015
993, 67769.06149540046
187, 67535.88141743703
620, 67490.51049298416
1170, 67421.92214484954
305, 67157.33588413641
1173, 67123.28452906237
704, 67011.81799483889
702, 67011.81799483889
594, 66776.4161318044
42, 66715.44136533813
782, 66578.82927963842
647, 66494.24273522975
903, 66490.10529684735
216, 66433.70641848368
161, 66405.88119283512
160, 66401.0279159472
159, 66393.94605031525
1410, 66376.1496317829
122, 66283.40783477026
1300, 66281.46813687576
574, 66238.76371475513
1015, 66083.48913590956
210, 66050.60857291633
146, 66050.60857291633
1152, 65875.35860803508
1240, 65718.80992423282
968, 65571.7525729308
88, 65112.428019176696
1016, 65078.49147050996
170, 65030.55590879633
53, 65030.55590879633
1409, 65020.329286119086
1065, 65020.329286119086
85, 65020.329286119086
218, 65017.62127190298
1408, 65000.42381629817
1407, 64992.44869709985
601, 64989.95493923047
86, 64920.337376299874
158, 64821.72682205682
157, 64821.72682205682
1067, 64557.16678043045
169, 64529.274866526786
441, 64364.8675879808
1017, 64299.708275202116
285, 63981.87629481109
783, 63904.792728909066
1036, 63884.293900807796
802, 63831.41018158569
801, 63831.41018158569
346, 63811.40698640924
518, 63485.68041200973
970, 63415.24515523583
696, 63357.07363785925
705, 63227.548074042
703, 63227.548074042
459, 63152.52742206907
908, 62916.0770995177
304, 62214.48672449806
1191, 62142.88496046325
775, 61943.935541500265
1189, 61814.967967984725
575, 61813.63221578541
421, 61704.08125246319
427, 61627.846443732524
565, 61541.41563601512
1262, 61537.2250029262
762, 61284.451530333674
772, 61177.15662204102
1066, 61122.68522241397
776, 60683.77795979438
1287, 60510.36498992619
915, 60422.698784518325
512, 60314.634736713815
420, 60272.06777283606
969, 60238.93906106831
108, 60213.64350256746
415, 60123.33750124239
643, 60061.83930324894
1155, 60045.10839396339
177, 60040.53347167191
1413, 59851.478127345814
972, 59802.77730515434
967, 59802.77730515434
361, 59793.31876750158
1255, 59776.28893790453
1348, 59763.51148334044
613, 59668.288133328984
1346, 59611.66077997049
853, 59598.78021501196
272, 59502.685063441044
1362, 59063.81082076508
1285, 58930.77955089296
1193, 58910.928631378934
156, 58863.90884208703
217, 58808.25228575198
1149, 58779.17989282682
583, 58774.38799165278
1286, 58709.00968812531
698, 58686.454398301845
544, 58568.23363388952
461, 58277.11337932578
222, 58078.58972850635
1236, 57808.610307539624
135, 57750.81275159916
367, 57650.9683402932
612, 57434.25162602395
102, 57359.60052100746
136, 57358.20878111023
1379, 57316.68362968181
1419, 57289.55700130836
116, 57034.37621610493
347, 56985.245051078884
65, 56960.6640478781
62, 56960.6640478781
858, 56886.13405491407
112, 56882.84868837864
137, 56876.34643951418
4, 56791.62765651293
1299, 56751.56530822005
1084, 56676.89861533819
1082, 56676.89861533819
1290, 56560.30907433387
827, 56503.50473065304
750, 56385.0988962264
751, 56304.29412312819
1040, 56293.569148284514
15, 56112.947147035244
363, 56017.633455637864
1020, 55982.07581684132
1318, 55918.43060011125
364, 55911.732029838255
845, 55873.6914466307
799, 55864.09333599356
798, 55864.09333599356
971, 55784.74501355067
633, 55716.88901408904
846, 55689.173884429845
517, 55687.8561359607
239, 55606.682691489405
21, 55606.682691489405
692, 55573.75545452352
1342, 55571.32099085177
609, 55565.027654346435
540, 55320.566591937924
1204, 55191.74100827383
350, 55116.84405372518
425, 55097.34103275125
348, 55092.83051698737
495, 54909.531536771974
416, 54856.6412984131
1201, 54848.18997308041
433, 54825.5944247385
204, 54819.19039467085
3, 54772.85194376188
2, 54772.85194376188
488, 54694.83406137859
396, 54681.89294167663
44, 54681.89294167663
509, 54661.352323852676
291, 54572.243128799455
930, 54557.641949334735
754, 54505.07521369923
1148, 54414.633184318154
277, 54407.71853974048
1274, 54387.75938105229
1308, 54379.09620028073
252, 54303.15233504176
712, 54279.073759552244
1144, 54259.82232212565
1200, 53977.87488719615
1246, 53946.54807685336
811, 53937.99233355236
1169, 53804.81254460141
411, 53669.2060256215
426, 53628.315208768705
414, 53628.315208768705
1100, 53597.05650952656
352, 53577.90823733912
479, 53567.06228801645
422, 53473.38372114433
413, 53473.38372114433
219, 53453.4778823373
955, 53422.41689370614
412, 53230.075646302634
984, 53109.31079122928
480, 53093.158517282005
885, 53039.06343389183
1224, 52985.92352453216
1117, 52906.00090148364
867, 52871.6023827421
781, 52836.335108937215
636, 52820.00462666166
153, 52810.03527579291
428, 52727.458998840724
987, 52525.55749751936
985, 52525.55749751936
231, 52461.231000158645
986, 52414.502952695715
30, 52229.688947117524
382, 52224.01188583351
1103, 52115.141352277584
220, 52051.19087867263
470, 52040.43131777347
354, 52028.32350770968
299, 51954.819287892155
179, 51886.693123078934
1312, 51852.85035730454
812, 51835.97289821871
107, 51810.18023587955
584, 51725.16008503961
41, 51682.00260238439
380, 51670.54593199633
189, 51626.267186899655
978, 51600.219567480424
813, 51504.60597171652
435, 51502.61966670484
279, 51419.04876470589
961, 51348.76132862366
176, 51251.49179076528
46, 51215.41584481279
450, 51196.97294841446
449, 51196.97294841446
278, 51160.066440023475
513, 51117.78368357936
11, 51102.144780770206
473, 51091.07352495956
1192, 51079.17009000989
20, 51069.49566405271
478, 50995.46262034946
771, 50917.890596928526
246, 50766.02305079675
242, 50755.68366519162
221, 50723.73244930663
662, 50715.99551164862
663, 50610.372961981455
106, 50602.97872915667
1111, 50592.16468795526
622, 50584.777651622484
621, 50584.777651622484
581, 50439.358356051634
358, 50274.50469582609
1013, 49758.61340360491
1012, 49734.2224747255
618, 49718.884577625045
795, 49711.21874839261
251, 49548.00840543039
1137, 49547.61711262433
55, 49341.350202975584
56, 49306.04625007004
1310, 49296.533062433526
697, 49238.96364697472
695, 49122.171879970396
791, 48889.03363889171
39, 48880.00249216074
557, 48821.80911291913
780, 48683.45692910026
656, 48533.94616067866
534, 48528.22669220889
836, 48515.14397888324
694, 48427.66532072985
691, 48414.129780095594
40, 48357.42704208699
29, 48246.55314401846
606, 48137.91892911758
1381, 48101.999203564264
1217, 48074.332944482514
1216, 48074.332944482514
131, 47781.42014458912
536, 47727.8509444728
535, 47727.8509444728
395, 47491.079145941985
847, 47355.919607940246
706, 47266.21807646735
1280, 47250.48621656966
693, 47230.60615642196
1112, 46957.721025949904
1306, 46849.5599464906
596, 46817.76487053586
605, 46735.48828277889
977, 46613.63635965613
1052, 46484.56909448812
598, 46245.93657634391
178, 46161.83658388655
381, 45606.20540420913
164, 45473.233313453726
173, 45420.46052201443
1389, 45359.394918533166
597, 45352.28776896395
215, 45342.054519035686
