222, 99620.24479619203
583, 98369.86471298465
367, 98368.71454590709
116, 96587.03134596856
347, 96446.21212419836
858, 96162.6523578536
853, 96144.0305780703
1346, 96110.52943590358
361, 95642.05007323416
972, 95617.85996116736
967, 95617.85996116736
1290, 95235.24545808886
827, 95074.30869300499
1155, 95004.81155562558
415, 94809.62688830872
969, 94523.58087298315
1040, 94481.43586881891
420, 94442.12600135172
1287, 93862.92017318324
776, 93448.68549744613
971, 93056.85107975722
846, 92791.20972989114
517, 92787.55127422632
1342, 92464.47110230126
1066, 92426.64497159372
772, 92302.3690885001
762, 92059.19374602767
540, 91772.32489384388
565, 91485.37659609194
1204, 91418.33858629984
1189, 90887.46775600706
495, 90646.6627576655
1201, 90479.6124209713
433, 90418.13954465931
204, 90400.72288497476
1191, 90187.73797171628
488, 90063.04121023223
304, 90037.35073123232
509, 89972.29328497135
930, 89691.65490357146
277, 89287.1773040566
1274, 89233.43735323142
252, 89005.91356592851
1200, 88135.38644623318
1169, 87674.92698706518
970, 87635.8917961253
346, 86890.41434294742
802, 86853.35266579535
801, 86853.35266579535
783, 86717.85867129004
1017, 86001.09771978974
441, 85884.80863315558
885, 85659.71122817513
1224, 85521.19048972584
867, 85223.76510840599
781, 85132.17023797636
153, 85063.91391075843
86, 84915.34102050943
601, 84796.53018449995
1407, 84792.28516617898
1408, 84778.71449707089
1409, 84744.87628899043
1065, 84744.87628899043
85, 84744.87628899043
1016, 84646.27663828919
231, 84162.56859106955
968, 83826.09564954381
30, 83568.22970364263
220, 83112.2018166936
354, 83053.91496048136
1015, 83004.38865255199
299, 82866.76613689621
574, 82760.70834675491
1300, 82694.14004984181
122, 82691.1209966774
1410, 82547.23450302579
107, 82499.41963437067
903, 82371.66575188935
647, 82365.31664417952
584, 82284.05642657923
380, 82145.93467467681
42, 82028.43231526854
978, 81968.32945420519
279, 81512.10264591165
450, 80955.4285435833
449, 80955.4285435833
278, 80863.18745732777
187, 80821.24170746276
993, 80489.81169782017
478, 80452.72928108365
771, 80259.8248650519
410, 79788.99959462992
221, 79778.47819838412
1027, 79715.43206739459
106, 79480.17507768012
1111, 79453.50031737667
622, 79435.2826147979
621, 79435.2826147979
581, 79077.27047509555
267, 78900.28166150827
167, 78878.5034855343
417, 78877.78271555081
419, 78644.52572534505
553, 78455.57556207005
72, 78288.27204507276
390, 78054.2249208111
434, 77992.71534265138
26, 77823.74290030848
1013, 77416.79125832261
168, 77405.17207754646
1012, 77357.76519502331
618, 77320.66394009304
1137, 76907.24198956575
1323, 76832.29888940121
56, 76326.79062406915
1310, 76303.99592881728
1113, 75469.11429499333
233, 75468.83188179629
442, 75257.19293776402
557, 75172.59194537153
780, 74845.09022750988
856, 74753.20060971126
854, 74753.20060971126
1059, 74654.5486421525
454, 74563.21715458386
855, 74548.03655490125
534, 74478.82421737746
836, 74448.01277706178
555, 74373.81130981704
554, 74144.71831394602
709, 74051.88638407046
29, 73817.40480714195
571, 73751.30978999798
1217, 73415.01387315195
1216, 73415.01387315195
1018, 73364.09845226802
154, 73364.09845226802
437, 73301.85436108016
1232, 73214.68796089718
1088, 73179.27063209766
1400, 73142.80498569431
155, 72978.31113264432
391, 72875.9518572857
409, 72838.95243341972
131, 72734.10496828097
536, 72610.0486023887
535, 72610.0486023887
1102, 72561.54754854113
1106, 72561.54585199399
1105, 72561.54585199399
922, 72134.47183978092
395, 72063.4633458617
1056, 71800.56549560657
264, 71769.02984942035
847, 71752.71141695164
1112, 70842.48274155479
149, 70754.15031191126
124, 70753.08824359035
861, 70619.39373416018
1306, 70596.5954878362
1395, 70575.36994042185
401, 70544.516313706
596, 70524.4237805796
151, 70438.79064097078
605, 70337.89419734948
1101, 70337.72937114078
977, 70062.25176550282
1052, 69771.07693443255
607, 69538.58069807118
1110, 69323.11528190484
1108, 69323.11528190484
598, 69234.85147895016
178, 69046.52737732667
1081, 68962.28341699656
1109, 68933.80116073339
1397, 68874.9516892458
1288, 68800.1743783149
1399, 67959.2055882967
1086, 67815.48227482362
381, 67810.80662014152
1234, 67803.51659423368
451, 67801.32619513152
564, 67622.06320404117
1085, 67524.90218022453
562, 67496.72213207957
860, 67476.52365401428
173, 67400.9740519019
992, 67312.76212743767
673, 67304.26591463157
597, 67250.96247484781
302, 67238.44735068888
215, 67228.4633888487
866, 67188.00083361367
790, 67159.81989728737
1363, 67129.02396954919
700, 67031.08718589689
1061, 66673.35935766806
800, 66614.63487681413
1039, 66489.2131862903
226, 66333.5152307311
1378, 66193.74242524063
186, 66086.5406483006
36, 66086.5406483006
1330, 66001.67512140324
1344, 65957.2805862927
474, 65813.59654250795
501, 65473.67087426783
815, 65161.70907791041
1317, 65128.60542095117
1228, 64998.50311545129
865, 64998.50311545129
1404, 64978.12886393143
921, 64969.12778093534
139, 64939.12525114457
1188, 64875.455902577305
674, 64871.3575815737
1190, 64843.341511503604
570, 64694.3293018571
794, 64506.50613673515
814, 64360.20006516012
273, 64337.382586109474
538, 64144.17857828232
852, 64100.45516886777
796, 64014.57492560449
275, 63768.45852370834
432, 63624.670964838646
537, 63425.4114997658
831, 63379.26601275732
256, 63071.05312739679
140, 62958.67512867962
1074, 62841.19465222245
362, 62286.43411549633
1343, 62042.75985288167
525, 61998.889195300566
560, 61885.426907911875
18, 61884.175990417454
227, 61702.36911834407
14, 61615.8819539932
576, 61615.863850795184
877, 61594.68830606014
531, 61501.78432780133
334, 61339.020997954176
1031, 61187.02679945155
1245, 61134.765237410604
826, 60987.57716447817
857, 60791.21935669415
1396, 60745.46113725139
1077, 60619.444465449356
274, 60469.58894236674
271, 60469.58894236674
1010, 60262.41139314616
949, 59948.94614927312
1175, 59761.40300893276
1314, 59369.73847014858
16, 59314.53003111424
1080, 59271.6959454182
654, 59000.08881971636
828, 58958.40765284082
481, 58848.163751857355
1162, 58840.84098002209
829, 58840.84098002209
1121, 58746.33693811724
623, 58690.58970687772
740, 58427.47448472207
739, 58390.090338282505
1060, 58336.44608457753
123, 58317.016774692784
765, 58253.089612602205
515, 58253.089612602205
514, 58253.089612602205
502, 58236.68637596794
690, 58150.31093633886
1051, 58149.084020285765
141, 58138.57430666538
1083, 57859.90282214717
1176, 57762.51639446366
932, 57753.35650693653
752, 57739.94564259617
719, 57584.023392588155
133, 57485.23355860945
90, 57252.195803901996
563, 57130.568384004335
611, 56778.698473438504
74, 56778.11106950629
1376, 56770.37610391698
290, 56701.92641938611
960, 56681.652661800144
1172, 56672.89232880957
6, 56540.15261288722
269, 56471.62647202998
516, 56363.665527241305
850, 56179.83159166151
1029, 55943.652341907626
661, 55910.57264602499
1035, 55651.24665576079
353, 55600.80214768919
1282, 55500.223941479155
1277, 55267.00547634129
1247, 55187.901175273466
819, 55139.342965868644
1062, 55121.10210503708
145, 55064.40296207657
1223, 55061.09484324676
1004, 55044.28625626929
1147, 55017.681131838326
464, 55017.681131838326
1373, 55003.85116725844
1003, 54977.97253718624
369, 54850.43175581845
1221, 54592.48744568496
919, 54588.231009638555
503, 54520.162854774986
5, 54500.73839428925
1199, 54439.10021898019
1334, 54415.672731603125
1412, 54384.15242485156
577, 54331.309369909904
335, 54265.950513717806
338, 54203.42810737392
19, 54116.043615348906
223, 53975.273508260405
142, 53911.424755789136
93, 53871.05000873098
1302, 53736.30121040985
1001, 53711.29084811951
920, 53704.70638740963
260, 53687.14240213699
830, 53069.033277218005
113, 52915.396686033324
745, 52703.357537894146
45, 52539.18226590022
43, 52524.46126446105
710, 52515.49697706085
701, 52297.444684466
890, 52147.08831552286
259, 52142.41423563727
999, 51986.67444834272
359, 51759.63184844262
743, 51702.106400912984
1037, 51503.88669367526
37, 51459.41863301472
47, 51337.32268100729
80, 51220.20768374288
399, 51171.60560822014
94, 51093.51692098528
310, 50999.22405021186
546, 50920.4059945529
1281, 50851.88616329791
1390, 50695.874567535946
909, 50665.7427245044
67, 50605.07268637909
205, 50563.99962406788
840, 50503.10795707923
1075, 50476.727033368596
1076, 50369.196445401
238, 50354.106350433394
1414, 50326.112194348025
134, 50291.26574416909
1009, 50233.200906297556
558, 50213.44670401088
742, 50174.78297647291
1057, 50140.08595057863
224, 50132.90594400748
711, 50077.080095433856
1371, 49637.26037073134
1026, 49610.85137447924
1313, 49431.78446352863
1136, 49418.14423518126
418, 49398.13992274374
471, 49384.716836885855
423, 49318.48738233515
424, 49310.13833201357
1028, 49207.9275165737
659, 49076.222350416
1382, 48983.191352666574
834, 48973.91960473566
1398, 48963.830443840576
1044, 48948.75977329508
552, 48825.19924477319
270, 48666.56128828923
268, 48666.56128828923
1316, 48338.437597595264
637, 48338.437597595264
809, 48290.18480035481
807, 48290.18480035481
309, 48250.03631234459
379, 48215.59312414804
868, 47888.16053036488
1406, 47841.756264225376
483, 47841.756264225376
484, 47817.4723012476
485, 47737.99700530784
64, 47670.56199348654
645, 47603.612813617256
644, 47603.612813617256
63, 47603.612813617256
250, 47554.90923131819
61, 47470.91625675693
981, 47453.2480030234
504, 47443.69382376575
500, 47389.90537647299
12, 47286.41127629976
228, 47230.28182348744
1403, 47216.877387269655
73, 47170.89374974081
398, 47152.726834899375
545, 47142.2148610093
1002, 47136.33409949271
600, 47109.616424394066
929, 47087.15090913515
835, 47083.18090188035
397, 47076.55920506728
172, 47025.02516033787
556, 47015.33372010787
759, 46979.901213860445
1401, 46975.09628276422
366, 46934.39412431113
444, 46928.513292686526
1058, 46787.998114102025
248, 46777.35309149724
824, 46776.4372956998
589, 46756.2433744167
699, 46743.718121589365
526, 46603.71253758134
89, 46452.404649006225
1417, 46438.08490887741
194, 46389.217507433146
619, 46388.582813996196
905, 46387.05071997117
899, 46387.05071997117
295, 46369.08481697145
289, 46342.43977506122
749, 46307.241595068845
192, 46303.03266652841
191, 46303.03266652841
1264, 46229.671438699654
1263, 46229.671438699654
460, 46201.04120061925
209, 46160.18043815663
1235, 46060.7799501586
249, 46044.4568897337
235, 46039.04731083905
325, 46008.57552268186
720, 45991.69164304345
940, 45950.56732548987
832, 45950.56732548987
1043, 45929.637285390396
330, 45920.33398665466
288, 45841.74695251936
180, 45814.51953882108
604, 45788.97605073425
384, 45751.71190146487
1347, 45734.725898738936
13, 45620.68083855412
22, 45620.67558801261
281, 45553.27353735183
185, 45537.44717600886
620, 45461.103212123766
1170, 45429.97250789375
876, 45341.29766375213
305, 45309.688953176956
1173, 45294.18646942622
1119, 45267.121063661434
704, 45243.403553957476
702, 45243.403553957476
594, 45135.97654105298
782, 45045.61696931075
216, 44979.13943902186
161, 44966.38260921631
160, 44964.15720897002
159, 44960.90973299838
465, 44902.60329916994
356, 44851.53613627989
210, 44803.19944460242
146, 44803.19944460242
1283, 44770.766079093446
307, 44741.87752656756
1152, 44722.495793284404
1174, 44718.245310967795
150, 44718.245310967795
152, 44696.5038943592
1240, 44650.28750843287
777, 44449.402929492295
165, 44377.82169894909
88, 44369.549039674486
170, 44331.51677089944
53, 44331.51677089944
1222, 44325.654705615314
218, 44325.50542130334
1271, 44250.28369593238
1248, 44246.618722452105
158, 44234.37067097276
157, 44234.37067097276
1067, 44111.01302413616
169, 44097.98906916737
285, 43841.66128036103
125, 43797.01592232973
1036, 43795.82175842275
343, 43737.09645963723
258, 43686.23365596644
