943, 99932.443456542
115, 99712.59938924042
8, 99470.91034227055
1194, 99401.59774696911
262, 99401.44316483129
906, 99305.23490320533
937, 99263.33102888596
121, 99166.17062418
1072, 99075.02115877022
439, 98970.01804507028
436, 98742.71993288082
735, 98712.68567045589
1071, 98628.71628143104
1070, 98628.71506012387
263, 98483.65822309382
803, 98394.6648921136
1349, 98303.53134440408
1293, 98301.98814559462
1292, 98258.60989674233
1107, 98168.09863250781
822, 97992.05714000127
838, 97846.62081487845
916, 97732.58073197499
944, 97547.54941765456
1332, 97465.8344013324
1213, 97412.20400446387
924, 97368.08134432128
982, 97363.66085321328
1295, 97057.08784111262
848, 96993.11528911848
945, 96785.91120736428
201, 96642.63034557353
1339, 96279.53044435426
823, 95775.89815814949
1114, 95605.6306852162
1420, 95521.96549462983
542, 95345.32009695712
539, 95345.32009695712
261, 95169.91700902372
76, 95033.17143103562
721, 95012.48543520216
627, 94918.13893053276
462, 94632.48479513226
1291, 94565.41453953856
499, 94369.67957953022
760, 94323.60666510051
722, 94290.4335246047
301, 94140.79888131226
87, 94120.51132611475
974, 93639.79860711975
893, 93612.10456782358
1215, 93475.49716589035
959, 93457.1714356651
35, 93395.23632281969
629, 93385.5944066159
941, 93384.30358008199
1104, 93269.92971748015
1233, 93225.50699791701
1375, 92868.7194722295
52, 92439.40717924426
378, 92324.59725503832
1220, 91982.1539985997
678, 91511.12672539326
952, 91258.18856806273
1252, 91063.41652603667
1068, 91001.36376564279
1055, 90839.39139717926
407, 90801.02463911785
767, 90774.26665568186
324, 90773.8826653803
810, 90633.24900205829
1276, 90388.24340470457
294, 90324.95610231401
578, 90302.60379130552
615, 90036.86321516943
406, 90011.19036904677
394, 89997.35666706435
950, 89855.69037875847
292, 89628.12151386871
738, 89624.29031491802
243, 89241.6030517197
650, 89139.13238783741
911, 89130.42816509602
329, 89110.8511477058
996, 88577.12343736374
1212, 88487.36974468575
1355, 88395.41857523844
392, 88393.82916867637
336, 88369.56172190612
1359, 88367.54422658401
377, 88100.4799740558
171, 88031.55714302183
440, 87934.98624657384
265, 87892.78589176618
296, 87853.66940849276
559, 87800.33267099093
341, 87785.2903469891
66, 87721.57774041634
1154, 87687.86530814528
1261, 87569.9262296319
60, 87521.79064842185
843, 87301.03784658259
1275, 87299.75485311532
755, 87128.41546435504
95, 86791.06769965732
355, 86724.92448353795
1208, 86383.00539731634
603, 86337.6915033515
79, 86273.44848898673
1209, 86165.03598540791
1239, 86153.16693411978
1151, 85879.89235435086
1206, 85804.76918148498
323, 85580.68398285245
859, 85472.27771247088
376, 85382.36422666734
716, 85290.72541144879
1021, 85241.84199520531
624, 85200.06162794911
925, 85153.16864691662
1047, 85039.7554897785
1050, 85004.47876851157
317, 84926.09442444584
736, 84861.83521327736
884, 84849.88773645909
447, 84764.94710869224
319, 84657.4793243143
1131, 84597.47677575338
1156, 84590.43697774906
610, 84468.26319039175
988, 84439.32052857195
1049, 84425.54984722732
100, 84369.1522287182
1257, 84337.80091407632
664, 84319.23304409276
714, 84267.33644609373
344, 84234.3326204517
101, 84128.49844062861
543, 84124.8996564573
472, 84072.98645410017
979, 83784.30816721485
1064, 83717.80428867471
431, 83685.56647272159
561, 83656.03800628631
1098, 83634.86708003649
1353, 83581.23989241503
1022, 83531.68628262926
1289, 83418.64458718382
82, 83418.64458718382
779, 83354.88261311142
723, 83195.9907425094
1054, 83129.6154123967
737, 83066.93224936932
175, 83061.00912010403
1207, 83052.30319632047
671, 82772.91729565183
839, 82747.73815920654
75, 82710.94299955289
280, 82673.97269392219
1205, 82560.64186686552
1095, 82328.99490178254
1024, 82138.4601061879
1023, 82138.4601061879
1237, 82138.45560367014
1014, 82115.56709822064
907, 81896.02249919555
522, 81891.03226198518
197, 81887.92548589922
1254, 81808.33958650127
340, 81746.1545528788
547, 81225.50903249033
548, 81201.01327750357
385, 81137.3455470583
1129, 80984.12472457875
1127, 80906.5695201397
998, 80644.54131309359
1244, 80453.11065406026
715, 80436.21535648807
616, 80435.17094555823
677, 80424.25795120648
806, 80295.92527584563
1372, 80223.71101283014
57, 80068.40094191195
797, 80062.40529946767
966, 80059.73495876769
1327, 80046.3023434856
707, 80040.09162365216
894, 80012.16498781764
880, 79881.43981201951
1153, 79706.77919813976
887, 79664.02361823877
1226, 79628.9291583329
489, 79585.60132336937
1045, 79316.51624470588
896, 79237.17748513145
990, 79205.82574381676
746, 78998.63588501287
649, 78924.99744549711
327, 78908.84360157377
669, 78826.06134903019
585, 78815.16750202802
1053, 78804.80755460437
1033, 78767.61125368482
747, 78711.44265278791
1335, 78709.52100153733
926, 78473.17760806692
1097, 78355.71812191735
198, 78250.93942127308
758, 78178.79482690917
995, 78172.69203501852
375, 78009.39559785354
118, 77916.42979402925
652, 77803.44379039675
587, 77641.23245633673
49, 77617.48983858514
9, 77586.28035319515
883, 77445.85434258642
931, 77289.64482869778
648, 77281.66043229478
599, 77280.96886600464
393, 76968.7528302517
1096, 76906.23079119585
766, 76855.80729196411
282, 76711.94451517945
602, 76647.41498022476
1340, 76352.0465563074
1116, 76336.1545437754
448, 76170.04256987445
1402, 75997.13036189639
300, 75936.32557323865
1142, 75827.13153030716
1374, 75790.89622021388
1198, 75769.11839571435
1195, 75760.34632322619
1073, 75726.69334572434
1331, 75600.65800370701
935, 75588.08079440618
586, 75246.0528305391
1387, 75198.23532892102
1386, 75083.22430795424
1197, 74817.67454304728
1196, 74728.56436511196
511, 74644.48906495284
1298, 74548.43314351153
1366, 74469.98541937892
1311, 74357.23607720686
181, 74046.85567820241
946, 74030.20261335488
658, 73961.46358190448
1377, 73956.88868096407
1380, 73864.67163678452
821, 73862.10075165522
573, 73856.104305853
541, 73830.09686013758
590, 73667.98140611102
1130, 73612.62618442748
1146, 73562.86702247855
1038, 73497.30485051461
96, 73335.71006097792
660, 73270.34225279465
1093, 73225.46874079324
510, 73225.46874079324
774, 73181.15411654126
773, 73181.15411654126
994, 73036.96972615943
316, 72931.57336364403
1069, 72848.9915249717
126, 72587.10414896786
651, 72555.56216288688
1259, 72411.99435467055
910, 72213.75926506081
1260, 72207.5599080794
614, 72154.38705435075
1351, 72113.92602439146
639, 71920.18092727949
32, 71844.0845863745
789, 71805.62567572841
1158, 71769.26669858406
147, 71745.05069689889
1357, 71523.55158580946
1128, 71505.81359669307
928, 71484.53646584848
680, 71452.81268336665
784, 71401.87509538079
888, 71192.08377406643
383, 71177.46445969831
1007, 71163.36681410577
631, 71140.01824442168
997, 70833.79879759974
873, 70833.79879759974
50, 70700.7906278648
196, 70695.70683046844
1358, 70624.02193609004
1294, 70606.15080150096
837, 70536.23027642304
312, 70521.59652530363
951, 70445.65398671354
182, 70279.78448132165
572, 70103.7003333839
199, 70087.93259711967
117, 70080.5381141893
58, 69970.59342623386
1242, 69968.45723605332
1241, 69968.45723605332
351, 69877.01763867652
1099, 69752.56387066939
97, 69593.09887885464
881, 69556.34403380478
851, 69366.97086782362
989, 69335.78214191082
403, 69335.78214191082
1325, 69191.38155715121
453, 69169.39250881593
452, 69169.39250881593
127, 69141.6874412611
1143, 68968.85563602237
953, 68870.35209564237
297, 68870.35209564237
1165, 68758.24865601094
628, 68602.90471671875
936, 68575.88000235548
1297, 68552.51199758222
1211, 68536.98584353976
91, 68504.9615333007
163, 68311.08692369268
718, 68299.24395721708
1269, 68150.39143707478
1231, 68143.34676237869
1251, 68137.28846534326
844, 68068.78835524381
92, 68013.62785175692
933, 67956.12235970671
293, 67944.11692136529
1238, 67917.22383057763
849, 67789.62978043043
917, 67781.13211076656
1089, 67719.96571992426
1164, 67676.7701808186
200, 67676.7701808186
549, 67662.71345237372
626, 67648.45652053134
188, 67588.54383663111
1118, 67527.81132057977
595, 67527.81132057977
34, 67472.04044810156
1296, 67471.48000319986
1333, 67450.80884816266
1392, 67288.11645552957
339, 67262.91505966664
202, 67252.9405456883
1268, 67196.98354216362
245, 67104.5998535335
1258, 67052.9017215564
138, 66810.48811486522
402, 66735.08938831039
1161, 66699.80881477108
232, 66686.45097087017
1091, 66312.43367054741
1090, 66312.43367054741
591, 66276.8567646039
1352, 66216.8210500466
524, 66189.4583502917
913, 66017.53083566121
357, 65974.80463289165
214, 65835.3602273884
679, 65765.54804493941
443, 65708.2517320292
875, 65524.96964799197
33, 65419.920779877924
284, 65417.68522267229
567, 65411.6658755292
744, 65365.42167140145
1134, 65363.079498261824
895, 65360.4294706991
688, 65214.9301375955
686, 65092.418211589065
1309, 64980.016807254506
1336, 64871.004476554575
1319, 64753.095818956615
493, 64739.230797069016
1048, 64689.46460886298
1230, 64682.20770694394
882, 64642.96850654192
731, 64552.43524833455
389, 64527.837151534026
457, 64527.10908843642
687, 64524.98714858536
973, 64241.177406392184
804, 64194.73471394974
387, 64166.83595772936
785, 64161.279154940275
1364, 64081.15758695695
1394, 64020.9244923442
59, 63955.05242409777
763, 63921.09621340691
666, 63897.15229624016
405, 63825.649334260335
162, 63756.935738943655
1163, 63748.951451812
388, 63698.45553881862
625, 63657.408998425155
805, 63599.68662195458
918, 63594.070362835686
657, 63494.191082865225
550, 63487.65876160002
608, 63404.65678630003
732, 63390.91030456078
630, 63390.76422832281
726, 63371.50386787364
1250, 63232.70193063944
912, 63044.569752273885
1265, 63006.92408171551
1126, 62965.55440645932
283, 62904.24257455659
1087, 62871.109079570495
965, 62834.32790194633
1267, 62830.40302396541
964, 62825.157797661646
963, 62825.157797661646
962, 62797.64437243023
1141, 62728.14956651198
1138, 62728.14956651198
521, 62645.97412775157
342, 62601.85925461839
1140, 62537.13306532222
954, 62490.47051270523
31, 62489.26782987992
1139, 62441.934415317315
914, 62328.32786563451
874, 62314.09400296428
1338, 62292.43983447994
1337, 62292.43983447994
1218, 62244.9207672101
1219, 62223.58059949576
646, 61977.11911315684
400, 61811.529727883695
505, 61696.04778034601
1393, 61669.904916079046
879, 61625.05669618371
878, 61625.05669618371
77, 61622.068781412774
234, 61573.79916410406
1182, 61567.86788765145
1178, 61567.86788765145
23, 61499.05194556278
1181, 61469.40543757019
1180, 61469.40543757019
1179, 61469.40543757019
308, 61448.073000968674
1177, 61355.133776364026
24, 61301.44415017071
948, 61284.75826518395
247, 61281.52341980503
25, 61026.632525054134
1005, 61009.944455499324
1391, 60905.78467730016
333, 60665.49956820684
684, 60642.321524156694
321, 60450.17074262644
84, 60444.308162460526
207, 60407.768459641586
287, 60378.0362697128
386, 60373.59151728514
1266, 60352.17655625588
203, 60261.741629414944
787, 60241.3538001406
1092, 60234.18998746796
685, 60176.643059786606
975, 60158.048115672114
506, 60146.7700252291
976, 60127.0930023102
635, 60125.95525393705
634, 60125.95525393705
788, 60092.97045062391
1186, 60066.74838761781
1214, 60047.89100386676
682, 59960.71820598776
132, 59931.57906432772
328, 59929.67777259884
725, 59877.3737930693
371, 59800.53582024356
1000, 59781.554786905144
566, 59754.32600801599
683, 59715.030833798344
863, 59671.2363792257
1341, 59556.79978447035
1006, 59522.42555853358
681, 59409.55187550839
1416, 59338.6366074446
1354, 59333.60396327791
818, 59220.33846959141
1322, 59093.31972878018
529, 58933.072259798246
508, 58762.071122279216
842, 58701.4812777164
507, 58563.634062853576
938, 58486.46676400721
724, 58485.00602443221
372, 58411.77848745132
675, 58296.597659596126
