486, 99899.49785931589
326, 99423.38433996894
728, 99102.64593405744
1321, 99083.81906887743
729, 98963.85289860825
1405, 98871.39979312605
676, 98736.8175049705
370, 98687.74975406543
311, 98535.8533259417
958, 98323.25948816842
1388, 97869.27516131637
496, 97730.33967844318
741, 97611.35817225429
983, 97405.83797688453
241, 97193.11944777303
667, 96850.77083252667
1329, 96519.71523567602
1301, 96297.58121664014
757, 96242.73252236898
70, 96029.60930380595
670, 95747.36434696298
109, 95424.34813773686
1368, 95300.60320859686
592, 95138.70120739771
582, 94842.25713015236
211, 94403.90758887662
212, 94319.75649308604
120, 94283.62955872234
497, 93713.52694670897
1125, 93335.14443354412
665, 93158.72849259948
315, 93053.71591738671
1350, 93040.28627925673
892, 92869.72413980536
1411, 92852.84714259615
148, 92809.5247555663
286, 92766.22876459127
213, 92602.48493333507
71, 91911.55293219181
51, 91722.11122815625
753, 91601.03245621428
1171, 91104.43442666891
778, 91089.93783043674
1079, 90947.91441952456
193, 90947.91441952456
756, 90867.3582702475
904, 90644.71142027894
902, 90644.71142027894
901, 90644.71142027894
900, 90644.71142027894
208, 90629.6432058685
119, 90463.93635251535
734, 89743.59189773283
1034, 89479.81444202275
1, 89397.92750190213
166, 89298.53735170707
1025, 89054.55461699523
1115, 88501.83171314522
889, 88413.65352819551
1145, 88389.05573225467
897, 88292.81865487625
1328, 88071.65486384676
1279, 88071.65486384676
490, 87823.01207234772
668, 87791.96117389943
458, 87742.84727137662
0, 87575.2910206371
1360, 86840.11558231254
1284, 86807.47059953684
360, 86638.45928852286
980, 86592.66251351104
956, 86587.85068581183
1324, 86557.0443301569
494, 86519.35613851389
446, 86148.61046783281
7, 85803.73747614781
110, 85777.31717003786
1185, 85279.80327871336
761, 84982.71039310392
1008, 84672.46742999878
1304, 84271.67662399619
1122, 84132.01772862845
942, 84103.39196599022
1184, 83949.90319178
174, 83933.14811802907
1150, 83801.79246936664
579, 83729.78755916309
492, 83254.36123267167
498, 83038.70431829573
632, 82933.69065812176
520, 82929.49244348683
1249, 81839.63117740396
314, 81665.23985503144
1367, 81603.22667747774
337, 81573.54716279206
864, 81251.97650522413
1305, 81239.09993622873
588, 80967.81741477475
1303, 80873.98100817438
1078, 80806.48075170953
332, 80661.34206224568
730, 80556.36893382714
1183, 80447.82676809115
1124, 80286.75081896085
870, 80207.77251736843
1046, 80009.18213003529
733, 79299.62248055414
1415, 79201.18774354731
1123, 78557.13460383662
48, 78228.76136953055
482, 78215.11682436921
638, 77920.0674323302
225, 77920.0674323302
206, 77900.76895936998
1225, 77502.49788995822
938, 77414.68793289427
568, 77285.4558762542
1030, 76899.63224278811
1322, 76376.5074356736
1354, 75978.82307071432
1416, 75970.57227389503
863, 75432.27528259567
566, 75299.91304132507
1000, 75256.71825223399
371, 75226.65993758732
328, 75023.2893184447
132, 75020.30993739421
1214, 74838.85165842467
788, 74768.94709520412
349, 74560.72188907122
787, 74540.50277866042
203, 74509.31119306841
386, 74339.02702063591
287, 74332.28925406809
207, 74287.27531074913
1133, 74048.73863886434
927, 73880.7403828253
769, 73681.95798499636
322, 73560.39601415626
1005, 73396.39537390727
655, 73158.92592455634
247, 73007.16550148102
948, 73002.5748411291
1177, 72902.96516031305
871, 72760.27714058856
1181, 72742.28555504885
1180, 72742.28555504885
1179, 72742.28555504885
38, 72718.74705629448
1182, 72604.87811302932
1178, 72604.87811302932
234, 72596.6314096935
869, 72547.46246792967
617, 72380.67393579432
253, 72293.13095616465
1132, 72198.07209234664
569, 71876.28785480156
689, 71826.54010377252
874, 71593.83087600293
244, 71550.04808515977
31, 71363.98738688251
342, 71217.70913751007
54, 70942.6843581232
1087, 70872.42045720297
1019, 70799.02550732215
445, 70799.02550732215
1250, 70418.48831311055
947, 70367.31982611815
114, 70305.58901300436
641, 70287.49885437664
726, 70247.14185522846
630, 70223.49052995376
732, 70223.31126709566
657, 70097.00082369318
1011, 69884.85690502927
1163, 69789.09928550116
405, 69697.40984596798
666, 69612.34498627519
763, 69583.94848615788
59, 69543.75392006479
78, 69054.59336256653
1227, 69045.02052911973
457, 68879.74843966722
731, 68850.91371786162
81, 68837.62757977744
1048, 68695.7083427857
493, 68639.67608566818
1319, 68624.09691426714
1309, 68371.06035825459
1134, 67952.0426643381
744, 67949.5114595773
567, 67899.610642685
875, 67777.95337272817
408, 67638.86213230921
528, 67597.87724757897
679, 67522.45506385312
214, 67449.02102240498
357, 67303.28206449027
591, 66991.82374717073
105, 66990.95602808517
103, 66990.95602808517
83, 66987.3023198204
237, 66959.07946553006
1091, 66955.51431504545
1090, 66955.51431504545
104, 66954.45381590787
232, 66578.48132330696
1161, 66565.1720264114
402, 66530.07083597254
138, 66455.30335474327
1258, 66217.18376661859
245, 66166.84343108619
190, 66062.6945216624
202, 66023.25017337353
1120, 65964.52321915505
1333, 65833.65701199246
188, 65702.97463121051
1272, 65661.6833004013
549, 65633.03697697225
1164, 65619.81632929895
200, 65619.81632929895
1089, 65579.25762696905
519, 65546.37073673804
849, 65514.0602978113
476, 65428.415892113575
1238, 65395.328108778594
293, 65370.41448534585
844, 65255.423200885954
1231, 65187.047299926904
718, 65045.01919219963
936, 64796.08514778218
628, 64771.9759293536
1256, 64757.84446035321
1270, 64661.39441597474
1165, 64634.10399091072
99, 64580.434257902554
1143, 64449.103216768046
127, 64298.90970940976
453, 64274.96824246369
452, 64274.96824246369
1325, 64255.99262232822
872, 64228.74743422819
989, 64131.95664930593
403, 64131.95664930593
851, 64105.29691044186
97, 63913.3765126767
467, 63834.44444845236
469, 63805.451589417564
1099, 63779.46693176657
468, 63766.85514104096
862, 63686.3519713419
466, 63598.99901174384
58, 63598.26376574186
1383, 63539.76446436848
199, 63501.63323538633
572, 63488.69525606571
313, 63433.33621815188
770, 63426.8231991753
182, 63344.961962057765
312, 63149.7936138121
837, 63138.06397930721
1294, 63082.146495199064
1358, 63067.8880590883
196, 63010.831488977215
50, 63006.793422062554
997, 62901.5337224798
873, 62901.5337224798
1135, 62867.67516007164
631, 62662.01259003708
888, 62621.67280145056
717, 62488.24294340928
680, 62421.31984018998
928, 62397.1289926968
1357, 62367.43324615287
345, 62346.002311861615
147, 62199.98557031153
789, 62154.528032316724
639, 62068.95184255593
1356, 61981.46658765138
614, 61895.56398691743
1260, 61856.4898535738
713, 61805.59234106722
1259, 61707.25084105005
651, 61603.37452214966
126, 61580.65455718995
1069, 61393.414984262585
1370, 61312.880846501386
1369, 61312.880846501386
994, 61260.53982131683
1038, 60940.39532494859
590, 60823.55285252976
541, 60713.48280844088
573, 60695.906712415956
1377, 60628.008102603395
946, 60578.82758352462
181, 60567.68103467083
642, 60384.21907882433
820, 60289.48202444662
1366, 60287.49027219796
306, 59987.207621220696
430, 59906.72480868333
255, 59601.26319267057
935, 59574.09711791655
1331, 59566.28689567342
429, 59540.53504239366
1073, 59488.27700046176
792, 59446.24683225151
1142, 59426.441717781985
17, 59406.430208249316
10, 59406.430208249316
640, 59386.46868687949
276, 59369.188941211236
300, 59359.54650471553
786, 59344.10360867565
1402, 59322.44422270915
448, 59217.510894017425
368, 59109.985661893574
240, 59058.33274641137
825, 59031.23853305267
602, 58932.160735550446
393, 58743.59498789567
527, 58677.681965762626
816, 58632.304922125535
648, 58562.62511665308
931, 58558.04104486667
9, 58388.90592540693
49, 58371.24264516526
652, 58266.5141233326
1384, 58257.18642743002
118, 58203.30736997209
375, 58151.539993552724
257, 58126.386168906465
1315, 58017.697498604924
365, 58017.697498604924
926, 57896.470186446226
833, 57847.26882757636
793, 57825.99874809513
195, 57810.641756957506
1335, 57768.49137533645
1033, 57737.23955208866
331, 57717.761708126556
1053, 57717.27032920501
585, 57711.71429649164
768, 57696.785264684106
649, 57652.96779288312
1045, 57445.8322595911
1326, 57378.319658737484
489, 57305.50361114699
1226, 57283.06044330439
1153, 57242.84062604461
455, 57153.45160379215
1094, 57093.211238341326
894, 57086.363414890155
1327, 57068.99879777712
797, 57060.81652539173
57, 57057.77144527284
1307, 57025.11917100952
677, 56878.426275886515
616, 56872.969145224015
715, 56872.447011665085
1244, 56864.00374071834
934, 56838.659292060525
998, 56768.75910745884
236, 56768.190778663375
1418, 56667.129844543495
456, 56636.90318812653
1278, 56630.86700194565
98, 56581.07239290984
385, 56527.0769503394
748, 56278.43566558573
1254, 56205.90415208562
197, 56168.398850345235
907, 56164.58997455328
184, 56159.80884829411
183, 56159.80884829411
1014, 56061.79685231708
463, 56052.96968199708
266, 56045.49314891717
1063, 55974.873770342325
1095, 55962.75043994612
477, 55955.93353253084
1205, 55856.220584428505
817, 55792.02887170706
75, 55787.634546657624
671, 55759.47556167791
1207, 55633.40350062036
737, 55626.84119593122
723, 55569.11487247188
779, 55498.45341423196
1289, 55470.22357673411
82, 55470.22357673411
1353, 55398.56066321797
561, 55365.749305009325
979, 55309.70800425188
472, 55184.6203692016
1032, 55163.41070124407
543, 55162.276569651134
101, 55160.729320382954
714, 55101.204642347555
1257, 55071.1180068402
100, 55057.758444893734
988, 55027.91739206627
610, 55015.632556066164
1131, 54960.95644770834
319, 54935.660230355286
447, 54890.50082564999
884, 54854.94090003704
736, 54849.94855628953
317, 54823.13700607088
1047, 54775.87612841046
925, 54728.92490923749
716, 54672.253602886456
376, 54634.66598963786
859, 54597.914433970276
323, 54553.772209781935
1206, 54463.104390742024
1239, 54323.66543254443
1209, 54318.94747424169
79, 54275.95128830456
603, 54250.55560195835
1208, 54232.67970278871
355, 54098.77384067725
95, 54073.067824391284
530, 53936.822508841244
1273, 53928.96756187745
843, 53876.98722399783
60, 53793.25324382751
1261, 53775.08537606831
891, 53737.885276377725
438, 53700.99746375463
341, 53694.19347469174
171, 53602.474774623355
475, 53599.73398688519
1359, 53478.664465969414
392, 53469.04224670859
1355, 53468.46070163138
1212, 53434.87389727056
329, 53210.05638692732
650, 53199.97768447291
243, 53163.54516814398
394, 52898.91229462829
406, 52894.13407167306
615, 52885.27273134371
808, 52881.98050414097
258, 52881.12134556612
343, 52806.785868425985
294, 52786.380755313345
1276, 52764.790241353185
125, 52719.70231849763
810, 52681.655960383956
324, 52634.25700792686
407, 52625.13581816339
1068, 52558.07639438669
1252, 52537.39988123758
678, 52389.52575619983
52, 52090.059788629595
1248, 52082.656781633006
1271, 52077.57964780945
1222, 51973.57171375181
1375, 51954.71966244143
165, 51902.03292232586
1104, 51829.99077597768
777, 51804.46236467321
629, 51794.34215691915
974, 51716.475128318976
87, 51571.00448095827
499, 51496.50396398199
152, 51472.812347859144
1174, 51444.00904882996
150, 51444.00904882996
1291, 51438.404940934524
462, 51418.58214195084
307, 51412.76903032626
1283, 51374.676734472654
76, 51301.05564540686
356, 51268.73179442276
465, 51202.16865171228
1114, 51135.76929788623
945, 50804.39736246095
848, 50747.4909596375
1119, 50736.29153525735
876, 50643.43083749025
1213, 50633.517334762546
1332, 50619.03971269444
944, 50597.02707909076
1292, 50407.8177880545
185, 50400.944985091526
1293, 50396.40907681704
1349, 50396.00348783498
281, 50381.571703275826
803, 50372.08555529796
22, 50299.3803459792
13, 50299.373963258564
735, 50289.1434321848
436, 50281.35194964124
1072, 50195.62142819645
121, 50172.25696097622
1347, 50161.462170846295
937, 50147.422817623265
384, 50141.044729058456
