400, 99805.69755957671
646, 99762.99711677228
505, 99504.96023746794
1393, 99436.97491228649
879, 99320.42791608158
878, 99320.42791608158
77, 99312.66691354309
1219, 99130.9615960766
1218, 99076.84625448601
23, 98993.53419569459
1338, 98956.69011060866
1337, 98956.69011060866
914, 98866.25812348897
308, 98861.51161213293
1139, 98581.75555554079
24, 98482.52238344715
954, 98461.01988796031
1140, 98345.39931734516
521, 98077.43018874571
1141, 97876.6898098553
1138, 97876.6898098553
25, 97775.17499601595
962, 97707.97399329428
964, 97641.44178920139
963, 97641.44178920139
1267, 97628.77481693377
965, 97619.2999554794
1391, 97465.33338226008
283, 97451.02730806616
1126, 97304.24303597143
1265, 97205.61192641819
912, 97116.1451380065
333, 96851.45427135893
684, 96792.39248777303
321, 96303.79253599273
84, 96288.9141599496
608, 96273.89974926603
550, 96083.1632459893
1266, 96055.32213236098
918, 95840.4579706021
805, 95827.70487824088
1092, 95756.79240625148
625, 95696.9585530311
685, 95611.437214837
388, 95604.34501745072
975, 95564.50407165261
506, 95536.04679059311
976, 95486.41205467547
635, 95483.54270071552
634, 95483.54270071552
162, 95472.91023720104
1186, 95334.3135280456
682, 95067.49875757581
1394, 94887.01094271027
725, 94858.15805539739
1364, 94755.00550722957
785, 94580.3632978985
387, 94568.29105780362
804, 94507.7586689535
683, 94451.36831176863
973, 94407.27917622318
1341, 94056.11820241142
1006, 93970.4145861899
687, 93800.96368839497
389, 93794.9414632078
681, 93689.39449256162
882, 93552.74868756488
1230, 93470.68594927383
818, 93219.69202962033
1336, 93079.22603650151
686, 92627.14678072168
529, 92509.86864110809
688, 92380.19163865673
895, 92089.796431702
508, 92089.20053155896
284, 91976.37454876739
33, 91971.95566773808
842, 91940.48060723269
507, 91602.77651428545
724, 91410.55152263456
443, 91408.05678024853
372, 91231.79084696954
675, 90951.12418559994
913, 90816.19652853964
524, 90492.84506366875
1352, 90441.74928912027
957, 90318.24018941808
841, 90213.81510832511
1210, 90151.94828551628
404, 89696.92782485556
229, 88763.468860378
230, 88723.79186294899
1268, 88675.09891659439
339, 88560.5450978682
1392, 88516.89582673958
1296, 88201.57192243205
34, 88200.6142063575
1118, 88105.49340116502
595, 88105.49340116502
111, 87998.72722697815
143, 87987.976658252
626, 87900.95913206399
917, 87677.95733893005
933, 87386.87685879892
92, 87291.96831759764
1251, 87089.11189717193
523, 87075.65332588187
1269, 87067.71564958387
991, 86987.37370145922
163, 86806.82701418629
91, 86495.75824834018
1211, 86444.75871134574
1297, 86420.07168360843
953, 85920.19499353776
297, 85920.19499353776
1345, 85811.26197097964
764, 85172.62363696677
881, 84875.88476875066
1365, 84781.89209354449
373, 84770.92505364554
351, 84403.23926034458
1242, 84270.21499702979
1241, 84270.21499702979
117, 84108.20408729358
130, 84046.01348285077
951, 83588.25276473166
1361, 83538.5725063035
1229, 82661.96766500553
1007, 82599.78124527358
383, 82580.79646597362
303, 82426.17233596534
784, 82280.76369913187
1128, 82143.17104148096
1243, 82010.40989048294
1158, 81798.234780893
32, 81701.26227533913
551, 81527.69937510656
1351, 81355.07436298233
910, 81228.38838218989
1167, 81194.69276206463
1042, 80799.87396157935
1203, 80795.22870736348
1041, 80503.7264773946
316, 80338.96100142754
774, 80038.27018919171
773, 80038.27018919171
1093, 79985.32900078739
510, 79985.32900078739
660, 79931.85657135445
96, 79854.20720709591
1146, 79586.60500439421
1130, 79528.44498156529
821, 79239.3001507767
1380, 79236.34153007592
658, 79125.2613635384
1202, 78730.81298859356
1311, 78677.25802772933
1320, 78550.61344018088
1298, 78464.32602898666
511, 78358.19447041603
1196, 78265.7586590518
1197, 78168.25101558088
1386, 77880.47289215046
1387, 77757.11764474149
586, 77706.05650177332
1195, 77165.10148091822
1198, 77156.00321385483
1374, 77133.4339389844
1116, 76576.76795785534
1340, 76560.78226985106
282, 76202.29797001151
532, 76161.77920917487
766, 76060.86908744047
1096, 76011.54766149903
599, 75648.99053293788
883, 75491.65972189805
587, 75306.9374434839
128, 74952.87712280845
995, 74813.60653308485
758, 74808.01780139795
198, 74742.07937357627
1097, 74646.7363865326
747, 74326.72820020615
669, 74224.81231315155
327, 74151.56172029719
746, 74072.4445538711
990, 73891.20990459362
896, 73863.94519839308
887, 73496.84778037007
880, 73312.75700307252
707, 73179.63147473335
966, 73163.21890730638
1372, 73026.81127287103
806, 72967.07529120072
708, 72872.55067912578
1127, 72470.0295567502
1129, 72407.91809272325
548, 72235.4091999456
547, 72216.03513652115
340, 71809.40707705388
522, 71697.98117451493
298, 71644.97793391519
1237, 71509.38721721426
1024, 71509.38380459028
1023, 71509.38380459028
144, 71159.8574548426
280, 71108.38950536397
839, 71053.90952168503
175, 70824.53850662362
1054, 70774.7335035848
1022, 70485.88111336618
1098, 70412.5796493537
431, 70376.68382923421
1064, 70353.9006565418
344, 69993.2129916531
664, 69934.70129053787
1049, 69861.73312240311
1156, 69749.22850229043
533, 69650.88808614637
1050, 69470.21888294535
624, 69340.13232964427
1021, 69312.48357050898
1151, 68896.26849986485
755, 68113.24900387977
1275, 68008.90158032507
1154, 67775.21193732666
66, 67755.08596180959
559, 67708.17674552769
296, 67676.49206452997
265, 67653.29818054244
440, 67628.3166683643
377, 67530.75667615955
336, 67373.50545568211
996, 67253.35481925022
911, 66937.85250845672
738, 66661.98279581561
292, 66659.86342315498
950, 66534.53933958671
578, 66291.60817090338
767, 66039.70574708217
1055, 66005.27924884342
952, 65785.91327709635
1220, 65414.76189448911
129, 65249.76937024284
378, 65242.66419176253
1233, 64800.140281648535
941, 64723.63852946708
35, 64718.387781986734
959, 64688.68100327195
1215, 64679.903954026966
893, 64614.65931027592
301, 64365.15581472137
722, 64295.394070882576
760, 64279.97869412277
627, 64006.761896382544
721, 63963.93102354295
261, 63892.77717754954
542, 63813.96276491513
539, 63813.96276491513
1385, 63810.37556253872
1420, 63735.07785555822
823, 63622.52707261451
318, 63557.13250713852
1339, 63402.214789628364
201, 63245.73469628927
1295, 63069.48251123079
982, 62940.698900221396
924, 62938.85172799302
916, 62787.48419909932
838, 62740.50631773847
822, 62680.855126962386
1107, 62609.03837925691
263, 62481.35501855745
1070, 62423.10896701641
1071, 62423.10847779108
439, 62287.15966445892
8, 62090.38576305463
115, 61996.58573472234
943, 61860.12033446036
1194, 61656.295720041555
262, 61656.23624596695
906, 61619.20735949501
937, 61603.07077340622
121, 61565.635788934014
1072, 61530.49146753636
436, 61402.158951412945
735, 61390.543822364016
803, 61267.39171446311
1349, 61232.045267511814
1293, 61231.44651996906
1292, 61214.613240726234
944, 60937.879566094154
1332, 60905.98032293446
1213, 60885.03361756562
593, 60790.32485954189
848, 60721.04960503457
945, 60639.77738501045
1114, 60174.3428754487
76, 59947.06082540715
462, 59787.37485169674
1291, 59760.59662607016
499, 59682.36820537399
87, 59582.6116297395
974, 59389.60561610105
629, 59287.249427079056
1104, 59240.60926225311
1375, 59078.49923506687
52, 58904.469116520595
678, 58526.16032798408
1252, 58342.71114380548
1068, 58317.23387979408
407, 58234.89454853993
324, 58223.72917964741
810, 58165.838474424745
1276, 58064.830034580875
294, 58038.70675102248
615, 57919.62426761751
406, 57908.999267289575
394, 57903.27313561651
243, 57589.49009727012
650, 57546.79989666186
329, 57535.01155166236
1212, 57274.45332885346
1355, 57235.91651470718
392, 57235.25014457328
1359, 57224.22876843104
171, 57083.14428656107
341, 56979.49359628778
1261, 56888.68205025762
60, 56868.36355016242
843, 56775.08127737102
95, 56558.954065897015
355, 56530.857496905875
1208, 56385.37753792855
672, 56379.95499361752
603, 56366.067333575535
79, 56338.678552061814
1209, 56292.42684455987
1239, 56287.36073539371
1206, 56138.43701624996
323, 56042.42993531681
859, 55995.922035283074
376, 55957.31693685646
716, 55917.942210842695
925, 55858.78305317903
1047, 55809.95788039026
317, 55760.9810508541
736, 55733.271673811934
884, 55728.118184009814
447, 55691.46506642817
319, 55645.05503249863
1131, 55619.12532098028
610, 55563.243705962326
988, 55550.718714189505
100, 55520.34105214378
1257, 55506.76267639078
714, 55476.23164404233
101, 55416.02446475243
543, 55414.46294817247
472, 55391.93267627294
979, 55266.473270327035
561, 55210.63266276189
1353, 55178.043472799574
1289, 55107.13303323602
82, 55107.13303323602
779, 55079.29979038312
723, 55009.877757623006
737, 54953.42418138234
1207, 54947.02130267119
671, 54824.59235739264
75, 54797.39694128292
1205, 54731.38498746051
1095, 54629.487305751856
1014, 54535.43302306175
907, 54438.51167174936
197, 54434.93378890222
1254, 54399.75399294925
385, 54102.236542782055
998, 53882.68167029787
1244, 53797.15487722333
715, 53789.59997236824
616, 53789.13291884908
677, 53784.252461080454
57, 53624.86701151437
797, 53622.17760401424
1327, 53614.95379791293
894, 53599.636563414
1153, 53462.41953917155
1226, 53427.38428882205
489, 53407.87547672169
1045, 53286.56048469302
649, 53109.56392022792
585, 53059.80914144798
1053, 53055.11357524843
1033, 53038.25131413644
1335, 53011.90675475319
926, 52904.591428841166
375, 52693.390775434855
118, 52650.95719400255
652, 52599.34131122446
49, 52514.28534869831
9, 52499.99710588561
931, 52364.00645129262
648, 52360.34140325311
393, 52216.51600627556
602, 52068.42378607487
27, 52035.364385276895
448, 51847.68461752981
1402, 51767.51110401304
300, 51739.29034020346
1142, 51688.57495053487
1073, 51641.885164907355
1331, 51583.24050334636
935, 51577.38487730008
1366, 51054.34322440521
181, 50855.114025702394
946, 50847.25839990475
1377, 50812.66140097111
573, 50765.065990524075
541, 50752.77738410329
590, 50676.11623125537
1038, 50595.292829829465
994, 50376.718105919594
1069, 50287.216944445056
28, 50166.71943621248
126, 50162.28701940558
651, 50147.22153646631
1259, 50078.59771723948
1260, 49980.73535431813
614, 49955.25365609606
639, 49842.8788316213
789, 49787.83202935088
147, 49758.70238948509
1357, 49652.058182035194
928, 49633.25281719101
680, 49617.95726542612
888, 49492.08999080986
631, 49466.921609093406
997, 49318.66826875089
873, 49318.66826875089
50, 49254.1522287131
196, 49251.6848553998
1358, 49216.88180189588
1294, 49208.202021543984
837, 49174.2297206329
312, 49167.11703534965
182, 49049.45555551613
572, 48963.62209437196
199, 48955.92965654659
58, 48898.65184766341
1099, 48792.069382616784
97, 48713.9889994888
851, 48603.08352757112
989, 48587.76989319016
403, 48587.76989319016
1325, 48516.815582590476
491, 48508.52402182664
453, 48506.00302962735
452, 48506.00302962735
127, 48492.37684595806
1143, 48407.29929171233
1165, 48303.45467671051
628, 48226.73741757763
936, 48213.38060951581
718, 48076.47486166835
1231, 47999.17737812471
844, 47962.17260178697
293, 47900.24223769528
1238, 47886.874339342794
849, 47823.40788344819
1089, 47788.72663106444
1164, 47767.21180222439
200, 47767.21180222439
549, 47760.20868608961
188, 47723.24292160416
1333, 47654.533199444086
202, 47555.681436987186
245, 47481.4610498425
1258, 47455.57199057694
487, 47369.68686465194
138, 47334.02187077683
402, 47296.163280482164
1161, 47278.43992900455
232, 47271.728132406686
1091, 47083.4806575876
1090, 47083.4806575876
591, 47065.54228943008
357, 46913.018238682685
214, 46842.46825588375
679, 46807.11534297534
875, 46685.120431797564
567, 46627.575953969164
744, 46604.07309223691
1134, 46602.88246701633
1309, 46407.82547204599
1319, 46291.966103825216
493, 46284.8795147268
1048, 46259.43625453003
731, 46189.32150899773
457, 46176.35342778806
