1366, 99698.3617393467
181, 99537.3649733838
946, 99507.27515355017
1377, 99374.8622472491
573, 99192.98194603174
541, 99146.07530440192
590, 98853.94155903901
1038, 98546.85525556908
935, 97762.36778344076
1331, 97741.33700340272
994, 97721.02509925135
1073, 97531.47161090645
1069, 97384.80751495437
1142, 97365.36973856227
300, 97185.92421592255
1402, 97086.50890734518
126, 96917.36912630234
651, 96861.14663627399
448, 96805.7688477433
1259, 96605.44878513833
1260, 96241.93001292531
614, 96147.49199969262
602, 96045.52315242845
639, 95732.07889790357
393, 95545.67501148311
789, 95529.21747302717
147, 95422.03402018039
648, 95067.84885412882
931, 95055.76914487063
1357, 95030.61387507057
928, 94961.75117946637
680, 94905.77607811311
9, 94610.89563006847
49, 94564.52836315946
888, 94446.3496479353
631, 94354.73740816787
652, 94289.96616759298
118, 94124.55485880375
375, 93989.2453339515
997, 93816.81127933806
873, 93816.81127933806
50, 93583.62979251546
196, 93574.72283546046
1358, 93449.17299244001
1294, 93417.886084728
926, 93324.70623110746
837, 93295.52572322916
312, 93269.9266799266
1335, 92992.62822524426
1033, 92911.67258391634
1053, 92859.97167361826
182, 92847.41683568936
585, 92845.59081334218
649, 92693.63840273408
572, 92540.33805744702
199, 92512.86428073561
58, 92308.53613237571
1045, 92159.36468053023
1099, 91929.4515082399
489, 91798.72988438176
1226, 91741.15110308226
97, 91652.66890544166
1153, 91638.03353805408
851, 91260.86823967977
894, 91237.67645181308
989, 91206.8923586943
403, 91206.8923586943
1327, 91193.32887791487
797, 91172.43772857334
57, 91164.66388067977
1325, 90957.1890944125
453, 90919.1935146636
452, 90919.1935146636
127, 90871.33185595811
677, 90707.68312015728
616, 90693.80493825451
715, 90692.47716878715
1244, 90671.00820488027
1143, 90573.02965340446
998, 90429.0890377215
1165, 90210.16113790098
628, 89942.95304697064
936, 89896.50609986506
385, 89817.37678207827
718, 89421.70986723271
1231, 89154.66392569232
844, 89027.08135617238
1254, 89009.21994663558
197, 88915.19790532689
907, 88905.65352906265
293, 88813.93871539654
1238, 88767.99284695691
1014, 88648.35664943921
849, 88550.1551873783
1089, 88431.3256913665
1095, 88400.95628377418
1164, 88357.68243285565
200, 88357.68243285565
549, 88333.72357700398
188, 88207.35622869236
1205, 88135.42956475531
1333, 87972.91294094599
75, 87964.78769351856
671, 87894.79827247073
202, 87636.62414354447
1207, 87581.94385148092
737, 87565.68144268474
723, 87422.72152997054
245, 87384.90352926351
1258, 87297.25553446848
779, 87247.95919634793
1289, 87178.21134831669
82, 87178.21134831669
1353, 87001.33493060585
561, 86920.43793978561
138, 86886.81594497772
979, 86782.39341413401
402, 86759.33794787363
1161, 86699.71812027962
232, 86677.14994334079
472, 86474.84296731236
543, 86419.98991749124
101, 86416.1924204586
714, 86270.18940008226
1257, 86196.46031901379
100, 86163.73651714245
988, 86090.67424536329
610, 86060.60928045343
1091, 86046.34344069674
1090, 86046.34344069674
591, 85986.45076052715
1131, 85926.89102008165
319, 85865.0761996124
447, 85754.80256788396
884, 85668.04144013756
736, 85655.86589394318
317, 85590.4980017585
357, 85478.72412993692
1047, 85475.36096073838
925, 85361.08851769731
214, 85244.79211948082
716, 85223.30487982811
376, 85132.00699310028
679, 85127.78487712788
859, 85042.80761162595
323, 84935.75887809483
875, 84725.12818451473
1206, 84716.18385030932
567, 84535.7913165219
744, 84458.56979082576
1134, 84454.65952968501
1239, 84379.2885794323
1209, 84367.90636356898
79, 84264.22715912198
603, 84203.03168688364
1208, 84159.9754598428
355, 83837.94472182005
1309, 83816.23539469573
95, 83776.22446083082
1319, 83439.06993355576
493, 83416.04960270299
1048, 83333.4453812107
843, 83306.49267338584
60, 83106.46766503119
731, 83106.18688025816
457, 83064.21467143594
1261, 83063.1127771498
341, 82870.26991555447
171, 82651.99801181146
1359, 82357.99584013967
392, 82335.17752956842
1355, 82333.79858478477
1212, 82254.18588069406
59, 82118.67903922385
763, 82062.70483497092
666, 82023.24527304551
405, 81905.4583489486
1163, 81779.19689900093
329, 81722.67494084344
650, 81698.90334952356
243, 81613.01397738994
657, 81360.42178900678
732, 81190.91809673961
630, 81190.67846727217
726, 81159.08569581319
394, 80991.02963298332
406, 80979.82942894872
615, 80959.06119929891
1250, 80931.56815976297
294, 80727.53955402819
1276, 80677.05382580757
810, 80482.86244253465
324, 80372.28906371852
407, 80351.02298032636
1087, 80340.17309900708
1068, 80194.79288196498
1252, 80146.66454138678
342, 79901.03386685372
678, 79803.04010962024
31, 79717.70964166126
874, 79432.84899970566
52, 79110.25210986412
1375, 78798.50855642949
1104, 78511.94915278594
629, 78430.1783578043
974, 78251.76813882738
234, 78233.85405829069
1182, 78224.27915498026
1178, 78224.27915498026
1181, 78065.40337720765
1180, 78065.40337720765
1179, 78065.40337720765
87, 77919.20086264395
1177, 77881.1905740572
948, 77767.83294420496
247, 77762.62408761078
499, 77749.25262614741
1291, 77616.89283708177
462, 77571.76782522534
1005, 77325.84530973324
76, 77304.5912562527
1114, 76929.88902338233
207, 76361.06886301718
287, 76313.56500712091
386, 76306.46457705385
945, 76182.34108762843
203, 76127.87672603063
787, 76095.34280704436
848, 76054.45472767051
788, 75858.73425115777
1213, 75798.75021604315
1214, 75786.91234084744
1332, 75766.31002390968
944, 75717.00369602784
132, 75601.73119262126
328, 75598.70569234916
371, 75393.3212395537
1000, 75363.15372643906
566, 75319.88637337725
1292, 75294.06857919379
1293, 75268.61705471341
1349, 75267.71233696143
803, 75214.37305522787
863, 75187.91791455387
735, 75029.59753487277
436, 75012.25535216306
1072, 74821.61186780233
121, 74769.71045643219
937, 74714.57030820921
906, 74690.8475118382
1416, 74660.61645074352
1354, 74652.64945234769
262, 74636.51418846677
1194, 74636.427036851
943, 74339.9156712788
1322, 74272.66973044681
115, 74143.7871069393
8, 74010.07324331593
439, 73732.42561602179
1071, 73542.82909831693
1070, 73542.82841927152
263, 73462.14680104509
938, 73316.53157361755
1107, 73286.42163404821
822, 73188.26520335473
838, 73107.10610158366
916, 73043.42463661706
206, 72885.81805678457
638, 72868.93242475699
225, 72868.93242475699
924, 72839.63143584305
982, 72837.15756089281
1295, 72665.44948439651
482, 72612.77311993636
201, 72432.8826753692
1339, 72228.72339134302
823, 71944.90967711365
1420, 71801.52826792414
733, 71702.40560389998
542, 71701.67490764991
539, 71701.67490764991
261, 71602.43296817063
721, 71513.28202198459
627, 71459.82010215589
760, 71122.32020058589
722, 71103.45787683871
301, 71018.33469540764
1124, 70914.04555829277
893, 70717.0415034164
1215, 70639.05608444235
959, 70628.59019127011
35, 70593.21139504698
941, 70586.96516510012
1233, 70496.19926357093
1303, 70462.14405491378
588, 70391.06796591522
1305, 70187.30727098387
378, 69979.82137129139
337, 69939.56810270807
1367, 69917.76538651738
314, 69872.30511531899
1220, 69782.90153150195
1249, 69745.14730744585
952, 69365.42268978301
1055, 69123.1945925632
767, 69085.47911401383
520, 68972.6632262077
632, 68969.75946870177
578, 68811.94012422737
950, 68552.12629536922
292, 68419.59318779648
738, 68417.36058489632
1150, 68380.67381106023
174, 68293.46217401203
942, 68181.16522637758
911, 68129.18741416142
996, 67805.43387528686
336, 67683.73913164013
377, 67525.77547162297
440, 67428.51089236692
1185, 67427.11806830569
265, 67403.6950828948
296, 67380.68777458993
559, 67349.3087844418
66, 67302.95956097305
1154, 67283.11303968262
7, 67103.15026014132
1275, 67054.37624851946
755, 66953.24552037702
1324, 66649.51874107574
980, 66628.41571389309
1284, 66501.79484662283
1360, 66482.64873309618
1151, 66213.53181414967
0, 66058.10403108044
458, 65963.08854197961
668, 65935.3580661956
490, 65917.85425892024
1021, 65833.60057674027
624, 65808.67700463101
1050, 65691.93040027194
1145, 65602.52322591766
1115, 65540.53682834648
1156, 65444.37894945277
1049, 65345.64180283753
664, 65281.93130689377
1025, 65240.67065531645
344, 65231.028551570256
1, 65057.608352554475
1064, 64920.84016270747
431, 64901.452039679476
734, 64875.76211638977
1098, 64870.954168542026
1022, 64808.86084102696
1054, 64566.56961313627
175, 64525.17461412792
119, 64504.45483141338
208, 64420.46855878914
839, 64335.96212754633
280, 64291.36215668458
778, 64189.907553681005
1024, 63967.04996898529
1023, 63967.04996898529
1237, 63967.04723827913
753, 63938.51071829655
522, 63816.88880741415
71, 63788.085083940794
340, 63728.871162093696
213, 63459.47671898808
547, 63411.9946838159
548, 63397.06407559494
148, 63362.611413845014
1411, 63342.43460759389
892, 63334.58294795959
1129, 63264.78034309558
1350, 63255.50112767767
1127, 63217.44056907255
665, 63200.870865156874
1125, 63119.93171273897
806, 62844.00837143205
1372, 62799.76495812668
966, 62699.23770530199
120, 62693.413613117365
707, 62687.189161571754
880, 62589.83060030513
887, 62456.27453429828
592, 62320.966090078844
1368, 62251.68979222809
109, 62199.002349079456
896, 62193.60968630301
990, 62174.293020621095
746, 62046.55496389665
327, 61991.15096427191
70, 61944.515861181615
669, 61940.04836699247
747, 61869.25473570955
1301, 61833.52286142003
1329, 61742.28179983456
1097, 61649.26216456644
667, 61607.57218601173
198, 61584.38210726234
758, 61539.687909897555
995, 61535.906372389225
496, 61256.879817752815
587, 61206.10980650488
883, 61084.627780641276
599, 60982.004640549196
311, 60944.603292017164
676, 60867.97848754731
1405, 60816.94543079576
1096, 60748.42742717961
766, 60716.96155055544
282, 60627.13890089113
326, 60609.96165393001
1340, 60402.12208234432
1116, 60392.175799360215
486, 60360.97925269985
728, 60069.14464252681
1321, 60062.2272422685
1374, 60050.39197413239
1198, 60036.71978620274
1195, 60031.21218995717
729, 60018.124731288524
370, 59916.462392463036
958, 59781.912798599304
586, 59707.84654638477
1387, 59677.734571091365
1388, 59613.77913297408
1386, 59605.27663960088
741, 59517.987381538274
983, 59441.5145334441
1197, 59437.80307729812
1196, 59381.54942292519
241, 59362.23065413908
511, 59328.44892939799
1298, 59267.75163683759
1311, 59146.839620829196
757, 59006.34872139338
658, 58896.150591477184
1380, 58834.75773658462
821, 58833.12663825147
670, 58819.77287773417
1130, 58674.73750027717
1146, 58643.1197969259
96, 58498.67065503398
582, 58476.94248278283
660, 58457.0697058016
1093, 58428.50291329164
510, 58428.50291329164
774, 58400.284968366235
773, 58400.284968366235
211, 58310.00401134501
212, 58277.888561204025
316, 58241.232002099154
497, 58045.87822132471
315, 57792.05980652815
910, 57782.558377438494
1351, 57718.62188680709
286, 57681.04112020428
32, 57545.629581547786
1158, 57497.61887198372
1128, 57328.40219880476
51, 57275.636716144385
784, 57261.57417759678
383, 57117.156231119814
1007, 57108.07778109306
1171, 57034.172487425574
1079, 56972.79060044635
193, 56972.79060044635
756, 56941.168412319406
904, 56853.65976257063
902, 56853.65976257063
901, 56853.65976257063
900, 56853.65976257063
951, 56644.952196906306
117, 56408.640115893795
1034, 56393.18585153106
1242, 56336.00218687383
1241, 56336.00218687383
166, 56321.12962943513
351, 56276.707967591065
881, 56068.527518374525
889, 55967.83871719039
897, 55919.39376149394
1328, 55830.59902363118
1279, 55830.59902363118
953, 55621.931161819084
297, 55621.931161819084
1297, 55414.42932872782
1211, 55404.28363552654
91, 55383.354304067965
163, 55256.56842683731
360, 55251.20683261428
956, 55230.62052974546
494, 55202.74479289068
1269, 55151.37602001283
1251, 55142.79454925634
92, 55061.77504359655
446, 55051.58196488076
933, 55024.07969284723
