362, 99545.94423944758
1074, 99047.95861780722
256, 98482.25427043314
227, 98062.42874082786
831, 97740.08291693327
1245, 96636.49584941393
796, 96266.72661665357
852, 96073.15950730687
1396, 95667.34409452564
273, 95545.80276228052
1077, 95355.16045557527
794, 95175.23065184444
274, 94984.88706960279
271, 94984.88706960279
1190, 94451.32696201885
674, 94391.94810213493
1188, 94383.272441753
139, 94248.83675220261
1404, 94166.80065046067
1228, 94124.04342676858
865, 94124.04342676858
1317, 93852.55175033027
815, 93783.89455217031
501, 93145.14480561891
1314, 92299.02853685996
1344, 92183.57821481243
1080, 92062.28350740625
654, 91408.68605694364
828, 91308.67662227877
1039, 91164.23432795974
481, 91044.53196746463
1162, 91027.005764362
829, 91027.005764362
1061, 90820.30705431831
700, 90164.84983012742
740, 90041.51549507595
739, 89952.7613789093
866, 89882.4885851357
1060, 89825.51123263815
302, 89792.36544969479
123, 89779.45390189966
673, 89675.25378310868
992, 89660.17530269673
765, 89628.03085664858
515, 89628.03085664858
514, 89628.03085664858
502, 89589.20567727553
690, 89384.95585392858
860, 89371.26750259017
141, 89357.22769089846
562, 89335.8590457576
1085, 89286.5408817697
564, 89117.229024538
451, 88807.788802813
1234, 88804.0311505944
1086, 88783.5137970622
1399, 88538.3739314281
932, 88450.46313333679
133, 87823.11386016515
1288, 87150.52059625987
1397, 87030.82942815512
1109, 86937.04579926537
1081, 86891.78584289194
1110, 86325.63302441419
1108, 86325.63302441419
74, 86183.31924035067
607, 85993.82969366913
1172, 85941.12654491786
6, 85636.24776198065
269, 85479.14392357742
516, 85232.02833696308
1101, 84802.34472789988
151, 84655.90812388863
401, 84503.6998351816
1395, 84459.4701473475
861, 84396.50747620409
1029, 84275.24037475316
124, 84206.34995656804
149, 84204.84564754275
661, 84200.19397828287
1035, 83613.42611707715
353, 83499.60616904851
264, 82811.20220941189
1056, 82769.25578623754
922, 82329.93598577121
145, 82295.68620587575
1004, 82250.76093745665
1147, 82191.37044667495
464, 82191.37044667495
1373, 82160.50908877443
1003, 82102.7818933666
369, 81818.66923290669
1106, 81780.57011689473
1105, 81780.57011689473
1102, 81780.5679618657
409, 81431.0383524009
391, 81384.84488711611
155, 81257.56596085939
919, 81236.62081461378
503, 81085.96518890563
1400, 81054.59882503228
5, 81043.00653453679
1088, 81009.86461262763
1232, 80966.50625562544
1199, 80906.78776536662
437, 80860.17131561473
1334, 80855.05295088756
1018, 80784.56420742709
154, 80784.56420742709
571, 80320.21151018697
19, 80195.2868709936
709, 79966.71640697133
554, 79858.74400268459
142, 79746.74743109649
93, 79658.435716409
555, 79594.6746252532
855, 79396.0934927231
454, 79378.88145894573
1302, 79364.15766231417
920, 79295.25953042661
1059, 79275.63282566806
856, 79164.69211848361
854, 79164.69211848361
442, 78607.1984191062
233, 78377.61827561866
1113, 78377.31367516734
830, 77917.22213408898
745, 77131.47682674852
1323, 76959.25943565299
45, 76780.34688154235
43, 76748.91178953771
168, 76392.94346116873
701, 76265.16959813354
26, 75989.58222624888
434, 75829.16903443306
390, 75771.11501855233
72, 75551.85522662716
553, 75396.69443406929
419, 75223.01116652516
417, 75010.84007076087
167, 75010.18825085308
267, 74990.50436596104
1027, 74268.68455492158
410, 74204.9405585372
399, 73894.31947997093
993, 73608.89319479145
546, 73371.63773482354
187, 73333.87569770687
840, 72508.35580670994
1075, 72453.98934542036
42, 72367.52607348288
1076, 72232.64337394928
238, 72201.61403866878
1414, 72144.0718122078
647, 72107.33332654128
903, 72102.46790987405
134, 72072.4833996338
1410, 71968.48194279814
558, 71912.7672768999
122, 71859.467269605
1300, 71857.18749792602
574, 71806.9988492568
1057, 71762.39713326012
1015, 71624.55723643725
968, 71023.79515039426
1016, 70445.46013746428
1409, 70377.31423202953
1065, 70377.31423202953
85, 70377.31423202953
1408, 70353.99423302691
1407, 70344.65141402857
601, 70341.73002580056
1313, 70320.2676904665
1136, 70292.66703115143
86, 70260.18187315218
418, 70252.20044632109
471, 70225.05473524799
423, 70091.20901167546
424, 70074.34683174352
1028, 69868.11123895751
441, 69610.03434998964
659, 69602.89329324871
1017, 69533.82879951544
1382, 69415.91301159731
834, 69397.29423018555
1398, 69377.03732542435
1044, 69346.78508244015
783, 69072.2334333197
802, 68986.51137392057
801, 68986.51137392057
346, 68963.14733775542
270, 68781.74165790522
268, 68781.74165790522
970, 68500.66780969287
309, 67952.66930553902
868, 67237.1040571046
304, 67101.72823053521
1191, 67018.44283995072
64, 66808.92930479159
645, 66677.50704190091
644, 66677.50704190091
63, 66677.50704190091
1189, 66637.21026505051
250, 66581.9941955963
61, 66417.45891175
504, 66364.18227120239
565, 66319.42274679894
500, 66258.98530872918
762, 66021.10560653571
228, 65947.35995115968
1403, 65921.22910556814
772, 65896.60102639957
1066, 65833.40552605083
398, 65796.2542075597
545, 65775.7881256489
1002, 65764.34026564936
600, 65712.34417160347
835, 65660.92010005483
397, 65648.04271952213
172, 65547.8719847205
556, 65529.04363794067
759, 65460.23204363851
1401, 65450.90378509853
366, 65371.91500600655
444, 65360.50680008309
776, 65324.51978909506
1287, 65123.61332617534
1058, 65088.2554622389
699, 65002.594461613575
420, 64847.678808660756
969, 64809.33077366391
415, 64675.541618802024
1155, 64585.02682235682
194, 64319.08078210894
619, 64317.86064882273
905, 64314.91540776464
899, 64314.91540776464
972, 64304.75137487746
967, 64304.75137487746
361, 64293.81528059103
749, 64161.59719604338
192, 64153.51724290418
191, 64153.51724290418
1346, 64083.83027811836
853, 64068.9448149521
1264, 64012.77532123639
1263, 64012.77532123639
460, 63957.89543391834
209, 63879.6167218002
249, 63658.20857138119
1043, 63438.95025429844
330, 63421.20307336556
180, 63219.541748932614
604, 63170.91394717702
583, 63117.23632116887
620, 62548.55777806547
1170, 62489.64197016844
222, 62315.515196842774
305, 62262.286294696525
1173, 62233.0169055047
704, 62137.18892074308
702, 62137.18892074308
594, 61934.737284968585
367, 61823.49099537313
782, 61764.72762001307
216, 61639.81306695917
161, 61615.857994918544
160, 61611.67960205199
159, 61605.58244313159
210, 61309.87218802318
146, 61309.87218802318
1152, 61158.84754160637
116, 61114.96504189569
347, 61058.55556918729
1240, 61023.8903841952
858, 60944.78339312198
1290, 60570.95939839305
827, 60505.818165148674
88, 60500.708133832115
170, 60430.01653580825
53, 60430.01653580825
218, 60418.84711005372
1040, 60265.15186802048
158, 60249.6482593599
157, 60249.6482593599
1067, 60021.02672885774
169, 59996.9160512178
971, 59682.37033162427
846, 59572.99082589249
517, 59571.48286853334
285, 59523.43044283506
1036, 59438.96489796697
1342, 59438.146270858575
540, 59151.371267286726
518, 59093.74575471229
1204, 59004.11001597779
696, 58982.301882484666
705, 58870.03025507799
703, 58870.03025507799
459, 58804.98850983842
495, 58681.68067115572
1201, 58611.62696367462
908, 58599.9201149356
433, 58585.824952294686
204, 58578.5124117968
488, 58436.53743868994
509, 58398.319599240545
930, 58279.959361137335
277, 58108.91241237369
1274, 58086.145933996835
252, 57989.651251408446
775, 57755.68992432085
575, 57642.39531718173
1200, 57618.86100975372
421, 57547.1192866863
427, 57480.804731470824
1169, 57421.706626003644
1262, 57401.96127886715
885, 56550.3796642031
1224, 56489.9748766956
915, 56431.01136525364
867, 56360.05178778957
512, 56336.742565896726
781, 56319.978903926574
153, 56290.0976832137
108, 56248.62353713005
643, 56116.13147056019
177, 56097.532590100105
1413, 55932.45914712635
231, 55893.98029669893
1255, 55866.78881747291
1348, 55855.62789898905
613, 55772.4418746854
30, 55631.22129987568
272, 55627.73163870688
220, 55428.761324777144
354, 55402.8307070268
299, 55319.49008744522
1362, 55243.972863803705
107, 55155.539894010144
1285, 55127.575302669895
1193, 55110.20355629807
156, 55069.053035540586
584, 55059.196058811445
217, 55020.33835868797
380, 54997.318710812695
1149, 54994.88971876879
1286, 54933.45926121339
978, 54917.651971014544
698, 54913.71124254205
544, 54810.188479205994
279, 54712.483317291226
461, 54555.1478934715
450, 54461.117671485474
449, 54461.117671485474
278, 54419.3569943414
478, 54233.15020544672
771, 54145.423914000865
1236, 54144.366376106336
135, 54093.6604766801
221, 53925.92449716719
612, 53815.826789872524
106, 53789.46365502616
1111, 53777.244970864056
622, 53768.8986165385
621, 53768.8986165385
102, 53750.28022961096
136, 53749.058126161275
1379, 53712.59267721649
1419, 53688.76954469785
581, 53604.6256703431
65, 53399.81649899006
62, 53399.81649899006
112, 53331.420316659074
137, 53325.70460500477
4, 53251.22627714773
1299, 53216.00167502372
1084, 53150.343121970036
1082, 53150.343121970036
750, 52893.6442218753
1013, 52836.41171849863
751, 52822.53042906333
1012, 52808.91092250927
618, 52791.61828266415
15, 52654.08150192076
1137, 52598.56836592124
363, 52570.14735347762
1020, 52538.83045433622
1318, 52482.76969903114
364, 52476.86892670075
845, 52443.357319521856
799, 52434.9014830624
798, 52434.9014830624
56, 52326.41325856319
1310, 52315.698990547884
633, 52305.193645884785
239, 52208.058806980305
21, 52208.058806980305
692, 52179.032477291046
609, 52171.33831197102
557, 51781.36058950692
350, 51776.034640570986
425, 51758.823878910174
348, 51754.843394964024
780, 51625.75306329785
416, 51546.353640587804
3, 51472.36477858852
2, 51472.36477858852
534, 51451.22606574265
836, 51436.52010554677
396, 51392.02943018718
44, 51392.02943018718
291, 51295.164906424594
754, 51235.817298616574
1148, 51155.891501653176
29, 51134.70919029691
1308, 51124.482259584314
712, 51036.06457538719
1144, 51019.04448486452
1217, 50941.29412727493
1216, 50941.29412727493
1246, 50741.97902587948
811, 50734.409488818135
131, 50612.52275945914
536, 50552.421416529105
535, 50552.421416529105
411, 50496.53308403434
426, 50460.332287162266
414, 50460.332287162266
1100, 50432.65664151583
352, 50415.70231408015
479, 50406.09873991677
422, 50323.141256182236
413, 50323.141256182236
219, 50305.511343566955
395, 50286.87364930433
955, 50278.000155985894
847, 50135.35742568469
412, 50107.59866202237
984, 50000.57214809143
480, 49986.255214185636
1117, 49820.32664066912
636, 49744.06184969134
1112, 49689.26473322654
428, 49661.972684368375
1306, 49568.17036527516
596, 49532.579584996754
987, 49482.82529239875
985, 49482.82529239875
605, 49440.49380795567
986, 49384.25247568671
977, 49304.14891173164
382, 49215.114978764446
1052, 49159.77535009109
1103, 49118.4166290577
470, 49052.046048675926
179, 48915.43433533839
598, 48892.96449460155
1312, 48885.355437952516
812, 48870.35418829168
178, 48798.9713161416
41, 48733.47443353396
189, 48683.91411972256
813, 48575.71094347316
435, 48573.944120311375
961, 48437.06319959478
176, 48350.50281685905
46, 48318.39402246925
513, 48231.4853109071
11, 48217.56236858229
473, 48207.70560267405
1192, 48197.10767670709
20, 48188.49408791091
381, 48178.469217774655
173, 47971.22843631276
246, 47918.20489116345
242, 47908.99287928007
597, 47895.19005893992
215, 47883.77722523576
662, 47873.630240891915
790, 47848.94370109793
1363, 47833.30948102406
663, 47779.50412158995
800, 47571.5577460005
358, 47480.047160016904
226, 47428.01842561029
1378, 47356.52147682118
186, 47301.62709437573
36, 47301.62709437573
1330, 47258.13443253119
474, 47161.632911416455
795, 46977.32717471778
251, 46831.54853747841
921, 46726.40957592
55, 46646.88693526069
570, 46584.097690372786
697, 46555.367059397395
695, 46450.94552298426
814, 46410.60316353923
538, 46298.16769504027
