530, 98541.32666592057
1273, 98515.1112320399
891, 97879.32434843433
438, 97757.0152191286
1032, 97425.76759622477
475, 97421.96287832558
817, 95524.89044833128
808, 95076.46595063001
258, 95073.68880703214
477, 95048.20327840115
1063, 94993.60431000576
343, 94833.6791659883
266, 94790.90554053377
463, 94769.52610085331
125, 94553.19248894238
184, 94465.6832501238
183, 94465.6832501238
748, 94131.92941017293
98, 93297.26039469913
1278, 93162.1880269527
456, 93145.85701336563
1418, 93064.21651210524
236, 92792.9197541011
934, 92605.24896722661
1248, 92523.48900813289
1271, 92507.46749676572
1222, 92179.7907490197
1307, 92114.52295207186
165, 91954.99623121506
1094, 91937.40352887708
455, 91781.6246267005
777, 91649.17253943215
1326, 91207.60825063911
152, 90616.245685434
1174, 90527.01508911645
150, 90527.01508911645
307, 90430.32148305488
768, 90414.31934851225
331, 90362.85601373047
1283, 90312.53941372785
195, 90136.13381817439
793, 90098.82656610012
833, 90047.23809671025
356, 89985.65075108099
465, 89780.79432430293
1315, 89637.35619312052
365, 89637.35619312052
257, 89379.14462434083
1384, 89071.63310968224
1119, 88358.15636738324
816, 88208.78715123166
527, 88106.2821611784
876, 88076.90232005129
185, 87346.0495349744
825, 87320.99299518662
281, 87287.88074600964
240, 87261.77466248277
368, 87149.25186840406
22, 87041.4630245361
13, 87041.44391135868
786, 86645.28166558419
1347, 86629.28995092455
276, 86591.86175369078
384, 86568.4117283071
640, 86555.12856652892
17, 86512.75981636813
10, 86512.75981636813
792, 86428.45673236025
288, 86247.89473547606
429, 86229.92269550242
255, 86102.86602800798
940, 85865.3128243495
832, 85865.3128243495
720, 85722.0812038748
325, 85663.4886349015
235, 85558.05250111654
1235, 85483.098296208
430, 85473.25337601289
306, 85309.94861849777
820, 84705.97923838609
289, 84529.63501744848
642, 84519.67327876695
295, 84441.12915976896
1417, 84213.26219536444
89, 84166.21097391218
526, 83673.9888783284
589, 83186.7497510219
824, 83122.90447432653
248, 83120.01271481517
1370, 82765.03696691094
1369, 82765.03696691094
929, 82159.49875953638
73, 81905.78528697715
713, 81883.86946959456
1356, 81577.19350050243
12, 81559.82338474251
981, 81068.21841203919
345, 80954.20816318474
717, 80715.63924176997
485, 80250.45028198937
1135, 80091.25593440456
484, 80026.85400493119
1406, 79958.92917704128
483, 79958.92917704128
770, 79201.7551087514
313, 79191.60184276111
1383, 79026.35057262682
379, 78936.03717837502
466, 78934.913932401
862, 78800.76705878197
809, 78736.92503136446
807, 78736.92503136446
468, 78677.8662821515
469, 78619.18823037442
1316, 78608.98052816383
637, 78608.98052816383
467, 78575.21460165596
872, 77985.9000102135
99, 77473.63381344172
1270, 77357.4404458946
552, 77354.85940143102
1256, 77219.84754941268
476, 76287.5196252481
519, 76127.78560614139
1272, 75972.8263773605
1120, 75571.39951609205
1026, 75461.54439065034
190, 75442.96136816959
1371, 75400.52505559182
711, 74407.81860568009
104, 74312.66212637516
237, 74306.96473402104
224, 74284.9070789736
83, 74272.23871434074
105, 74267.74762214073
103, 74267.74762214073
742, 74193.15161809888
1009, 74065.78627653743
528, 73535.79639856676
408, 73487.35621385662
205, 73358.17022934048
67, 73271.8907530493
909, 73145.07060282031
1390, 73082.36067599016
1281, 72760.56085460616
310, 72461.02809191597
94, 72271.5228664163
81, 72122.78211436496
80, 72019.54904529365
1227, 71896.51780310262
78, 71886.14088011121
47, 71789.27344802422
37, 71551.871798786
1037, 71466.07635036217
743, 71087.900132507
1011, 71007.94293440238
359, 70979.43533342393
641, 70597.02868234893
114, 70578.7882530677
999, 70556.86795223928
947, 70516.686018313
259, 70272.00364570331
890, 70263.51600189146
1019, 70088.4062560314
445, 70088.4062560314
54, 69948.18297893363
710, 69605.57614044414
244, 69367.59985285689
689, 69109.68088749047
569, 69063.68791072445
113, 68915.27108569833
1132, 68769.1798831922
253, 68683.15698337136
617, 68604.32482611528
869, 68455.15568312099
38, 68303.34657816694
871, 68266.7472364989
655, 67919.5050351883
260, 67648.793788886
1001, 67610.49125914721
322, 67577.10334493704
769, 67474.83671838665
927, 67308.9924526347
223, 67196.79877126987
1133, 67170.15542342076
338, 66846.50299728065
349, 66754.35593839822
335, 66751.65629085367
577, 66653.02634911078
1412, 66573.66889150829
1221, 66264.11382318828
1223, 65586.58955236866
1062, 65501.650313421065
819, 65475.91084096553
1247, 65407.57213099136
1277, 65296.80516827049
1030, 64984.774970148304
1282, 64974.22674423559
568, 64711.77554896792
1225, 64560.39160720327
850, 64066.911931104376
48, 64064.94295423204
1123, 63846.38209014932
1415, 63427.18706779924
960, 63426.54222012798
290, 63401.17561913976
1376, 63315.814249933625
611, 63305.46537371207
1046, 62918.3373860946
563, 62873.70931427654
870, 62796.06971580195
90, 62727.05502062776
1183, 62649.707108813556
730, 62584.037125804636
332, 62520.82489913432
1078, 62433.905490521356
719, 62333.509642802856
864, 62170.53413276612
752, 62151.83043790997
1176, 62125.6998748024
1083, 62013.438143629726
1051, 61684.6528301366
498, 61163.55329582498
623, 61086.77016927971
492, 61047.07810789513
1121, 61026.494835090314
579, 60793.960960741286
1184, 60678.44404779506
1122, 60583.656121126296
1304, 60511.44257887036
16, 60425.19573119304
1008, 60306.47021185233
761, 60150.0729253873
1175, 59968.37838507596
949, 59780.71383246004
110, 59758.25590318605
446, 59579.36421917699
1010, 59472.22699831545
494, 59403.32026411411
956, 59371.07459518345
360, 59347.30440951395
857, 58966.02173573663
826, 58782.44593935466
1328, 58693.05059718719
1279, 58693.05059718719
1031, 58598.34097962507
897, 58595.23649305359
889, 58542.13845599495
334, 58459.61044542534
531, 58312.53173122445
877, 58229.258294365936
576, 58210.346173793725
14, 58210.330016436215
166, 58160.52867187087
1034, 58083.88831318866
18, 57972.884644118036
560, 57971.78689711431
525, 57872.57386561139
1343, 57834.40070102237
904, 57603.35507350438
902, 57603.35507350438
901, 57603.35507350438
900, 57603.35507350438
756, 57513.80085860974
1079, 57481.57542400133
193, 57481.57542400133
1171, 57419.227269296905
51, 57176.55338167408
140, 57060.59636387043
286, 56778.184943114786
537, 56682.55571390992
315, 56671.023788760176
432, 56524.35256000757
497, 56429.06162802194
275, 56411.34905225288
212, 56211.511053982285
211, 56181.66499455504
538, 56120.55224654569
582, 56027.55706115653
814, 55956.23138212234
670, 55716.416819984195
570, 55706.09202581324
757, 55550.03691960262
921, 55503.94487847793
241, 55238.27615659229
983, 55169.80205294859
741, 55104.08858141125
1388, 55022.23169006184
474, 54902.11485004179
958, 54879.77307145411
1330, 54771.91342456216
370, 54766.872362901006
186, 54713.60697533901
36, 54713.60697533901
729, 54682.20900259997
1321, 54645.651112936845
1378, 54640.34463198546
728, 54639.926373351766
226, 54545.47114535449
486, 54400.68101917695
800, 54356.84518099746
326, 54200.015795033185
1405, 54035.5609126272
1363, 54019.08130229857
790, 53999.155876946
676, 53995.337952553025
215, 53954.86092789186
597, 53940.37795395081
311, 53935.18268479498
173, 53844.2580160421
496, 53692.94672968341
381, 53585.538980034464
667, 53426.37731726802
1329, 53325.48169223215
1301, 53257.608213419284
70, 53175.54239167476
109, 52989.428149825144
1368, 52951.24796796029
592, 52901.22824239516
178, 52838.27198697917
598, 52728.51468008469
120, 52635.794619445194
1052, 52421.68051704431
1125, 52338.8643268783
665, 52283.34339893274
977, 52258.50228906548
1350, 52246.01593756324
892, 52192.18943825763
1411, 52186.85863727368
148, 52173.1708580517
213, 52107.67894793472
605, 52106.19561171814
596, 52004.30188478993
1306, 51965.12815277483
71, 51888.1899212579
1112, 51832.701825130476
753, 51789.077868828615
778, 51625.30898760339
208, 51477.1349011642
119, 51423.63267671759
847, 51356.03627277112
395, 51198.01882666406
734, 51190.06661607598
1, 51077.41475977188
1025, 50965.13937953523
536, 50925.663479172275
535, 50925.663479172275
131, 50864.81658615856
1115, 50783.631269769736
1145, 50746.478130264535
490, 50559.38802317538
668, 50549.09539489076
1217, 50537.02846218919
1216, 50537.02846218919
458, 50532.80900609145
0, 50477.188374230784
29, 50348.100031130736
1360, 50232.07596972976
1284, 50221.15133963484
980, 50149.179446493275
1324, 50137.230972853686
836, 50058.890978310556
534, 50044.97006476213
7, 49883.55401102972
780, 49880.95050430005
557, 49736.53925508904
1185, 49706.01626740799
942, 49304.04868315413
1310, 49253.34452824317
174, 49245.492404279816
56, 49243.851664489775
1150, 49200.244790524644
1137, 49005.22662418514
632, 48899.73396482623
520, 48898.27439570081
618, 48838.83234375666
1012, 48824.04166481873
1013, 48800.55814160979
1249, 48517.30616599943
314, 48455.96276198916
1367, 48434.12349370946
337, 48423.666442614725
1305, 48305.61577701421
588, 48209.570687763015
1303, 48176.288128511835
581, 48163.05051846332
622, 48031.203566740296
621, 48031.203566740296
1111, 48024.54541237623
106, 48014.80522952612
1124, 47967.293933105226
221, 47906.591173620975
771, 47734.68031831844
478, 47666.70483108136
733, 47613.189704731485
278, 47523.78141324847
450, 47491.979091003275
449, 47491.979091003275
279, 47302.46696475364
482, 47220.07081366864
978, 47150.17404526683
638, 47112.370666108036
225, 47112.370666108036
206, 47105.31502060917
380, 47091.60739537335
584, 47046.33540126282
107, 46976.22074653992
938, 46927.14378513267
299, 46857.94221820678
354, 46798.31287705002
220, 46779.827234749355
30, 46636.585105768994
1322, 46543.63604511052
231, 46453.514221311736
1354, 46395.64899202416
1416, 46392.572302732195
863, 46191.27970966579
153, 46183.409960406905
781, 46163.315014854874
566, 46141.6130220368
867, 46136.427065743315
1000, 46125.39027360637
371, 46114.0969614398
1224, 46049.72796364724
328, 46037.59603826516
132, 46036.47410819657
885, 46009.66522844271
1214, 45968.07834164699
788, 45941.69556413721
787, 45855.34528165914
203, 45843.53928398857
386, 45779.019710183275
287, 45776.46447831284
207, 45759.38881495914
1169, 45448.56712508658
1005, 45419.79839142835
1200, 45325.81430341845
247, 45270.441290498544
948, 45268.67613073907
1177, 45230.35432531367
1181, 45168.45387109372
1180, 45168.45387109372
1179, 45168.45387109372
1182, 45115.43653523437
1178, 45115.43653523437
234, 45112.252207383826
252, 45098.97130401525
1274, 45040.78069951366
277, 45027.1015073843
930, 44924.9335340229
509, 44854.85530104044
488, 44832.334588805184
204, 44749.12662390968
433, 44744.86018909181
1201, 44729.82123776065
874, 44722.98503706456
495, 44689.10724965989
31, 44633.187137330555
342, 44575.924558025225
1204, 44503.903601146165
1087, 44440.40703222706
540, 44420.49268665232
1250, 44261.498474232045
1342, 44260.128545566055
726, 44193.74264423959
517, 44186.48277575847
846, 44185.65316961646
630, 44184.38052943922
732, 44184.309561295944
657, 44134.27126067553
971, 44125.67225228713
1163, 44012.0147381973
405, 43975.53115970516
666, 43941.65183385499
763, 43930.33537936437
59, 43914.31138653533
1040, 43812.42870811798
827, 43686.102775089705
1290, 43652.20713058005
457, 43648.607168678835
731, 43637.02632917617
1048, 43574.630393279534
493, 43552.07886971134
1319, 43545.806267975444
858, 43460.09135614135
1309, 43443.780878588725
347, 43402.42034256659
116, 43373.96256403337
1134, 43274.22438070964
744, 43273.19781511133
567, 43252.954166150645
875, 43203.5552303146
679, 43099.60054066862
214, 43069.66973950642
367, 43024.02160796902
357, 43010.198532228445
591, 42882.79062691445
1091, 42867.90981411478
1090, 42867.90981411478
222, 42788.907358992576
