550, 99885.39103331805
918, 99851.39946829052
805, 99837.55667805111
625, 99695.64752377158
608, 99680.09131129574
388, 99595.136654605
162, 99452.5081319303
1394, 98816.90935222493
912, 98792.99004455139
1265, 98700.57878216555
1364, 98673.75129611189
1126, 98599.09808469369
785, 98484.37959939601
387, 98471.29024196495
283, 98448.83757478913
804, 98405.65992296577
973, 98296.72588074552
965, 98277.69542881998
1267, 98268.09419961539
964, 98255.2641257182
963, 98255.2641257182
962, 98187.98475925789
1141, 98018.19497202343
1138, 98018.19497202343
521, 97817.69675190074
687, 97639.59646463701
389, 97633.07127404884
1140, 97552.59177394009
954, 97439.09362514717
882, 97370.67940851976
1139, 97321.13895829972
1230, 97281.78514129219
914, 97045.44712983679
1338, 96958.47306880687
1337, 96958.47306880687
1336, 96857.82469151614
1218, 96843.3971554174
1219, 96791.74989753834
686, 96368.39213644386
646, 96196.68936426655
688, 96101.11367566223
400, 95798.35315481089
895, 95786.89385021219
284, 95664.1882077216
33, 95659.40787990707
505, 95521.24756107632
1393, 95458.5951815975
879, 95351.18245992767
878, 95351.18245992767
77, 95344.0293617811
23, 95049.85500164318
443, 95049.5354137741
308, 94928.13538936265
24, 94578.65040591008
913, 94409.74429294735
524, 94060.34608376728
1352, 94005.14342704207
25, 93926.08459033653
1391, 93640.12204035833
333, 93073.34294916215
684, 93018.79791442926
321, 92567.46407808473
84, 92553.71770629325
1266, 92337.87665575306
1268, 92098.0067369671
1092, 92061.97346460812
339, 91974.44471283436
685, 91927.61118423428
1392, 91927.36622208562
975, 91884.22413536708
506, 91857.91618172283
976, 91812.02882434835
635, 91809.3760479388
634, 91809.3760479388
1186, 91671.4021691807
1296, 91587.32264522006
34, 91586.28999159833
1118, 91483.73064290908
595, 91483.73064290908
682, 91424.66996877902
626, 91263.23034269603
725, 91231.04873192769
917, 91022.86565840854
683, 90854.7115103405
933, 90709.19186003579
92, 90606.93380571176
1341, 90488.93180215081
1006, 90409.60298532686
1251, 90388.3969312182
1269, 90365.34903884877
681, 90149.44723523044
163, 90084.3560797589
91, 89749.39939964452
818, 89714.48616986797
1211, 89694.49210035773
1297, 89667.9143413212
953, 89129.87580947395
297, 89129.87580947395
529, 89056.85181939058
508, 88666.93509968811
842, 88529.05512051072
507, 88215.9042406633
724, 88037.61708637177
881, 88006.59463705412
372, 87871.79314778169
675, 87611.38976864846
351, 87498.54266396187
1242, 87355.59101409854
1241, 87355.59101409854
117, 87181.51180652367
957, 87023.9814483348
841, 86927.03093789417
1210, 86869.58858006672
951, 86622.99445674258
404, 86447.02113284795
229, 85579.65203514109
1007, 85561.90100602349
230, 85542.76971246742
383, 85541.53034935516
784, 85219.63995540964
1128, 85072.05160372172
111, 84868.56712328047
143, 84858.5677153659
1158, 84702.1342421425
32, 84598.15870252352
1351, 84227.041620749
910, 84091.26078241026
523, 84009.67324977572
991, 83927.49798953885
316, 83138.40103933097
1345, 82832.15206922748
774, 82816.4317599441
773, 82816.4317599441
1093, 82759.75286737616
510, 82759.75286737616
660, 82702.50786937974
96, 82619.38494030523
1146, 82332.96213068221
1130, 82270.72047458787
764, 82236.9334317334
821, 81961.33023439469
1380, 81958.16485720055
1365, 81872.61519340108
373, 81862.38785872322
658, 81839.32798041463
1311, 81360.15678248652
130, 81186.16873827594
1298, 81132.4762104092
511, 81019.00922103053
1196, 80920.19308311757
1197, 80815.9636123967
1361, 80712.57644820592
1386, 80508.39844814705
1387, 80376.58502674219
586, 80322.02686634478
1229, 79893.9865536532
1195, 79744.171746501
1198, 79734.45517593296
1374, 79710.35246026839
303, 79673.69726055571
1243, 79285.17304477887
1116, 79116.0136248031
1340, 79098.95032368925
551, 78833.92253598468
282, 78716.36223439507
766, 78565.4566147776
1167, 78522.51625173535
1096, 78512.83464972212
1042, 78153.19826275669
1203, 78148.85233554663
599, 78126.08453342656
883, 77958.29299694297
1041, 77876.10093674781
587, 77761.3179328611
995, 77235.41830218192
758, 77229.4618997388
198, 77159.18769810391
1097, 77057.58253432633
747, 76716.61732082405
669, 76608.04688026753
327, 76530.01933453513
746, 76445.7481878494
990, 76252.72899152122
896, 76223.6940518848
1202, 76215.840321225
1320, 76046.95711525492
887, 75832.82852907426
880, 75636.86531963802
707, 75495.17366087026
966, 75477.7061355272
1372, 75332.54015893124
806, 75268.97409255595
1127, 74740.18663143484
1129, 74674.12465154727
548, 74490.66216937175
547, 74470.05964314833
340, 74037.72787768758
522, 73919.28505942551
532, 73805.80309872501
1237, 73718.84060569905
1024, 73718.8369789349
1023, 73718.8369789349
280, 73292.7543410445
839, 73234.87718963712
175, 72991.23333365818
1054, 72938.33554400434
128, 72669.9784747704
1022, 72631.59089515734
1098, 72553.76112501688
431, 72515.64958498935
1064, 72491.4607019536
344, 72108.58219614917
664, 72046.48188082033
1049, 71969.04285708403
1156, 71849.65449202298
1050, 71553.62333969705
624, 71415.62497330319
1021, 71386.29662456141
1151, 70944.88215613509
708, 70712.7919070728
755, 70114.88505375359
1275, 70004.3196035963
1154, 69756.74058393834
66, 69735.42075280477
559, 69685.73035894593
296, 69652.1682782658
265, 69627.60067796498
440, 69601.14012255802
298, 69556.32783861278
377, 69497.80950297922
336, 69331.2752515229
996, 69204.04697072844
144, 69098.9900041078
911, 68870.02230979696
738, 68578.03144918184
292, 68575.78849446664
950, 68443.1639664633
578, 68186.12225691168
767, 67919.645053115
1055, 67883.23117273068
533, 67675.28346680179
952, 67651.22696415911
1220, 67258.79248865336
378, 67076.86871011686
1233, 66609.20236084082
941, 66528.37216284234
35, 66522.82452506399
959, 66491.43852400739
1215, 66482.16549200322
893, 66413.2361331675
301, 66149.67757368305
722, 66075.99613595803
760, 66059.71521480121
627, 65771.19367789253
721, 65725.96971167141
261, 65650.84396813702
542, 65567.635409641
539, 65567.635409641
1420, 65484.358079740676
823, 65365.55010855841
1339, 65133.02303666438
201, 64967.893998960746
1295, 64781.92667173311
982, 64646.06226211882
924, 64644.11363799241
916, 64484.44310958365
838, 64434.8925699979
822, 64371.97757797726
1107, 64296.23567956535
263, 64161.585336087126
1070, 64100.166031262816
1071, 64100.165515397355
439, 63956.82217190829
8, 63749.375047314374
115, 63650.49957138571
129, 63512.83359190943
943, 63506.66438539725
1194, 63291.86371782488
262, 63291.80104654085
906, 63252.78218249079
937, 63235.77878549669
121, 63196.33381067617
1072, 63159.30364742338
436, 63024.09432690542
735, 63011.8575282816
803, 62882.121545700706
1349, 62844.88796968906
1293, 62844.25726506785
1292, 62826.52567263681
944, 62535.06082606163
1332, 62501.4679724461
1213, 62479.409655571835
848, 62306.73698180808
945, 62221.16759516865
1385, 62148.25124061585
318, 61908.00441028389
1114, 61731.239013195205
76, 61492.06721212826
462, 61324.05557909443
1291, 61295.88345683
499, 61213.58669897912
87, 61108.650224890815
974, 60905.64784824839
629, 60798.00399070047
1104, 60748.95755978487
1375, 60578.4992226042
52, 60395.533368965705
678, 59997.89436100723
1252, 59805.11812030202
1068, 59778.34792586141
407, 59691.83401258215
324, 59680.10303373661
810, 59619.28153307563
1276, 59513.166647891536
294, 59485.724209912936
615, 59360.636189230856
406, 59349.475973446155
394, 59343.46144033863
593, 59279.947165103484
243, 59013.91968358937
650, 58969.092372511586
329, 58956.71418181036
1212, 58683.15057606714
1355, 58642.69544985087
392, 58641.99592046227
1359, 58630.42616751785
171, 58482.331595146534
341, 58373.54222727167
1261, 58278.23648651679
60, 58256.913456689384
843, 58159.02416061299
95, 57932.252988136104
355, 57902.77579350478
1208, 57750.158527742846
603, 57729.90238979675
79, 57701.17251180009
1209, 57652.65761496245
1239, 57647.34372791486
1206, 57491.14663657621
323, 57390.461195693584
859, 57341.68998060552
376, 57301.20763720281
716, 57259.919623493486
925, 57197.88844083639
1047, 57146.695303998655
317, 57095.34531059849
736, 57066.294236547954
884, 57060.89128930005
447, 57022.464647270324
319, 56973.81071796883
1131, 56946.62816538555
610, 56888.0485853421
988, 56874.919272233994
100, 56843.07649731369
1257, 56828.84350575334
714, 56796.841172869696
101, 56733.735046848524
543, 56732.09838737588
472, 56708.48416373515
979, 56576.997141949134
561, 56518.478260969154
1353, 56484.327297073476
1289, 56410.021911432195
82, 56410.021911432195
779, 56380.857344955715
723, 56308.11774278868
737, 56248.96953347183
1207, 56242.261214477076
671, 56113.9990583156
75, 56085.50972671087
1205, 56016.3597919632
1095, 55909.62593339702
1014, 55811.11601065622
907, 55709.611512524374
197, 55705.86460285686
1254, 55669.02345070699
385, 55357.50027422196
998, 55127.660760465595
672, 55078.43861958027
1244, 55038.13933565636
715, 55030.231885503556
616, 55029.743038881585
677, 55024.6348666369
57, 54857.824492346976
797, 54855.009995178974
1327, 54847.45022768471
894, 54831.42078133322
1153, 54687.832910501864
1226, 54651.1737166252
489, 54630.76111519951
1045, 54503.83359822012
649, 54318.672133567794
585, 54266.62721235042
1053, 54261.71563048918
1033, 54244.077797910984
1335, 54216.522043739766
926, 54104.27931157862
375, 53883.41149019533
118, 53839.04044425355
652, 53785.070019992556
49, 53696.13930210943
9, 53681.20078921616
931, 53539.03024051795
648, 53535.19886910054
393, 53384.856040617415
602, 53230.072400988036
448, 52999.39578055477
1402, 52915.62373839322
300, 52886.137675876664
1142, 52833.1502163233
1073, 52784.37074505297
1331, 52723.10410050624
935, 52716.986840430254
1366, 52170.699044148205
181, 51962.67963573149
946, 51954.478138557904
1377, 51918.35854252331
573, 51868.670230184245
541, 51855.84158872793
590, 51775.81453359695
1038, 51691.44817092861
994, 51463.321289361396
1069, 51369.921067377996
126, 51239.56061918259
651, 51223.84120369271
1259, 51152.241263459306
1260, 51050.14202123923
614, 51023.558515301906
27, 50924.73122333309
639, 50906.331613841925
789, 50848.9121372181
147, 50818.528021536215
1357, 50707.29761705679
928, 50687.68458724011
680, 50671.73234506858
888, 50540.46908856136
631, 50514.223424665586
997, 50359.6358712318
873, 50359.6358712318
50, 50292.36947020934
196, 50289.79698490324
1358, 50253.51187342153
1294, 50244.46264051512
837, 50209.044964084045
312, 50201.62979496143
182, 50078.971030710425
572, 49989.49986710955
199, 49981.48173746585
58, 49921.78049058895
1099, 49810.69628442718
97, 49729.3244370004
851, 49613.75311051815
989, 49597.79608481202
403, 49597.79608481202
1325, 49523.86340870124
453, 49512.597384058114
452, 49512.597384058114
127, 49498.39987524609
1143, 49409.758891737714
1165, 49301.5735429051
628, 49221.655654241855
936, 49207.74213879644
28, 49133.6301782105
718, 49065.13937045824
1231, 48984.6327051924
844, 48946.09347523966
293, 48881.59781327256
1238, 48867.676634233525
849, 48801.58555261288
1089, 48765.47158920457
1164, 48743.06850356842
200, 48743.06850356842
549, 48735.776347163526
188, 48697.2856150233
1333, 48625.74460879161
202, 48522.826890983924
245, 48445.55940151635
1258, 48418.60862619635
138, 48292.08168660412
402, 48252.675678088475
1161, 48234.228347245305
232, 48227.24245414913
1091, 48031.323657384426
1090, 48031.323657384426
591, 48012.65592393625
357, 47853.94188735741
214, 47780.535728577386
679, 47743.75323846288
875, 47616.83371724764
567, 47556.97091670744
491, 47541.94296771697
744, 47532.52203068987
1134, 47531.283494150586
1309, 47328.39433453531
1319, 47207.89885558021
493, 47200.52908402953
1048, 47174.069470601105
731, 47101.15690834376
457, 47087.67183546706
59, 46782.3127210604
