1414, 100000.0
238, 99889.65323364634
134, 99862.50874774449
1076, 99830.32313915431
558, 99556.14047028509
1075, 99410.59223295073
840, 99308.4278600988
1057, 99268.17741280988
546, 97733.48118431639
399, 96821.23500798184
1313, 96529.76970093937
1136, 96477.76801341581
418, 96401.55346504961
471, 96350.44569118676
423, 96098.66643214333
424, 96066.97202935672
1028, 95679.78584286483
659, 95183.10583746269
1382, 94833.77863692533
834, 94799.03169152362
1398, 94761.23538052544
1044, 94704.80431857608
270, 93654.09853277639
268, 93654.09853277639
701, 93031.84708435404
43, 92322.0202004321
45, 92276.57487636217
309, 92123.67794587434
745, 91774.46417717655
868, 90813.42530172536
830, 90686.33514648194
64, 90034.07179848837
645, 89795.55618617998
644, 89795.55618617998
63, 89795.55618617998
250, 89622.41629974496
61, 89324.55949774478
504, 89228.22231264003
500, 89038.1569083338
920, 88888.427448241
1302, 88802.00952463165
228, 88476.34115736373
93, 88436.45194367037
1403, 88429.31341169555
142, 88327.858757057
398, 88204.57170556807
545, 88167.79536144937
1002, 88147.22762871014
600, 88053.83980613833
835, 87961.5287748176
397, 87938.42035696328
19, 87784.042618575
172, 87758.76934620591
556, 87725.0224547634
759, 87601.74419606956
1401, 87585.03905808499
366, 87443.64969128867
444, 87423.23861527261
1334, 87006.89553311924
1199, 86947.06823540157
1058, 86936.85070126939
5, 86790.2983745041
699, 86784.09625170394
503, 86741.08473714693
919, 86569.34263213031
369, 85918.00948775385
1003, 85606.9285315997
194, 85570.04065838327
619, 85567.8810829831
905, 85562.6682639276
899, 85562.6682639276
1373, 85544.2585963041
1147, 85510.82849685449
464, 85510.82849685449
1004, 85446.63857240883
145, 85398.20824261087
749, 85291.52608576367
192, 85277.24858248251
191, 85277.24858248251
1264, 85028.74349221974
1263, 85028.74349221974
460, 84931.94040737039
209, 84793.95817708877
249, 84404.27983689652
353, 84139.32943316236
1035, 84024.07418267136
1043, 84019.25480139654
330, 83988.12791797222
180, 83634.82935446438
604, 83549.74524867347
661, 83439.749897257
1029, 83366.18347002588
620, 82464.52761046612
516, 82450.60276108187
1170, 82362.1508564199
269, 82220.66411678385
6, 82075.83186749686
305, 81967.65459897465
1173, 81916.93405085629
1172, 81797.71648976309
704, 81750.98049679394
702, 81750.98049679394
74, 81579.51431376739
594, 81400.90830828481
782, 81107.48879834391
216, 80892.22107873423
161, 80850.96996651895
160, 80843.77571618279
159, 80833.27832986922
210, 80324.93575216715
146, 80324.93575216715
133, 80162.70665031802
1152, 80065.90214577444
1240, 79834.76147390711
932, 79647.07135137
88, 78941.68006378696
141, 78925.8742845289
690, 78904.2547267635
170, 78821.36916596946
53, 78821.36916596946
218, 78802.36761989155
502, 78745.77662294114
765, 78715.80549108984
515, 78715.80549108984
514, 78715.80549108984
123, 78599.37888983882
1060, 78564.11214068808
158, 78514.78596659626
157, 78514.78596659626
739, 78467.0263897074
740, 78399.61514701977
1067, 78126.9824939805
169, 78086.13625688328
1162, 77667.47803608481
829, 77667.47803608481
481, 77654.72332001905
828, 77463.5878031554
654, 77391.75319112046
285, 77285.99869089513
1036, 77143.66049287541
1080, 76929.34252186658
1314, 76764.80832059961
518, 76563.16051371417
696, 76376.19099715876
705, 76188.0433217285
703, 76188.0433217285
459, 76079.1412405676
908, 75736.2495698146
274, 75000.96297747346
271, 75000.96297747346
1077, 74771.70318317696
1396, 74580.86428289047
775, 74331.98605958636
575, 74144.43189118728
1245, 74002.28954926596
421, 73986.86997875031
427, 73877.29079814571
1262, 73747.10248932838
227, 73187.32948935966
362, 72382.2590032284
915, 72152.15449179806
512, 71998.11614577584
108, 71854.25626301859
1074, 71647.23884519609
643, 71638.18980496206
177, 71607.88156279537
256, 71350.76655552012
1413, 71339.1255783824
1255, 71232.32920615688
1348, 71214.185627724
613, 71079.01830739017
831, 70960.38605548328
272, 70844.14502035768
1362, 70222.8973509144
796, 70180.5707724781
852, 70077.63895440519
1285, 70034.92952148667
1193, 70006.89468137373
156, 69940.50428138139
217, 69861.94483910962
1149, 69820.92015705055
273, 69796.63994091823
1286, 69721.93286292556
698, 69690.1241247324
794, 69598.68209877043
544, 69523.47751222241
1190, 69210.77873973898
674, 69178.8900872936
1188, 69174.23003826405
461, 69113.64392966802
139, 69101.98992187198
1404, 69057.8801311264
1228, 69034.88197931738
865, 69034.88197931738
1317, 68888.72263795449
815, 68851.72494153156
501, 68506.82673872485
1236, 68455.69039018358
135, 68374.65708371709
1344, 67985.2548658686
612, 67931.36090191087
102, 67826.95338160735
136, 67825.00735605482
1379, 67766.95198670294
1419, 67729.03514626635
1039, 67429.21553840282
65, 67269.83784116426
62, 67269.83784116426
1061, 67240.87637598767
112, 67161.33311988658
137, 67152.26889738094
4, 67034.2039849697
1299, 66978.39483167286
700, 66880.91187319465
1084, 66874.41772151353
1082, 66874.41772151353
866, 66725.42766443487
302, 66675.74772558766
673, 66611.15211995022
992, 66602.83208750116
750, 66468.54428686082
860, 66443.27888737926
562, 66423.70588618246
1085, 66396.43727855066
751, 66356.28316713404
564, 66302.76391586449
451, 66131.32756790366
1234, 66129.24387533318
1086, 66117.86580233331
15, 66090.6763277488
1399, 65981.81748530551
363, 65958.49248591201
1020, 65909.20054453712
1318, 65820.99978681128
364, 65811.7188480693
845, 65759.02069118948
799, 65745.72629870042
798, 65745.72629870042
633, 65541.9340192793
239, 65389.48668140447
21, 65389.48668140447
692, 65343.95937772079
609, 65331.89335317232
1288, 65207.94952888289
1397, 65140.91888029606
1109, 65088.364820102885
1081, 65062.992047812404
1110, 64745.04430766006
1108, 64745.04430766006
350, 64713.182002275746
425, 64686.298121671745
348, 64680.081086385646
607, 64558.22069594109
416, 64354.77879121432
3, 64239.49262921277
2, 64239.49262921277
396, 64114.410706269395
44, 64114.410706269395
291, 63963.72157527657
1101, 63884.37629022132
754, 63871.46576527329
151, 63801.23662507061
1148, 63747.304434841055
401, 63714.74494133903
1308, 63698.53764553391
1395, 63689.59724260455
861, 63653.78734589471
712, 63561.33719985766
124, 63545.55586063077
149, 63544.699178623756
1144, 63534.93999054858
1246, 63105.83378219383
811, 63094.126455179714
264, 62747.80008487189
411, 62726.65109208471
1056, 62723.71395277496
426, 62670.80101077711
414, 62670.80101077711
1100, 62628.11649044017
352, 62601.97319855516
479, 62587.16653187177
922, 62471.095635437545
422, 62459.32048974086
413, 62459.32048974086
219, 62432.164071212916
955, 62389.79609393408
1106, 62154.28194625311
1105, 62154.28194625311
1102, 62154.280701466334
412, 62127.62179914614
984, 61963.17281588603
409, 61952.17828668359
480, 61941.1872515929
391, 61925.437591384965
155, 61851.7201895006
1400, 61734.05152723105
1088, 61708.09831181945
1117, 61686.60133499852
1232, 61682.9368008965
437, 61621.20184518968
1018, 61577.28306481721
154, 61577.28306481721
636, 61569.722920569315
428, 61444.01362164762
571, 61307.11987244046
987, 61170.01385642946
985, 61170.01385642946
709, 61100.95805728901
554, 61037.90173328978
986, 61019.44988524638
555, 60883.51468447667
855, 60767.25632759841
382, 60761.43236205633
454, 60757.17319988347
1059, 60696.666701518865
856, 60631.611258851146
854, 60631.611258851146
1103, 60614.1068656196
470, 60513.066014059325
179, 60305.292834767235
442, 60304.05061775268
1312, 60259.582040613845
812, 60236.78958553071
233, 60168.84395460963
1113, 60168.66444399038
41, 60028.968764334764
189, 59953.78939030478
813, 59789.77614514512
435, 59787.09941271353
961, 59579.86173331734
176, 59448.948352933665
46, 59400.41456751666
1323, 59329.4322178893
513, 59269.123646440225
11, 59248.09943649084
473, 59233.21773878046
1192, 59217.21754876842
20, 59204.216285969844
168, 58992.29231852877
246, 58796.750866861534
242, 58782.88199581303
26, 58751.46771722477
662, 58729.655094001246
434, 58655.53263988942
390, 58620.790789321254
663, 58588.06206156203
72, 58489.4681715194
553, 58396.432704790044
419, 58292.18856737069
417, 58164.69704491437
167, 58164.3051231783
267, 58152.46901326952
358, 58138.43329271187
1027, 57717.46605945459
410, 57678.960324757056
795, 57386.465044034565
993, 57318.192685967384
251, 57169.07597121147
187, 57151.29743391014
55, 56894.132086381054
697, 56758.04469040521
695, 56602.916046361504
42, 56562.668102630574
647, 56403.590636657216
903, 56400.61362143868
1410, 56318.5968822756
791, 56293.585917777644
39, 56281.612292279926
122, 56251.816792000376
1300, 56250.41978215245
574, 56219.660053873944
1015, 56107.766164440574
656, 55823.310864992316
968, 55738.43627994825
694, 55682.75397507415
691, 55664.85887290158
40, 55589.91332754778
1016, 55381.62132631288
1409, 55339.494870417795
1065, 55339.494870417795
85, 55339.494870417795
1408, 55325.07490294231
1407, 55319.29717938111
601, 55317.490486757946
606, 55300.031191360664
86, 55267.04520778784
1381, 55252.63309195765
441, 54863.97167267393
1017, 54816.62187535875
783, 54529.34257964911
802, 54475.90342042204
801, 54475.90342042204
346, 54461.33342804705
970, 54172.49978297645
706, 54152.73622799794
1280, 54132.086398046944
693, 54105.996431088344
304, 53293.82887813568
1191, 53241.27966750974
1189, 53000.3964929025
565, 52799.169839971415
762, 52609.91396818302
772, 52530.82401361804
1066, 52490.656676575694
776, 52166.636115202535
1287, 52038.43368967689
420, 51862.09509305665
969, 51837.5646275495
164, 51812.164006595995
415, 51751.93688446306
1155, 51693.96544062244
1389, 51664.42709180189
972, 51514.25330540622
967, 51514.25330540622
361, 51507.23478400629
653, 51382.2352179439
1346, 51372.3793243547
853, 51362.813006629294
583, 50749.35096899981
222, 50229.74914824884
367, 49909.57839264254
116, 49446.796104802364
347, 49409.86351543958
858, 49335.33461172418
1290, 49090.07953974921
827, 49047.283549404696
1040, 48889.0209907993
971, 48504.79259459281
846, 48432.52190067786
517, 48431.525196048024
1342, 48343.35726390436
540, 48153.4788062092
1204, 48055.84161872635
495, 47841.748364755564
1201, 47795.17518349358
433, 47778.01628489173
204, 47773.152779367505
488, 47678.682080649545
509, 47653.237344094276
930, 47574.39637824787
277, 47460.35626899318
1274, 47445.16816602711
252, 47380.769862501795
1200, 47132.94786905182
1169, 47000.9409095236
885, 46415.55850465491
1224, 46374.856985601386
867, 46287.26030854857
781, 46260.227823329646
153, 46240.06598806029
231, 45972.4310663657
30, 45794.52735242429
220, 45657.24689658659
354, 45639.65155205023
299, 45583.08071624994
107, 45471.705248846476
584, 45406.202225639114
380, 45364.11135624524
978, 45309.895161487366
279, 45170.14344587544
450, 44998.675027760044
449, 44998.675027760044
278, 44970.16144768979
478, 44842.92963998342
771, 44782.93537804328
221, 44632.67672090872
106, 44539.155934614624
1111, 44530.77811621795
622, 44525.055009076474
621, 44525.055009076474
581, 44412.35061141474
1013, 43883.718203310076
1012, 43864.74573782496
618, 43852.81404143618
1137, 43719.52219191644
56, 43531.33114728094
1310, 43523.91566477599
557, 43153.444573864785
780, 43045.31807769249
534, 42923.9161037997
836, 42913.680318265266
29, 42703.39654857167
1217, 42568.42118937738
1216, 42568.42118937738
131, 42338.6000010243
536, 42296.53455407173
535, 42296.53455407173
395, 42110.479689340755
847, 42004.17729239989
1112, 41690.59681404385
1306, 41605.31715902505
596, 41580.23993251681
605, 41515.329531549265
977, 41419.15008094634
1052, 41317.214329105984
598, 41128.579458674656
178, 41062.04852474295
381, 40621.81859578238
173, 40474.39022666582
597, 40420.24759221104
