718, 99843.71627815034
1231, 99821.881552692
844, 99661.96980860965
293, 99394.93934139944
1238, 99337.39720479414
936, 99258.37469402104
628, 99201.81149278261
849, 99064.67604450301
1089, 98915.97498852354
1165, 98878.77641099352
1164, 98823.84294180768
200, 98823.84294180768
549, 98793.87292614715
188, 98635.83247733144
1143, 98446.46356781226
1333, 98342.76935424014
127, 98096.45064003997
453, 98040.7365378256
452, 98040.7365378256
1325, 97996.59392694545
202, 97922.71675551936
989, 97708.38836239646
403, 97708.38836239646
851, 97646.51893449631
245, 97608.54436091897
1258, 97499.2006335184
97, 97201.92137704094
138, 96987.505113632
1099, 96892.53288003521
402, 96828.69250662508
1161, 96754.43647152002
232, 96726.33107139384
58, 96474.94825493041
199, 96252.76466725097
572, 96223.04270668374
1091, 95941.43878473203
1090, 95941.43878473203
182, 95893.26893882058
591, 95866.98503045447
312, 95446.71443045839
837, 95419.92143187101
1294, 95292.26385438803
1358, 95259.73085253408
357, 95236.29863027888
196, 95129.62186932872
50, 95120.41821191812
214, 94946.00135913555
997, 94880.71975675976
873, 94880.71975675976
679, 94800.86956791488
631, 94336.79683842325
875, 94301.77419990113
888, 94245.39690333733
567, 94067.27532664781
744, 93971.66836100811
1134, 93966.82764141411
680, 93792.32658585512
928, 93737.72123153355
1357, 93670.71888474206
147, 93293.50624405197
789, 93191.27832086581
1309, 93177.16500702935
639, 92999.03137214143
1319, 92711.2825129723
493, 92682.86248408112
614, 92610.32418644802
1048, 92580.89678350487
1260, 92522.87554148148
731, 92300.48722070914
457, 92248.71714094332
1259, 92189.3793261293
651, 91957.72258204872
126, 91907.10561136233
1069, 91490.66084988073
994, 91195.88411653935
59, 91083.98955449645
763, 91015.13133464134
666, 90966.59521821857
405, 90821.7450281717
1163, 90666.52352253726
1038, 90488.21989900885
590, 90230.8423015675
657, 90152.068409698
541, 89988.81978276583
573, 89950.21255513107
732, 89943.9998736584
630, 89943.70579089294
726, 89904.93553027083
1377, 89801.16928718387
946, 89693.31410740003
181, 89668.88090263434
1250, 89625.82483796804
1366, 89056.1198116696
1087, 88901.10971823742
342, 88363.70905832235
31, 88139.54942380173
874, 87791.45220328234
935, 87508.17084515728
1331, 87491.32010547296
1073, 87323.12551781519
1142, 87189.95105945217
300, 87046.02477411373
1402, 86966.26374187876
448, 86740.93366274469
234, 86329.16639213353
1182, 86317.50757365533
1178, 86317.50757365533
602, 86130.05574614908
1181, 86124.09661267011
1180, 86124.09661267011
1179, 86124.09661267011
1177, 85899.94277685003
948, 85762.0611933436
247, 85755.7264381412
393, 85727.86999197288
648, 85342.99902239438
931, 85333.26414260725
1005, 85224.84772787534
9, 84974.57002768388
49, 84937.1650999321
652, 84715.59654087185
118, 84582.04824398874
375, 84472.76786471107
207, 84054.38755832048
287, 83996.83317265214
386, 83988.23110354788
926, 83935.60166293239
203, 83771.92747516424
787, 83732.53372493165
1335, 83666.884895735
1033, 83601.34659310241
1053, 83559.48570905701
585, 83547.84107014789
788, 83446.13752751173
649, 83424.77830369111
1214, 83359.2380586091
132, 83135.25776866742
328, 83131.59927355709
1045, 82991.76179103843
371, 82883.31251139143
1000, 82846.85469147367
566, 82794.57060909561
489, 82699.19317339348
1226, 82652.46071033445
863, 82635.1373069198
1153, 82568.75323995262
894, 82243.57964392207
1327, 82207.54284119292
797, 82190.56551341605
57, 82184.24784991545
1416, 81998.64846559643
1354, 81989.03853125455
677, 81812.68137835803
616, 81801.39142373235
715, 81800.31126038135
1244, 81782.84545768875
998, 81585.97913694025
1322, 81530.93422700356
385, 81087.72683392948
1254, 80428.4540681043
938, 80380.23611615141
197, 80351.67844397962
907, 80343.88391368985
1014, 80133.6985543095
1095, 79931.48709382289
206, 79862.82293040273
638, 79842.5502609609
225, 79842.5502609609
1205, 79714.33946807556
75, 79574.72262759256
482, 79535.11898925023
671, 79517.44330016788
1207, 79261.29697762226
737, 79247.9775450278
723, 79130.86858057113
779, 78987.65855946683
1289, 78930.48810957784
82, 78930.48810957784
1353, 78785.46841933054
561, 78719.12300456331
979, 78605.88271910079
733, 78444.2067504058
472, 78353.47173504437
543, 78308.43534448386
101, 78305.31725980753
714, 78185.41621497388
1257, 78124.85374103226
100, 78097.97067707792
988, 78037.94209346341
610, 78013.23769484293
1131, 77903.34176879899
319, 77852.52866017637
447, 77761.86441411212
884, 77690.51628801777
736, 77680.5026349795
317, 77626.73695086635
1047, 77532.0171053424
1124, 77501.60082334756
925, 77437.98508844343
716, 77324.57520139079
376, 77249.40907152259
859, 77175.95623586715
323, 77087.78621050692
1303, 76962.16026925677
1206, 76906.87032466588
588, 76877.37392630313
1305, 76634.39614776378
1239, 76629.12186557753
1209, 76619.7344038957
79, 76534.21445880206
603, 76483.72822213265
1208, 76448.20282251661
337, 76339.15002176391
1367, 76313.17553579027
314, 76259.02158246726
355, 76182.39179890299
95, 76131.4252871549
1249, 76107.58070713578
843, 75743.31194957942
60, 75577.92171633878
1261, 75542.06431307619
341, 75382.52924385217
171, 75201.87627318394
520, 75188.65838870592
632, 75185.20767143353
1359, 74958.4090800264
392, 74939.50639578924
1355, 74938.36404803164
1212, 74872.40532977287
1150, 74485.70129683618
329, 74431.75744984379
650, 74412.03772159298
174, 74382.23377192297
243, 74340.77964539027
942, 74249.03983345027
394, 73824.3515409075
406, 73815.04567714446
615, 73797.78946773645
294, 73605.36634766338
1276, 73563.39353115918
810, 73401.90354804152
1185, 73355.68476028366
324, 73309.91984347906
407, 73292.22647898574
1068, 73162.21793230264
1252, 73122.15846866311
7, 72972.40421007849
678, 72836.02124296367
1324, 72436.26447405615
980, 72411.33857251148
1284, 72261.80874443952
52, 72258.47975719503
1360, 72239.20290064758
1375, 71998.30938733486
1104, 71759.00008261122
0, 71738.23186092201
629, 71690.68472205025
458, 71626.18754601729
668, 71593.49239454954
490, 71572.85603966429
974, 71541.58951664
87, 71263.51149332068
1145, 71201.25314111786
1115, 71128.24091922324
499, 71121.3300110547
1291, 71010.5589308215
462, 70972.78673990133
1025, 70775.20226941766
76, 70749.06820127704
1, 70559.81453881695
1114, 70435.09274365396
734, 70345.95908226536
119, 69909.60674898911
208, 69810.96625755493
945, 69807.92538309535
848, 69700.52988763146
778, 69540.28676501258
1213, 69485.70566894708
1332, 69458.44316425745
944, 69417.00275783884
753, 69245.33057817405
71, 69068.93284114526
1292, 69061.35464159619
1293, 69039.94178502388
1349, 69039.1806065399
803, 68994.3012671131
735, 68838.79158413212
436, 68824.19291443768
213, 68683.82727447525
1072, 68663.67229103463
121, 68619.95996707672
937, 68573.51445071166
148, 68570.3706963278
906, 68553.53058857737
1411, 68546.74155628086
892, 68537.54677996905
262, 68507.75677376692
1194, 68507.68334735892
1350, 68444.94754647624
665, 68380.99045489641
1125, 68286.24950891285
943, 68257.78699012898
115, 68092.40246094752
8, 67979.60790174386
120, 67787.32962328546
439, 67745.29166523217
1071, 67585.20239015535
1070, 67585.20181667124
263, 67517.05653804874
1107, 67368.59368086905
592, 67352.10974237918
822, 67285.64038245435
1368, 67271.20392435121
838, 67217.03819751099
109, 67209.68147785963
916, 67163.20092076596
924, 66990.86025568758
982, 66988.76771188482
70, 66912.63907959155
1295, 66843.49938440297
1301, 66783.14683051185
1329, 66676.72644876855
201, 66646.65567536854
667, 66519.65181424365
1339, 66473.77274512037
823, 66233.30870170899
1420, 66111.77007619057
496, 66110.99288243619
542, 66027.1056944979
539, 66027.1056944979
261, 65942.9412352693
721, 65867.31895514432
627, 65821.96274731871
311, 65747.4115708712
676, 65658.24272179487
1405, 65598.8649795234
760, 65535.509779384396
722, 65519.49408494895
301, 65447.20906466042
326, 65358.11650292927
893, 65191.24725492452
1215, 65124.9674459024
959, 65116.071613667016
35, 65085.99871155388
941, 65080.68900849221
486, 65068.688899086155
1233, 65003.523796311056
728, 64729.6850563465
1321, 64721.65269721523
729, 64670.44503958886
378, 64564.227072658774
370, 64552.42658228859
1220, 64396.56983284778
958, 64396.277385142464
1388, 64201.229015316465
741, 64090.14085091132
952, 64040.8873433047
983, 64001.476226456245
241, 63909.57089490298
1055, 63834.36380618147
767, 63802.19764601929
578, 63568.825784930195
757, 63497.26654335875
950, 63347.032702682525
670, 63281.26170019178
292, 63233.84510791848
738, 63231.938107599824
911, 62985.712871482305
582, 62884.62679032498
996, 62708.89887853002
211, 62691.61552692708
212, 62654.49374455538
336, 62604.79671328671
377, 62469.62687751634
497, 62386.40761242006
440, 62386.37381495086
265, 62365.129988387416
296, 62345.43330305567
559, 62318.567953673664
66, 62278.88230967776
1154, 62261.8878543556
315, 62093.305918360864
1275, 62065.96791500337
755, 61979.3147009595
286, 61965.1651823257
51, 61497.5475757078
1151, 61344.903942972196
1171, 61219.260135929355
1079, 61148.545094004156
193, 61148.545094004156
756, 61112.119090672546
1021, 61018.65302118511
904, 61011.33220317152
902, 61011.33220317152
901, 61011.33220317152
900, 61011.33220317152
624, 60997.241263080796
1050, 60896.92885454903
1156, 60684.138624636376
1049, 60599.23349749599
664, 60544.43826816156
344, 60500.65296244276
1034, 60481.36128479665
166, 60398.486747512055
1064, 60233.72934981486
431, 60217.03934837328
1098, 60190.78421513671
1022, 60137.32355003778
889, 59992.37580470251
897, 59936.71665313317
1054, 59928.64675570424
175, 59892.98346668534
1328, 59834.71700412981
1279, 59834.71700412981
839, 59729.92823241595
280, 59691.48388301454
1024, 59411.817969157775
1023, 59411.817969157775
1237, 59411.81561352271
522, 59282.26025874051
340, 59206.299278192695
360, 59169.73264634087
956, 59146.123376363656
494, 59114.156254157446
446, 58940.84674254093
547, 58932.70522353039
548, 58919.80923469874
1129, 58805.53329145991
110, 58766.80843550324
1127, 58764.629697963275
806, 58441.81694232821
1372, 58403.55300059473
761, 58392.74930790543
966, 58316.59791560487
707, 58306.174735777495
1008, 58246.10845294934
880, 58221.939694254346
887, 58106.35666240694
1304, 58056.171612826634
1122, 57989.85442894585
1184, 57903.274295540665
896, 57878.93893100677
990, 57862.20911689976
579, 57798.472148627996
746, 57751.5593503551
327, 57703.55727138641
669, 57659.27666998354
747, 57597.925366335876
492, 57571.527287205434
498, 57468.319592168205
1097, 57407.21313267425
198, 57350.950527508736
758, 57312.18792987718
995, 57308.908082436836
587, 57022.7585064058
883, 56917.30091777145
599, 56828.19227907059
1096, 56625.29880232875
864, 56606.8471987175
766, 56597.95832848264
282, 56519.90149672928
1078, 56390.25815136417
1340, 56324.290693161936
332, 56319.539374990345
1116, 56315.64195581412
730, 56268.343374137854
1183, 56215.36441233737
870, 56098.04189812154
1374, 56018.328770290325
1198, 56006.43078954807
1195, 56001.6377981299
1046, 56000.824485177334
586, 55720.1249860069
1387, 55693.90000263104
1386, 55630.78803243797
1415, 55603.78327947152
1197, 55484.87682890688
1196, 55435.85360910319
511, 55389.572603040295
1298, 55336.66368769641
1123, 55285.56839194215
1311, 55231.24508117476
48, 55122.72949352329
658, 55012.58788080464
1380, 54959.02079613397
821, 54957.59751408905
1130, 54819.36377968014
1146, 54791.76363433285
1225, 54761.14045987557
96, 54665.64430477051
568, 54652.694245116894
660, 54629.31472072376
1093, 54604.365740447865
510, 54604.365740447865
774, 54579.71986067203
773, 54579.71986067203
1030, 54459.47436313431
316, 54440.77201076336
910, 54039.79963592365
1351, 53983.873624207736
