667, 99997.22354079732
1329, 99644.34729085903
1301, 99407.61582449781
70, 99122.08118269216
496, 99082.02123475797
109, 98477.34035983287
1368, 98345.5560789611
311, 98267.59008535852
592, 98173.15228232072
676, 98068.52952817352
1405, 97936.12261239738
326, 97400.48419751693
120, 97262.92664160825
486, 96759.09553201984
1125, 96253.87226352913
665, 96066.26131957039
728, 96011.36773198105
1321, 95993.69696502239
1350, 95940.31544238562
729, 95881.09261853508
892, 95758.96524692792
1411, 95741.02190631776
148, 95694.96319925538
370, 95621.90046106336
213, 95474.86482820677
958, 95279.66578062503
1388, 94853.29164476342
71, 94740.57479987839
741, 94611.00621904897
983, 94417.91380006762
753, 94410.67890872137
241, 94218.0320045052
778, 93867.84308668452
208, 93379.12113325825
757, 93324.66999841183
119, 93203.2172589344
670, 92858.81268416716
734, 92438.77205554121
1, 92072.0763237881
582, 92007.25024645084
1025, 91707.89549906843
211, 91594.65815251369
212, 91515.43873480007
1115, 91121.85403975841
1145, 91002.30645488709
497, 90944.61307025296
490, 90402.41106966397
668, 90369.50977165943
315, 90323.08704405422
458, 90317.47044579378
0, 90139.946728115
286, 90052.20019579347
1360, 89361.27277076365
1284, 89326.70514035031
980, 89099.26460711121
51, 89067.95959197736
1324, 89061.55494451644
1171, 88485.39933898638
1079, 88337.74184046578
193, 88337.74184046578
7, 88264.22462494885
756, 88261.74127286537
904, 88051.66536565163
902, 88051.66536565163
901, 88051.66536565163
900, 88051.66536565163
1185, 87709.90823781656
1034, 86952.05856808138
166, 86780.86897317349
942, 86465.98539659147
174, 86286.05261272557
1150, 86147.23522163773
889, 85944.94476130261
897, 85830.75928611407
1328, 85621.74329782513
1279, 85621.74329782513
632, 85230.12646821454
520, 85225.69254354615
360, 84266.56039289507
956, 84218.68411432697
494, 84153.88510244699
1249, 84075.06099608121
314, 83891.02335894236
1367, 83825.58513591737
446, 83803.09384955671
337, 83794.26735240448
110, 83451.70204752874
1305, 83441.401974622
588, 83155.23765732028
1303, 83056.26570796756
761, 82699.40937034716
1124, 82437.03790238865
1008, 82405.58473951551
1304, 82025.91878969016
1122, 81893.5984150935
1184, 81721.03571562961
579, 81512.43852929743
733, 81396.66837007417
492, 81061.79169055383
498, 80857.33024537809
482, 80254.4587784097
638, 79943.8534123243
225, 79943.8534123243
206, 79923.5395891001
938, 79411.97056527229
864, 79162.28376383304
1078, 78739.34881420215
332, 78601.53447597787
730, 78501.85087103804
1183, 78398.77110226716
1322, 78319.90719368507
870, 78170.77244612774
1046, 77982.12912737022
1354, 77901.78259356423
1416, 77893.1088941812
863, 77327.32397690963
1415, 77214.36115922012
566, 77188.23378233108
1000, 77142.84606221218
371, 77111.26250504116
328, 76897.58890542203
132, 76894.45880073214
1214, 76703.83245315446
788, 76630.40215104182
1123, 76602.09101803873
787, 76390.459748256
203, 76357.70105615749
48, 76289.82630269304
386, 76178.87357765908
287, 76171.79818845492
207, 76124.52945659215
1225, 75598.95922914585
568, 75392.4336179647
1005, 75189.31594608781
1030, 75025.23425998772
247, 74780.89057550825
948, 74776.07415064464
1177, 74671.56937985645
1181, 74503.00814337195
1180, 74503.00814337195
1179, 74503.00814337195
1182, 74358.87490978024
1178, 74358.87490978024
234, 74350.22496771469
874, 73298.74426405621
31, 73057.84200598311
342, 72904.54485289699
349, 72797.30264043271
1087, 72542.74725603386
1133, 72309.17134080958
927, 72148.96512578045
1250, 72067.23813504934
769, 71959.38052861106
726, 71887.7842969555
630, 71863.01549819934
732, 71862.82776704998
322, 71843.43153067943
657, 71730.55604157542
655, 71460.43526413316
1163, 71408.16948292623
405, 71312.17932744455
666, 71223.12971166575
763, 71193.40413443715
59, 71151.32925081383
871, 71080.03390347346
38, 71040.39924681443
869, 70876.92102281218
617, 70717.71686284828
253, 70634.14797751303
1132, 70543.39913852849
457, 70456.42399487061
731, 70426.25438507287
1048, 70263.87379163281
569, 70236.16413483686
493, 70205.25525151823
1319, 70188.9573795515
689, 70188.66008862121
244, 69924.61096349328
1309, 69924.27133073723
1134, 69486.06043697418
744, 69483.41366053348
567, 69431.23534292883
54, 69344.41745298085
875, 69304.03281819721
1019, 69207.15240230878
445, 69207.15240230878
679, 69036.92211991364
214, 68960.15889182242
357, 68807.82384081687
947, 68794.58518997236
114, 68735.58179433184
641, 68718.29046452542
591, 68482.31846422217
1091, 68444.37582576684
1090, 68444.37582576684
1011, 68333.37701964576
232, 68050.43788472931
1161, 68036.53364417255
402, 67999.86397229788
138, 67921.75838825497
1258, 67673.03344726776
245, 67620.45609363221
78, 67539.35940540109
1227, 67530.20203979174
202, 67470.49151150601
81, 67331.796414657
1333, 67272.50788268502
188, 67136.05664728527
549, 67063.0365223931
1164, 67049.23356166728
200, 67049.23356166728
1089, 67006.88917772904
849, 66938.8237895139
1238, 66814.87608735623
293, 66788.869330776
844, 66668.8381567478
1231, 66597.46979005315
718, 66449.23618606763
936, 66189.45941828657
408, 66184.46653617013
628, 66164.30236381017
528, 66145.22473473808
1165, 66020.4459616203
1143, 65827.43573273599
127, 65670.75715054356
453, 65645.78337889755
452, 65645.78337889755
1325, 65625.98985259683
105, 65563.99610257726
103, 65563.99610257726
83, 65560.49638617926
237, 65533.462758990725
104, 65529.03197420168
989, 65496.61369628569
403, 65496.61369628569
851, 65468.80755262351
97, 65268.64883482801
1099, 65129.006186221406
58, 64940.0649264932
199, 64839.31717565635
572, 64825.828426966604
182, 64675.9841989637
190, 64674.596308426015
1120, 64580.504243376345
312, 64472.540986670254
837, 64460.314871209746
1294, 64402.03187208721
1358, 64387.17059766442
196, 64327.703115891985
50, 64323.49450671314
1272, 64290.21097589124
997, 64213.793283695086
873, 64213.793283695086
519, 64179.66110596485
476, 64066.569696170875
631, 63964.19389429951
888, 63922.16064235552
680, 63713.413531319784
928, 63688.2110412354
1357, 63657.27399429123
147, 63482.838306611375
789, 63435.487054462326
1256, 63423.48550411503
639, 63346.34972181149
1270, 63330.966446053084
99, 63253.30157331306
614, 63165.76206055747
1260, 63125.068268746465
1259, 62969.65286650039
872, 62915.88285015434
651, 62861.48661074439
126, 62837.82933807116
1069, 62642.8788028648
467, 62537.48709888542
469, 62509.660140527056
994, 62504.546211205634
468, 62472.61498861574
862, 62395.34453157805
466, 62311.49486728483
1383, 62254.63327163757
1038, 62171.30283298734
313, 62152.463181662766
770, 62146.21052146843
590, 62049.6973038502
541, 61935.14889467926
573, 61916.85846258795
1377, 61846.20228670054
946, 61795.026385070785
181, 61783.42782340947
1135, 61609.31782295775
1366, 61491.90296361408
717, 61244.87897085441
345, 61108.2363203608
1356, 60757.990639898875
935, 60749.89641439166
1331, 60741.77487390397
1073, 60660.65778276353
1142, 60596.36253060128
713, 60588.98169717705
300, 60526.80901701131
1402, 60488.23368325005
448, 60379.13937677378
1370, 60115.402505933154
1369, 60115.402505933154
602, 60082.5124254842
393, 59886.525489397834
648, 59698.45639252847
931, 59693.6927859953
9, 59517.9436167135
49, 59499.5907471083
652, 59390.77794584298
118, 59325.109861412086
375, 59271.328661810374
642, 59222.39701253419
820, 59131.267710972745
926, 59006.36320594783
1335, 58873.43620958989
1033, 58840.97777411644
306, 58840.46765933892
1053, 58820.2379044778
585, 58814.46750364617
430, 58763.03053393646
649, 58753.45568572783
1045, 58538.35176901724
255, 58469.092259310375
429, 58410.648218795825
489, 58392.64152176145
1226, 58369.33891493757
1153, 58327.5797857091
792, 58319.90189740868
17, 58281.579326697094
10, 58281.579326697094
640, 58262.366462502534
276, 58245.734596548304
786, 58221.589477169124
894, 58165.12438274977
1327, 58147.097390098745
797, 58138.603075721454
57, 58135.44187911429
368, 57996.22779113698
677, 57949.26907200222
240, 57946.50222041488
616, 57943.60453589548
715, 57943.06255903502
1244, 57934.29843379994
825, 57920.41832892974
998, 57835.43778473699
385, 57584.608002534165
527, 57580.004301792185
816, 57536.30847425687
1254, 57251.340960515714
197, 57212.42795968389
907, 57208.47617810599
1384, 57175.03966126736
1014, 57101.8301073684
257, 57049.04833375408
1095, 56999.07804591158
1315, 56944.347656795915
365, 56944.347656795915
1205, 56888.5700789205
75, 56817.426976404764
671, 56788.219086691526
833, 56780.15772379761
793, 56759.66500742599
195, 56744.869099407646
1207, 56657.45759258405
331, 56655.37942774973
737, 56650.65149215247
768, 56635.16794832557
723, 56590.781855393456
779, 56517.49992982839
1289, 56488.22415181724
82, 56488.22415181724
1353, 56413.90851990718
561, 56379.8837723913
1326, 56328.282851102376
979, 56321.77172941478
472, 56192.0698424478
543, 56168.902951343436
101, 56167.2987178322
455, 56111.55422158139
714, 56105.58302922627
1257, 56074.389876296205
100, 56060.53917938041
1094, 56053.48906353055
988, 56029.60152787809
610, 56016.86542634441
1307, 55987.853032446175
1131, 55960.182126459964
319, 55933.95796410511
447, 55887.143061140385
884, 55850.280528765696
736, 55845.10537833204
317, 55817.31235103474
934, 55808.104044574466
1047, 55768.32261827086
236, 55740.16620079829
925, 55719.655388269995
716, 55660.91482690293
1418, 55642.72924175
376, 55621.95598142759
456, 55613.58527170916
1278, 55607.76522790779
859, 55583.86463032416
98, 55559.7527977437
323, 55538.11440446403
1206, 55444.147951107516
1239, 55299.64698731772
1209, 55294.75798766008
748, 55267.91480839115
79, 55250.20375301549
603, 55223.88840081297
1208, 55205.365418429785
184, 55153.505478774954
183, 55153.505478774954
355, 55066.61931096541
463, 55050.457306115975
266, 55043.245801191435
95, 55039.98551475894
1063, 54975.128041061726
477, 54956.858219501424
843, 54836.84288504661
817, 54798.74596907765
60, 54750.10117243238
1261, 54731.281347311626
341, 54647.489369446004
171, 54552.48786081593
1359, 54424.25525479977
392, 54414.28978560625
1355, 54413.687497314655
1212, 54378.90307339489
1032, 54192.18985320839
329, 54146.08903618983
650, 54135.652655205304
243, 54097.927781801845
394, 53823.93495605129
406, 53818.988169972334
615, 53809.81426625321
294, 53707.43774993213
1276, 53685.08736657125
810, 53599.03018729012
324, 53549.966863378584
407, 53540.52556765062
1068, 53471.114457309995
1252, 53449.713466428984
678, 53296.666553598814
530, 53007.949069894865
1273, 53000.3623223499
52, 52986.770781459716
1375, 52846.737151589914
891, 52815.79262943975
438, 52780.159457899186
1104, 52717.69384293557
475, 52682.33587423292
629, 52680.814078437885
974, 52600.260889137586
87, 52449.78308024389
499, 52372.723824979905
1291, 52312.63200977061
462, 52292.12981811655
76, 52170.58081712606
1114, 51999.65329113342
808, 51988.782904475294
258, 51987.95252362447
343, 51916.10520569169
125, 51831.932179123985
945, 51657.027942961875
848, 51598.19654167079
1213, 51480.374130611686
1332, 51465.40824737125
944, 51442.653506850955
1292, 51247.079091253065
1293, 51235.287364896474
1349, 51234.86816105062
1248, 51216.03565096099
1271, 51211.12606381015
803, 51210.14754683999
735, 51124.424926033105
436, 51116.372488224515
1222, 51110.54691208934
165, 51041.36262740899
1072, 51027.77338460003
121, 51003.628001702105
937, 50977.96422989783
906, 50966.91927207121
777, 50946.99824361314
262, 50941.614139330246
1194, 50941.573540052086
943, 50803.27026481816
115, 50711.59694134576
8, 50649.00922869328
152, 50626.202272090944
1174, 50598.338421355074
150, 50598.338421355074
307, 50568.11674733438
1283, 50531.26534619712
439, 50518.821880915646
1071, 50429.7436717722
1070, 50429.743352477526
356, 50428.766951082405
