79, 99986.35131040138
603, 99927.45535972707
1208, 99866.82240927473
1209, 99840.76526016055
1239, 99824.8299630008
355, 99413.6968502904
1206, 99357.38401597501
95, 99326.92485966976
323, 99057.04516965325
859, 98911.83834943302
376, 98791.44597026621
716, 98668.78437714711
843, 98667.30975368641
925, 98484.73767455944
60, 98386.84329119304
1047, 98333.06437659162
1261, 98326.08566205633
317, 98181.12297235681
736, 98095.24974394898
884, 98079.28588884484
341, 98055.97642836189
447, 97965.81100882693
319, 97822.29212780498
171, 97750.52729038397
1131, 97742.18579774763
610, 97569.73929373725
988, 97531.12407049775
100, 97437.52274426595
1257, 97395.7093082195
1359, 97339.56693275517
392, 97307.6934970739
1355, 97305.7674404172
714, 97301.74798917345
1212, 97194.58738735187
101, 97116.6846253159
543, 97111.88889939968
472, 97042.71661264735
979, 96658.3044897958
561, 96487.6269173004
329, 96453.32678518661
650, 96420.21483491643
1353, 96388.13684288034
243, 96300.60664940199
1289, 96171.96052351076
82, 96171.96052351076
779, 96087.22184489513
723, 95876.14313663566
737, 95704.7867737637
1207, 95685.36827932646
394, 95435.79124241298
406, 95420.24004123147
615, 95391.40590734509
671, 95314.71314475495
75, 95232.54457978316
294, 95070.14504071782
1205, 95033.34536291058
1276, 95000.13420626115
810, 94730.98519802293
1095, 94726.55022020919
324, 94577.83334926791
407, 94548.38687863281
1014, 94444.11470524488
1068, 94332.14442692156
1252, 94265.55856632191
907, 94153.81454792425
197, 94143.11245676503
1254, 94037.93798695634
678, 93790.56106554744
385, 93152.41971517284
52, 92835.08584415264
998, 92503.44065218356
1375, 92406.08373880686
1244, 92251.65803416415
715, 92229.444628357
616, 92228.07151462026
677, 92213.72423479774
1104, 92012.25523271627
629, 91899.96543964403
57, 91746.19268852712
797, 91738.32069418066
1327, 91717.17912724896
894, 91672.36430259324
974, 91655.10739171632
1153, 91271.7078408161
87, 91199.18753842014
1226, 91169.64230239273
489, 91112.84973629424
499, 90966.4597662685
1291, 90785.32553234743
1045, 90760.34314455457
462, 90723.5959557761
76, 90358.3562628425
649, 90248.06193510814
585, 90104.48632181532
1053, 90090.94619914258
1033, 90042.33601497333
1335, 89966.43360323334
1114, 89846.84284578597
926, 89657.78559995636
375, 89052.88813564653
118, 88931.75801280572
945, 88828.84591917138
652, 88784.5975006932
848, 88655.02476475919
49, 88542.52996133346
9, 88501.91867964482
1213, 88307.76542150788
1332, 88263.73767616846
944, 88196.83116270661
931, 88116.15163421327
648, 88105.77385980183
393, 87699.3064319777
1292, 87623.51627367728
1293, 87589.04878942727
1349, 87587.82365426623
803, 87515.60210054314
602, 87282.36735786161
735, 87265.54495605965
436, 87242.0860495858
1072, 86984.31764347611
121, 86914.17889670019
937, 86839.68069718665
906, 86807.63502889183
262, 86734.25192177217
1194, 86734.13422787627
448, 86663.86667442469
1402, 86440.09887987873
300, 86361.4439114775
943, 86333.96822354576
1142, 86220.23768385604
1073, 86090.40345814994
115, 86069.55978895978
1331, 85927.54701982246
935, 85911.29946181017
8, 85889.42395667988
439, 85515.71780531284
1071, 85260.78438558937
1070, 85260.78347291304
263, 85152.36165808156
1107, 84916.34924563837
822, 84784.59577745355
838, 84675.69977577249
916, 84590.28134482485
1366, 84469.86026552493
924, 84317.08375060893
982, 84313.76884555125
1295, 84083.7727506473
181, 83925.87975494123
946, 83904.48734538826
1377, 83810.32404925111
201, 83772.53101606586
573, 83680.91872706865
541, 83647.53326093924
1339, 83499.56456512988
590, 83439.497962809
1038, 83220.60779615014
823, 83120.4977967674
1420, 82929.17155224708
542, 82795.99849484299
539, 82795.99849484299
261, 82663.69773472582
994, 82630.9047854065
721, 82544.89771040875
627, 82473.67778455967
1069, 82390.37979159036
126, 82055.55620207898
760, 82024.45216528753
651, 82015.25096634777
722, 81999.36495418022
301, 81886.17504403967
1259, 81831.8537002624
1260, 81570.86700727773
614, 81503.01646563248
893, 81485.87313649505
1215, 81382.34534154752
959, 81368.45422548488
35, 81321.50147593753
941, 81313.21257351023
639, 81204.31487966789
1233, 81192.78911586416
789, 81058.30495206502
147, 80981.12150718935
1357, 80699.03449241238
928, 80649.37056157508
680, 80608.99319339266
378, 80508.58018913107
888, 80277.31684820703
1220, 80248.05823848271
631, 80211.12080254164
997, 79822.04368519083
873, 79822.04368519083
952, 79696.46870000254
50, 79653.17875363171
196, 79646.72604636416
1358, 79555.7511286958
1294, 79533.07460408972
837, 79444.36701412073
312, 79425.8041061012
1055, 79376.88046382893
767, 79327.14972348935
182, 79119.20639091906
578, 78966.7084231156
572, 78896.11314246892
199, 78876.1427579234
58, 78727.56401268419
950, 78624.7440904155
1099, 78451.65330762032
292, 78450.45200801473
738, 78447.51679697564
97, 78249.99069050544
911, 78068.89010594618
851, 77964.22170065028
989, 77924.8251073833
403, 77924.8251073833
1325, 77742.48014975632
453, 77714.72125596534
452, 77714.72125596534
127, 77679.74958464809
996, 77644.07189651908
336, 77484.54043548966
1143, 77461.6648258727
377, 77277.58736187467
1165, 77196.0959968696
440, 77150.2275732468
265, 77117.74183896728
296, 77087.62664627994
559, 77046.55819760464
628, 77000.34004123352
66, 76985.90696509545
936, 76966.29605169196
1154, 76959.94006503597
1275, 76660.82311829895
718, 76617.99654443619
755, 76528.66860214339
1231, 76421.86503587755
844, 76328.10295386234
293, 76171.37612504658
1238, 76137.57744110162
849, 75977.26399858933
1089, 75889.76649552726
1164, 75835.52415082925
200, 75835.52415082925
549, 75817.87436183031
188, 75724.76077780264
1151, 75563.76698098413
1333, 75551.91157046512
202, 75303.74697002882
245, 75117.81406282574
1021, 75069.35733167423
1258, 75053.0377536001
624, 75036.95193062723
1050, 74885.20487252277
138, 74749.45919015989
402, 74655.0894856973
1161, 74610.940702627
232, 74594.22664476445
1156, 74563.68745801442
1049, 74435.5431462148
664, 74352.88616180985
344, 74286.86184528992
1091, 74126.55808957558
1090, 74126.55808957558
591, 74082.10535764694
1064, 73884.83551067633
431, 73859.72472984593
1098, 73820.22920405392
1022, 73739.83258294889
357, 73704.92271403677
214, 73530.93029677184
679, 73443.85417551642
1054, 73426.32393646523
175, 73372.79386574759
875, 73143.94813500177
839, 73128.23301267257
280, 73070.61530289815
567, 73002.79185651532
744, 72945.19613829593
1134, 72942.27928591776
1024, 72651.9716710158
1023, 72651.9716710158
1237, 72651.96814846607
1309, 72465.5536843354
522, 72458.32885601369
340, 72344.88159473584
1319, 72183.45336310758
493, 72166.22420221793
1048, 72104.38996951975
547, 71936.80534457645
731, 71934.18803333772
548, 71917.59110424794
457, 71902.7398696974
1129, 71747.40792306147
1127, 71686.52842937563
806, 71206.71821033848
59, 71193.15287387055
763, 71151.07828714598
1372, 71149.92163824211
666, 71121.41280951745
405, 71032.83869213493
966, 71020.91139242938
707, 71005.45274675943
1163, 70937.85428755052
880, 70880.56769374653
887, 70709.33459964964
657, 70622.53814970568
732, 70494.78875402293
630, 70494.60810337916
726, 70470.7898753206
896, 70372.8524562137
990, 70348.12193858509
1250, 70299.18910649157
746, 70184.63377253129
327, 70113.75127904728
669, 70048.38660885645
747, 69957.85871643804
1087, 69852.54712976306
1097, 69676.7143285796
198, 69593.84930190284
758, 69536.77893133194
995, 69531.95075075503
342, 69520.33827816529
31, 69381.51308379104
874, 69165.63347507085
587, 69111.17043790755
883, 68956.32170642888
599, 68825.57354306792
1096, 68528.1927917975
766, 68488.1541344284
282, 68373.88879839901
234, 68254.78538908955
1182, 68247.49722844448
1178, 68247.49722844448
1181, 68126.53200750952
1180, 68126.53200750952
1179, 68126.53200750952
1340, 68087.82988581757
1116, 68075.19165441026
1177, 67986.19711965608
948, 67899.79837915486
247, 67895.82753294647
1374, 67641.22603280163
1198, 67623.87933675115
1195, 67616.89181277805
1005, 67562.61946353836
586, 67206.91948138864
1387, 67168.77103107412
1386, 67076.99486843719
1197, 66864.97766449094
207, 66824.92759995264
1196, 66793.79548312357
287, 66788.54484343051
386, 66783.10620513717
511, 66726.6186883735
1298, 66649.84963864984
203, 66646.27367762644
787, 66621.33784881477
1311, 66496.98023773739
788, 66439.90782981964
1214, 66384.80741510614
132, 66242.6801452664
328, 66240.35734611933
658, 66180.28071947375
1380, 66102.7729511438
821, 66100.71398088311
371, 66082.62155078363
1000, 66059.44388225982
566, 66026.1976214196
863, 65924.76507967072
1130, 65900.84314341367
1146, 65860.96075751913
96, 65678.82076646699
660, 65626.38543314573
1093, 65590.38412022214
510, 65590.38412022214
774, 65554.82667871717
773, 65554.82667871717
1416, 65519.03664917032
1354, 65512.90111657532
316, 65354.48269357569
1322, 65220.08541903451
910, 64777.48258475079
1351, 64697.14010636387
938, 64481.65892713117
32, 64479.86613746028
1158, 64419.59380087102
1128, 64207.25686160146
206, 64148.259662319404
638, 64135.17950177574
225, 64135.17950177574
784, 64123.440960956934
383, 63942.39159806071
482, 63936.66100735079
1007, 63931.014066273165
951, 63351.17657254013
733, 63229.787544233564
117, 63055.74397067487
1242, 62964.99209575801
1241, 62964.99209575801
351, 62890.93190448917
881, 62631.05370182095
1124, 62615.93339055107
1303, 62263.34098833849
588, 62207.83656015044
953, 62074.31474168886
297, 62074.31474168886
1305, 62048.64440093364
337, 61854.94873770888
1367, 61837.894619768915
1297, 61815.99013717316
1211, 61803.36522197648
314, 61802.331572566094
91, 61777.323244031024
1249, 61702.82909327417
163, 61619.61449834226
1269, 61488.82907914107
1251, 61478.16229018349
92, 61377.47364549468
933, 61330.63856311517
917, 61188.0710120863
520, 61097.45097971765
632, 61095.17245037889
626, 61079.93020361992
1118, 60981.55932757399
595, 60981.55932757399
34, 60936.073729008735
1296, 60935.61660448558
1392, 60786.01739628691
339, 60765.450396147426
1268, 60711.63627304581
1150, 60632.47347022649
174, 60563.896068949885
942, 60475.56405429951
1352, 59910.411780762304
524, 59888.0119884296
1185, 59881.58286715387
913, 59747.22745867094
7, 59625.928757063804
443, 59493.79582433575
1324, 59267.48997982495
33, 59257.32635801592
284, 59255.492138698806
980, 59250.802182243744
895, 59208.51118774673
1284, 59150.64867174807
1360, 59135.50097015423
688, 59089.0874949497
686, 58988.49269986175
1336, 58806.59931952231
0, 58799.3688984467
458, 58724.07562557739
668, 58702.09663351309
490, 58688.222187260144
1230, 58651.40936001546
882, 58619.14433918771
389, 58524.45478606923
687, 58522.11040811036
1145, 58438.135592231985
1115, 58388.943779077774
973, 58288.55541748964
804, 58250.318217435524
387, 58227.34614868249
785, 58222.77041006052
1364, 58156.786302970875
1025, 58150.829412789106
1394, 58107.17130009531
1, 58005.34838398053
162, 57889.61760557706
734, 57860.7458786496
388, 57841.40151435762
625, 57807.55436467096
805, 57759.9494632402
918, 57755.317188432135
550, 57667.5349998238
608, 57599.0453992004
119, 57565.21325184465
208, 57498.31574075688
778, 57314.57079784752
912, 57301.72709970761
1265, 57270.625787399375
1126, 57236.44395236128
283, 57185.77732506375
965, 57127.99055855309
1267, 57124.74617215684
964, 57120.41030069876
963, 57120.41030069876
753, 57114.05960763902
962, 57097.66574845793
1141, 57040.20834790705
1138, 57040.20834790705
71, 56994.001374005464
521, 56972.25186760265
1140, 56882.218902580804
954, 56843.611114627325
1139, 56803.447659616744
213, 56731.521419474404
914, 56709.41658038901
1338, 56679.705969335315
1337, 56679.705969335315
148, 56654.09406399044
1218, 56640.36163029917
