733, 99210.35470600538
482, 99056.4013404121
638, 98583.63984120752
225, 98583.63984120752
206, 98552.75072512962
938, 97776.06581696705
1124, 97707.40959734374
1303, 96851.57496432708
588, 96717.34139092569
1305, 96333.08235902725
1322, 96125.76889685431
337, 95867.00525851565
1367, 95826.04592841711
314, 95740.67314195189
1249, 95502.09352662637
1354, 95496.67677664684
1416, 95483.64285304646
863, 94634.85443472287
566, 94426.61739515171
1000, 94358.70203659812
371, 94311.45289048764
520, 94059.59773073097
632, 94054.19757930528
328, 93992.02284636446
132, 93987.3464482103
1214, 93702.70879333593
788, 93593.14845883485
787, 93235.47064728099
203, 93186.6762929804
1150, 92962.07756664386
386, 92920.47381152053
287, 92909.94703972965
207, 92839.63159259921
174, 92800.96839604464
942, 92593.73558584091
1005, 91452.36991253246
1185, 91208.52271615772
247, 90848.86554422484
948, 90841.75706774631
1177, 90687.56875271969
7, 90616.73197261161
1181, 90439.06528965174
1180, 90439.06528965174
1179, 90439.06528965174
1182, 90226.76579170849
1178, 90226.76579170849
234, 90214.03053867113
1324, 89791.44187068703
980, 89753.14415500998
1284, 89523.52966111254
1360, 89488.83640940122
0, 88721.32316513926
874, 88670.63796838594
458, 88550.01267432411
668, 88500.04719018107
490, 88468.51578425289
31, 88318.34154436768
342, 88094.41173426407
1145, 87901.45720687628
1115, 87790.20516305267
1087, 87566.69073819125
1025, 87253.01804701403
1, 86925.89432715914
1250, 86874.76489106918
726, 86614.1242498842
734, 86601.55574668339
630, 86578.17072015529
732, 86577.89823550417
657, 86385.98327163384
119, 85941.18425545978
1163, 85918.83313544889
208, 85792.16455771553
405, 85779.90538003361
666, 85651.09058481705
763, 85608.10555152911
59, 85547.27507576409
778, 85383.73421662147
753, 84939.49656253651
71, 84674.2310963229
457, 84544.70537079527
731, 84501.26793841647
1048, 84267.60420264893
493, 84183.30569076512
1319, 84159.87292591335
213, 84096.1748917438
148, 83926.15010443774
1411, 83890.75558570542
892, 83876.98403928966
1309, 83779.61546490184
1350, 83738.33891886198
665, 83642.62746070058
1125, 83500.92153725002
1134, 83151.31839714768
744, 83147.52824270992
567, 83072.82106414309
875, 82890.78913781594
120, 82756.12025074923
679, 82508.96903567755
214, 82399.34684291821
357, 82181.94463582148
592, 82108.38633907153
1368, 81988.17703127708
109, 81896.80973482762
591, 81718.03200039727
1091, 81664.01133702141
1090, 81664.01133702141
70, 81456.18437057688
1301, 81264.36478722101
1329, 81106.84275554473
232, 81103.82672610602
1161, 81084.07745390064
402, 81032.0000963675
138, 80921.1123588784
667, 80874.54171794321
1258, 80568.31858181083
245, 80493.80563413195
202, 80281.39604993185
496, 80271.27503255947
1333, 80001.2468029809
188, 79808.34819092475
311, 79735.89368036184
549, 79705.18175965217
1164, 79685.6850157295
200, 79685.6850157295
1089, 79625.8828219795
676, 79604.78293840782
849, 79529.78515093884
1405, 79517.51794139031
1238, 79354.88478815602
293, 79318.20258061582
326, 79164.04312570892
844, 79148.9695214872
1231, 79048.40066915215
718, 78839.64576024518
486, 78739.82348816775
936, 78474.22502987753
628, 78438.86557524951
728, 78243.94615874902
1165, 78236.76423777401
1321, 78232.20998934661
729, 78157.40420377016
370, 77985.09311231783
1143, 77965.86342531686
958, 77757.31119182413
127, 77746.17145886406
453, 77711.1714829728
452, 77711.1714829728
1325, 77683.43493896838
989, 77502.21662932736
403, 77502.21662932736
1388, 77473.10703309774
851, 77463.2854534409
741, 77311.40043658136
97, 77183.22339140098
983, 77182.41785022017
241, 77048.79858974852
1099, 76988.02102767065
58, 76724.14808032228
199, 76583.5589230084
572, 76564.74196034855
757, 76450.32882299702
182, 76355.8028371204
670, 76137.42499827803
312, 76072.4062779058
837, 76055.38553901738
1294, 75974.26209828175
1358, 75953.58108141407
196, 75870.84302268592
50, 75864.98855748
997, 75712.43507562908
873, 75712.43507562908
582, 75563.98975141352
631, 75365.68296343398
888, 75307.33636534167
211, 75285.47079755133
212, 75231.94285117569
680, 75017.77566153381
928, 74982.83914562284
1357, 74939.95990294385
497, 74845.75235574538
147, 74698.32742748699
789, 74632.7758230762
639, 74509.42371941499
315, 74424.2835967092
614, 74259.70610924732
286, 74240.27037568823
1260, 74203.4691288014
1259, 73988.80911954353
651, 73839.51910964264
126, 73806.8795299509
51, 73570.0371307146
1069, 73538.07249146469
994, 73347.50938979165
1171, 73172.11844318628
1079, 73071.11667630228
193, 73071.11667630228
756, 73019.10745927913
1038, 72889.04292640624
904, 72875.26640497796
902, 72875.26640497796
901, 72875.26640497796
900, 72875.26640497796
590, 72721.95253940995
541, 72564.66188625472
573, 72539.55586254978
1377, 72442.5948662646
946, 72372.39021948034
181, 72356.4817290336
1034, 72120.42037016046
166, 72002.61095611722
1366, 71956.96411103394
889, 71426.20508662664
897, 71347.32219421063
1328, 71202.83563301133
1279, 71202.83563301133
935, 70942.99065026354
1331, 70931.91532285832
1073, 70821.3233768734
1142, 70733.70087432844
300, 70638.94735693526
1402, 70586.41143799809
448, 70437.89595143285
360, 70263.14807825224
956, 70229.85867077501
494, 70184.79250851937
602, 70034.53465262768
446, 69940.62545373438
393, 69768.38809191504
110, 69695.7011526591
648, 69513.26393030703
931, 69506.80531610918
9, 69268.63869371438
49, 69243.78107568847
761, 69170.199306235
652, 69096.4536735153
118, 69007.58486265456
1008, 68964.52788913692
375, 68934.82652192673
1304, 68698.41471013598
1122, 68605.57542447982
926, 68576.6798756241
1184, 68484.42795330982
1335, 68397.20248257527
1033, 68353.39717237955
579, 68337.87182591647
1053, 68325.4111148772
585, 68317.62519284234
649, 68235.31789174557
492, 68020.84230823422
1045, 67945.35434731617
498, 67876.81683768895
489, 67749.12906274841
1226, 67717.76242798122
1153, 67661.56229749505
894, 67443.04955739886
1327, 67418.81411851807
797, 67407.39521635762
57, 67403.14575731338
677, 67153.01161976901
616, 67145.404983135
715, 67144.67720051744
1244, 67132.9087731332
998, 67000.1982897785
864, 66678.28442299076
385, 66663.80691028951
1078, 66377.97300482988
332, 66280.00639295169
1254, 66217.57188915118
730, 66209.1117992531
197, 66165.52153686738
907, 66160.23622083153
1183, 66135.77220976872
1014, 66017.64541303672
870, 65973.44764861432
1095, 65880.33971962583
1046, 65839.03054167742
1205, 65732.75601352616
75, 65637.79135278316
671, 65598.81418161461
1207, 65424.39259575702
737, 65415.31741018105
723, 65335.502375224685
1415, 65290.913893871206
779, 65237.8422989433
1289, 65198.83848926578
82, 65198.83848926578
1353, 65099.85655105459
561, 65054.55195456214
979, 64977.19412022693
1123, 64852.600726385965
472, 64804.625464854646
543, 64773.814715176326
101, 64771.68131292052
714, 64689.62240209486
1257, 64648.157618175916
100, 64629.7482698257
48, 64628.64194815506
988, 64588.63319382701
610, 64571.70936775709
1131, 64496.40243191894
319, 64461.570037954865
447, 64399.40025250712
884, 64350.45829157543
736, 64343.58809087082
317, 64306.69514925853
1047, 64241.67894056787
925, 64177.10792024241
1225, 64132.14923738773
716, 64099.19454020838
376, 64047.53334352038
859, 63997.03308164787
568, 63983.46194041777
323, 63936.3927813561
1206, 63811.89095125859
1030, 63718.793553941476
1239, 63620.55712641371
1209, 63614.086230003144
79, 63555.123850084805
603, 63520.30523716613
1208, 63495.799926242405
355, 63312.3217802111
95, 63277.117029704255
843, 63008.76925594785
60, 62894.27525367486
1261, 62869.44130611782
341, 62758.90331727693
171, 62633.63861387696
1359, 62464.659343649306
392, 62451.53221429356
1355, 62450.73886584578
1212, 62404.924396919225
349, 62104.545971025575
329, 62098.50824448032
650, 62084.78155593762
243, 62035.169535363064
1133, 61748.93036302471
394, 61675.14568349744
406, 61668.65056938143
615, 61656.60572441939
927, 61632.06333074157
294, 61522.231456150635
769, 61493.66761965587
1276, 61492.90537913353
322, 61408.973209497955
810, 61380.02237302793
324, 61315.68853209975
407, 61303.31067959357
1068, 61212.32983488244
1252, 61184.28531134994
655, 61128.932953308366
678, 60983.82256310066
871, 60850.36012979276
38, 60821.310472931626
869, 60701.442142346015
617, 60584.63139120255
52, 60578.42533491535
253, 60523.28533728063
1132, 60456.64510194069
1375, 60395.45992693004
569, 60230.848940612224
1104, 60226.97685799905
689, 60195.911680217774
629, 60178.84704382836
974, 60073.75471789284
244, 60001.59168553769
87, 59877.55890804789
499, 59777.14930814531
1291, 59698.87757390854
462, 59672.17854617457
54, 59573.88112868154
76, 59513.95173582502
1019, 59472.54369563601
445, 59472.54369563601
1114, 59291.621768124256
947, 59167.6207587398
114, 59123.97029795112
641, 59111.176260247325
945, 58846.57653052372
1011, 58826.1415070417
848, 58770.24149143301
1213, 58617.437045762264
1332, 58598.03466102827
944, 58568.537478692204
1292, 58315.16150888365
1293, 58299.89329126515
1349, 58299.35051364153
803, 58267.344870983965
78, 58236.74471196774
1227, 58229.93609391305
735, 58156.39324518765
436, 58145.97352568505
81, 58082.356513250685
1072, 58031.3575751611
121, 58000.13144846461
937, 57966.94610431093
906, 57952.66548548762
262, 57919.95031927314
1194, 57919.89783499576
943, 57741.17426172477
115, 57622.781854030494
8, 57541.98584567428
439, 57374.01083859511
1071, 57259.14481923159
1070, 57259.14440760078
408, 57226.59225733894
263, 57210.22410223886
528, 57197.2517638469
1107, 57103.59299561858
822, 57043.981906552464
838, 56994.66677022544
916, 56955.95476381588
924, 56831.968760332595
982, 56830.46273974958
105, 56762.12390718008
103, 56762.12390718008
83, 56759.50076151612
237, 56739.23695507052
104, 56735.915523223746
1295, 56725.87707012768
201, 56584.04996180071
1339, 56459.38236809808
823, 56285.81883664283
1420, 56198.02195262049
542, 56136.833617309654
539, 56136.833617309654
190, 56094.27980337703
261, 56075.9832823272
1120, 56023.48415999171
721, 56021.28905858894
627, 55988.475928126725
1272, 55804.892758989685
760, 55781.084208381195
722, 55769.48089263428
519, 55721.57997146583
301, 55717.10013837613
476, 55636.312675895926
893, 55531.48110248153
1215, 55483.38093226709
959, 55476.924001006046
35, 55455.09401817298
941, 55451.23938351124
1233, 55395.209982080916
1256, 55150.69378056171
1270, 55080.72318098564
378, 55075.863134882784
99, 55021.9659855269
1220, 54953.81622440507
872, 54766.47441737783
952, 54694.58661177876
1055, 54543.87455088069
767, 54520.388285021116
467, 54479.53270352359
469, 54458.41354872516
468, 54430.294525714504
862, 54371.628774500816
578, 54349.88755134636
466, 54307.946774034666
1383, 54264.74909867142
950, 54187.67788879277
313, 54187.10517009032
770, 54182.352412791435
292, 54104.834172158364
738, 54103.438042944086
911, 53923.07252476279
1135, 53773.79323064573
996, 53720.05762360719
336, 53643.64278333296
377, 53544.36882703304
717, 53495.94984323093
440, 53483.19400673445
265, 53467.5801914616
296, 53453.10214015882
559, 53433.35265769055
66, 53404.17416953951
1154, 53391.677539145865
345, 53391.66741520638
1275, 53247.540386603774
755, 53183.74887814443
1356, 53124.09909145379
713, 52994.846919743046
1151, 52715.94243364693
1370, 52632.1880814159
1369, 52632.1880814159
1021, 52474.83881504311
624, 52459.00262659933
1050, 52384.79059596305
1156, 52227.25325918247
1049, 52164.35152878828
664, 52123.74360581986
344, 52091.28762314077
642, 51946.40103255317
1064, 51893.288410164794
431, 51880.89999031193
820, 51876.27502429993
1098, 51861.40977462079
1022, 51821.716550815014
1054, 51666.68575076956
306, 51652.320523458606
175, 51640.17577745215
430, 51592.638093851776
