8, 99832.55712598274
439, 99660.08599056181
115, 99590.28691495862
1071, 99314.01650590319
1070, 99314.01526756508
943, 99238.61176282498
263, 99166.93713853366
1107, 98846.99077049036
1194, 98715.0924868059
262, 98714.94003249929
822, 98668.50820405626
906, 98620.05544735923
937, 98578.72770878862
838, 98521.05852991116
121, 98482.90223516704
916, 98405.44184549336
1072, 98393.00393759426
436, 98065.25441868385
924, 98035.9157192067
735, 98035.63080576817
982, 98031.4343824467
803, 97721.95064465962
1295, 97720.64836829371
1349, 97632.05840931482
1293, 97630.53622031452
1292, 97587.74840907895
201, 97300.51663450789
1339, 96932.46577843417
944, 96886.32967106425
1332, 96805.71824232745
1213, 96752.81164363891
823, 96421.99750935481
848, 96339.3653867231
1420, 96164.63185933218
945, 96134.9421289407
542, 95985.60377276069
539, 95985.60377276069
261, 95807.83916072636
721, 95648.2917608842
627, 95552.67896726946
1114, 94970.38951465958
760, 94950.19630929416
722, 94916.58104654585
301, 94764.95406711796
76, 94405.48979918817
893, 94229.24595480734
1215, 94090.83276823345
959, 94072.2649966109
462, 94010.06763724658
35, 94009.51221587147
941, 93998.43519581258
1291, 93943.87644117282
1233, 93837.54492852757
499, 93750.70336236915
87, 93504.78874877014
974, 93030.32910880659
378, 92924.82507601634
629, 92779.41876299697
1104, 92665.24986565906
1220, 92577.92307363712
1375, 92269.21389844152
52, 91845.41384092813
952, 91844.58639748266
1055, 91420.40231240055
767, 91354.44213036267
678, 90928.9657343734
578, 90876.74668199608
1252, 90486.9200014976
1068, 90425.65016650951
950, 90424.14650455439
407, 90227.83512880473
324, 90201.03469514834
292, 90193.69287585122
738, 90189.8131741316
810, 90062.16907090887
1276, 89820.23718492682
294, 89757.74251229258
911, 89689.7162797916
615, 89473.25083974325
406, 89447.89835592444
394, 89434.23724225968
996, 89129.46768121707
336, 88919.31236230588
243, 88687.87242258564
377, 88646.87742430299
650, 88586.6687224227
329, 88558.73690215067
440, 88479.32650547127
265, 88436.6021983237
296, 88397.00027822435
559, 88343.00198151782
66, 88263.27096001046
1154, 88229.14096507197
1212, 87942.93081895294
1355, 87852.10708940796
392, 87850.5371608088
1275, 87836.23503540648
1359, 87824.57428681389
755, 87662.78541600832
171, 87492.69567644842
341, 87249.43039897094
1261, 87036.68432696149
60, 86989.13302829934
843, 86771.05570543309
1151, 86399.01169967787
95, 86267.24069278737
355, 86201.89318070852
1208, 85864.07780090315
603, 85819.30655781557
79, 85755.83239404441
1021, 85753.25336459007
624, 85710.97029230485
1209, 85648.71606862843
1239, 85636.98882543277
1050, 85513.03746952422
1206, 85292.74500656873
1156, 85094.03886982719
323, 85071.32275225603
859, 84964.20226429783
1049, 84927.18454876823
376, 84875.35399672124
664, 84819.60138348542
716, 84784.79969658527
344, 84733.69084891358
925, 84648.868704154
1047, 84536.79401160816
317, 84424.47256274453
736, 84360.96992889038
884, 84349.16305710822
447, 84265.2214956875
1064, 84211.03919422395
431, 84178.42046624226
319, 84159.01631942544
1098, 84127.1223246793
1131, 84099.71803288133
1022, 84022.7241148973
610, 83972.01937290549
988, 83943.41572588382
100, 83874.06885208454
1257, 83843.08433321032
714, 83773.44377349732
101, 83636.22713876418
543, 83632.67034648923
1054, 83615.9237445815
472, 83581.36268777869
175, 83546.51274576789
979, 83296.04494145907
839, 83229.57584049055
561, 83169.2643130746
280, 83154.94919308645
1353, 83095.33374533347
1289, 82934.62164851134
82, 82934.62164851134
779, 82871.59718493451
723, 82714.54072380072
1024, 82613.2079385619
1023, 82613.2079385619
1237, 82613.203383846
737, 82586.97047039271
1207, 82572.5099679369
522, 82362.9159956357
671, 82296.3374012507
75, 82235.07444276627
340, 82216.36530153993
1205, 82086.49626445505
1095, 81857.49866533473
547, 81689.73225465292
548, 81664.95574403858
1014, 81646.50532132355
1129, 81445.58507070437
907, 81429.4584158228
197, 81421.45339307228
1127, 81367.1439325375
1254, 81342.77119286123
806, 80749.55404199101
385, 80679.36166275048
1372, 80676.52190177323
966, 80510.69145958513
707, 80490.82623667702
880, 80330.38433363067
998, 80192.08833947378
887, 80110.52081873629
1244, 80002.79716188327
715, 79986.09044864606
616, 79985.0576940817
677, 79974.26648749669
896, 79678.88950463639
990, 79647.18731494546
57, 79622.37182248541
797, 79616.44279017793
1327, 79600.51870965763
894, 79566.76044185119
746, 79437.68501295477
327, 79346.89245603717
1153, 79264.75876072429
669, 79263.1890370131
1226, 79187.76935722864
747, 79147.29652102814
489, 79144.92015251589
1045, 78878.80179567114
1097, 78787.63053147995
198, 78681.69430569909
758, 78608.75361385864
995, 78602.58351315605
649, 78491.58177950438
585, 78382.95395344647
1053, 78372.7073126637
1033, 78335.91770557968
1335, 78278.46221489442
587, 78065.28268789682
926, 78044.69659439051
883, 77867.7672819319
599, 77701.08230430441
375, 77585.95065907498
118, 77493.99078163643
652, 77382.22572911152
1096, 77322.26885180821
766, 77271.29850779468
49, 77198.27740942355
9, 77167.40407173433
282, 77125.8775210541
931, 76873.95682216619
648, 76866.05807560348
1340, 76762.09431745224
1116, 76746.03116878636
393, 76556.50016887239
602, 76238.58822946344
1374, 76194.92288064514
1198, 76172.91228421884
1195, 76164.04647062543
448, 75766.27902496967
586, 75644.27619953241
1387, 75595.95139369862
1402, 75595.19305200523
300, 75535.02948256655
1386, 75479.72153183867
1142, 75426.98567134935
1073, 75327.6040358661
1197, 75211.36475932923
1331, 75202.89254400952
935, 75190.44732315905
1196, 75121.31488382896
511, 75036.35401547598
1298, 74939.28756322816
1311, 74746.0829621937
658, 74346.17143591045
1380, 74248.37061825713
821, 74245.77295467626
1366, 74083.99846178821
1130, 73993.7043174971
1146, 73943.42881111611
96, 73713.91914050085
181, 73665.23128612689
946, 73648.74941373762
660, 73647.87566376063
1093, 73602.53867215665
510, 73602.53867215665
1377, 73576.18868958848
774, 73557.76662162851
773, 73557.76662162851
573, 73476.4385381549
541, 73450.6977470829
316, 73305.61484717412
590, 73290.24236369917
1038, 73121.3096318123
994, 72665.65779632007
910, 72580.45561860567
1351, 72479.60661942072
1069, 72479.5836229956
126, 72220.34078168891
32, 72207.02675127235
651, 72189.11666834512
1158, 72131.45142120506
1259, 72046.99397045356
1128, 71865.33749924279
1260, 71844.612396902
614, 71791.97254602831
784, 71760.35195340068
639, 71560.10945474368
383, 71533.68590711965
1007, 71519.44681372652
789, 71446.69747897696
147, 71386.72631491328
1357, 71167.4308132166
928, 71128.80313914256
680, 71097.39424008358
888, 70839.24801411065
951, 70794.57016089777
631, 70787.69710365619
997, 70484.49678786825
873, 70484.49678786825
117, 70425.83797115885
50, 70352.79596791427
196, 70347.7620912456
1242, 70312.65077724478
1241, 70312.65077724478
1358, 70276.7807326732
1294, 70259.08488011877
351, 70220.30992911203
837, 70189.84972000512
312, 70175.35932444785
182, 69935.91185138935
881, 69896.48507037776
572, 69761.54447794284
199, 69745.93026443629
58, 69629.73249101464
1099, 69413.81874071843
97, 69255.89708068379
953, 69203.80092632522
297, 69203.80092632522
851, 69031.95156642981
989, 69001.06330820362
403, 69001.06330820362
1297, 68882.8827824167
1211, 68867.20663646479
1325, 68858.05210948193
453, 68836.27438193616
452, 68836.27438193616
91, 68834.87306037072
127, 68808.83547274604
163, 68639.12926926959
1143, 68637.66164631679
1269, 68476.88853134972
1251, 68463.6597227835
1165, 68429.06945424134
92, 68338.81271171743
933, 68280.75625249784
628, 68275.20770434324
936, 68248.44050208911
917, 68104.09228789229
718, 67974.43466294046
626, 67970.15060261483
1118, 67848.35627993463
595, 67848.35627993463
1231, 67820.01506010653
34, 67792.05489864374
1296, 67791.48912486694
844, 67746.16213169448
293, 67622.66863758529
1392, 67606.384495806
1238, 67596.02936108346
339, 67580.9441795527
1268, 67514.38802843657
849, 67469.63817113079
1089, 67400.62990283419
1164, 67357.84065460577
200, 67357.84065460577
549, 67343.91608616558
188, 67270.44335461699
1333, 67134.0004857078
202, 66937.98384471786
245, 66791.0277893773
1258, 66739.81150297604
1352, 66525.0122528437
138, 66499.65236149286
524, 66497.39430648508
402, 66424.95319571799
1161, 66389.99969127116
232, 66376.7656366403
913, 66323.8654366319
443, 66011.71622509742
1091, 66006.20441805481
1090, 66006.20441805481
591, 65970.95525269935
33, 65720.7217868058
284, 65718.46562449285
357, 65671.67864056864
895, 65660.6823884638
214, 65533.511324357365
688, 65513.84469603013
679, 65464.33750256203
686, 65390.208186719065
875, 65225.95379482773
1336, 65166.76741234127
567, 65113.68087506535
744, 65067.85689764799
1134, 65065.53600026736
1230, 64976.24770403212
882, 64936.65104557938
389, 64820.47213685126
687, 64817.59622622772
1309, 64685.94277338066
973, 64531.212308772236
804, 64484.34946538284
1319, 64461.06749404994
387, 64456.198465859496
785, 64450.59143507883
493, 64447.327235906414
1048, 64398.0086478255
1364, 64369.74613430064
1394, 64308.96955764297
731, 64262.209970989694
457, 64237.11098577471
162, 64042.60490811977
388, 63983.599723977066
625, 63942.18499336373
805, 63883.94524755209
918, 63878.27867476746
550, 63770.91462272052
608, 63687.17084222005
59, 63670.16205893618
763, 63636.50761348397
666, 63612.776387663005
405, 63541.908107985124
1163, 63465.890234865496
912, 63323.87695084347
1265, 63285.897077629284
1126, 63244.1603712957
657, 63213.38276140701
283, 63182.305028159266
965, 63111.771233113854
732, 63111.01276217517
630, 63110.867973063956
1267, 63107.81161931189
964, 63102.51997529538
963, 63102.51997529538
726, 63091.77729630756
962, 63074.76313347067
1141, 63004.653971495296
1138, 63004.653971495296
1250, 62954.196688829965
521, 62921.75295944098
1140, 62811.952351735665
954, 62764.87893538402
1139, 62715.91580524657
914, 62601.311022445705
1087, 62595.77303057816
1338, 62565.108032201344
1337, 62565.108032201344
1218, 62517.172210961624
1219, 62495.644988862834
342, 62328.8713269009
646, 62247.02785584601
31, 62217.25884064836
400, 62079.994998619026
874, 62043.60460086596
505, 61963.508675147285
1393, 61937.13870214671
879, 61891.90110169237
878, 61891.90110169237
77, 61888.887255421796
23, 61764.803880288375
308, 61713.38358381952
24, 61565.487342494474
234, 61309.68482410988
1182, 61303.804319272414
1178, 61303.804319272414
25, 61288.30858343693
1181, 61206.183995987616
1180, 61206.183995987616
1179, 61206.183995987616
1391, 61166.423181888684
1177, 61092.88799513684
948, 61023.11245802956
247, 61019.905174310494
333, 60924.081225199334
684, 60900.7052091358
1005, 60750.63497294826
321, 60706.91613052321
84, 60701.0036476612
1266, 60608.08845044996
1092, 60489.100147526246
685, 60431.06534842714
975, 60412.31286039049
506, 60400.939241254026
976, 60381.095591407466
635, 60379.94821014931
634, 60379.94821014931
1186, 60320.24031483858
682, 60213.314110455285
207, 60153.54188615486
725, 60129.2665022784
287, 60124.059364868444
386, 60119.65192564533
203, 60008.740106585756
787, 59988.52308082736
683, 59965.556645386576
788, 59841.38111528564
1341, 59805.99691365624
1214, 59796.678203352625
1006, 59771.33451284963
132, 59681.336484936895
328, 59679.45103738761
681, 59657.51573552738
371, 59551.384104294004
1000, 59532.56088094642
566, 59505.55839760008
818, 59466.72209007607
863, 59423.158684725764
529, 59177.06643665015
1416, 59093.311026878706
1354, 59088.31990817671
508, 59004.64848451877
842, 58943.55762216223
1322, 58850.01423912015
507, 58804.572485364704
724, 58725.29658197981
372, 58651.46646571736
675, 58535.33936777462
957, 58272.5409948736
