450, 99981.71663840732
449, 99981.71663840732
278, 99877.53149402767
478, 99252.09280014063
279, 99145.48522701391
771, 98958.6680829814
978, 98478.78859495043
221, 98227.92815431749
380, 98223.64638217191
584, 98026.89327441732
106, 97776.09208887277
1111, 97735.72618373232
107, 97722.98195622776
622, 97708.16160789579
621, 97708.16160789579
299, 97212.51981690005
581, 97167.05539332515
354, 96956.22224739252
220, 96876.9097368219
30, 96264.5984124016
231, 95487.83526182613
1013, 94671.96076749003
1012, 94583.70513490957
618, 94528.24677320414
153, 94353.52194987707
781, 94269.68527933407
867, 94157.62691156816
1137, 93911.07065186546
1224, 93797.22336263864
885, 93631.15961341796
56, 93047.01673428126
1310, 93013.1435299012
557, 91337.41397182031
1169, 91336.4173908595
780, 90854.37154113724
1200, 90841.99706225193
534, 90315.22442882176
836, 90269.92110077394
252, 89935.36658870976
1274, 89704.25385706301
277, 89650.01082808033
29, 89344.4597997633
930, 89245.9078953069
509, 88969.7756991515
488, 88881.21647724259
1217, 88755.65924444656
1216, 88755.65924444656
204, 88554.77079025976
433, 88538.0645246011
1201, 88479.20070350688
495, 88320.03656064502
131, 87762.38200030956
1204, 87599.57470757139
536, 87581.82819873531
535, 87581.82819873531
540, 87276.99045326209
395, 86787.8311339641
1342, 86660.06880236366
517, 86378.18585098702
846, 86375.01560133515
847, 86337.51370200234
971, 86146.10585796248
1112, 85023.03198697243
1040, 84960.21500628142
1306, 84669.09983527663
596, 84565.30855834059
827, 84486.4591465364
1290, 84359.77656184147
605, 84297.25321254067
977, 83901.65296007763
858, 83645.21001509363
1052, 83484.42797548664
347, 83431.84367032131
116, 83326.75056298157
598, 82717.8576749934
178, 82449.1841094964
367, 82044.74506738203
222, 81193.97670166881
381, 80693.27000297827
173, 80113.59453995887
597, 79901.74740495304
583, 79872.07865082454
215, 79869.98940888097
790, 79773.12218021948
1363, 79729.67615736405
800, 79005.0952807427
226, 78609.9822685435
1378, 78413.76251522481
853, 78398.37404074056
1346, 78376.09702520352
186, 78263.37115979227
36, 78263.37115979227
1330, 78144.37864905903
361, 78064.27514766107
972, 78048.15886119229
967, 78048.15886119229
474, 77880.86854010851
1155, 77639.22413084535
415, 77508.82341019963
969, 77317.54212416138
420, 77263.0340371087
1287, 76874.94650393722
921, 76701.1093756326
776, 76596.86314291717
570, 76318.39747983082
1066, 75908.84310268416
814, 75853.84187639326
772, 75824.99724783687
762, 75660.81622895923
538, 75553.95524616857
565, 75272.78766271069
275, 75033.22592446631
1189, 74867.54896954869
432, 74834.23019497414
537, 74558.72557329599
1191, 74392.10501953789
304, 74289.75296843561
140, 73914.58391971384
1343, 72655.3501832795
970, 72647.20422612134
525, 72595.19478556211
560, 72439.68287742588
18, 72437.96890643347
346, 72134.1767568934
802, 72108.63240128662
801, 72108.63240128662
14, 72070.63303637138
576, 72070.60826861796
877, 72041.63879801893
783, 72015.21314125773
531, 71914.58025614113
334, 71692.13636564776
1017, 71520.20221906106
1031, 71484.59017108701
441, 71439.75939116071
826, 71212.50728648971
857, 70944.93347667687
86, 70767.70275217296
601, 70685.16451613925
1407, 70682.21477727604
1408, 70672.7845871854
1409, 70649.26839765042
1065, 70649.26839765042
85, 70649.26839765042
1016, 70580.72780296899
1010, 70225.7685271325
968, 70009.55691758225
949, 69800.4482892195
1175, 69546.33270977435
1015, 69435.47295026164
574, 69264.86880056029
1300, 69218.23486719705
122, 69216.11960155872
1410, 69115.2779548319
903, 68992.1545519851
647, 68987.7004326305
16, 68941.8838044226
42, 68751.2043213114
1121, 68175.46645251733
623, 68100.39897687282
187, 67901.15642149607
993, 67667.06800200295
1051, 67372.41231106217
410, 67171.0729921284
1027, 67118.92614929195
1083, 66984.52457202067
1176, 66854.0347218207
752, 66823.80164464189
719, 66615.04839551965
267, 66540.10383553676
167, 66524.61388169893
417, 66524.1012036606
419, 66358.11021911397
553, 66223.53616445634
90, 66171.37758067588
72, 66104.29489397175
563, 66008.9559594509
390, 65937.35068567644
434, 65893.45053245992
26, 65772.79748645063
611, 65539.6724611709
1376, 65528.58390910665
168, 65473.571571700195
290, 65437.40199666408
960, 65410.40180815306
1323, 65063.22922756046
850, 64743.03313981667
1113, 64083.01691766703
233, 64082.81329195079
442, 63930.1525906468
1282, 63842.11895417933
856, 63566.088914327214
854, 63566.088914327214
1277, 63533.71933248981
1059, 63494.740729194586
1247, 63429.203082026295
454, 63428.66181132421
855, 63417.67620697853
819, 63365.06789604194
1062, 63340.979907658126
555, 63291.54838918493
1223, 63261.75402585737
554, 63125.56579093545
709, 63058.26373586221
571, 62840.17727467275
1221, 62643.948529321104
1018, 62558.84415624319
154, 62558.84415624319
437, 62513.57914166436
1232, 62450.17115973057
1088, 62424.400975254845
1400, 62397.86418837415
1412, 62369.784546266426
577, 62300.29336144932
155, 62278.110360370076
335, 62214.37071171164
391, 62203.55141415627
409, 62176.593323212925
338, 62132.205307315184
1102, 61974.346013908085
1106, 61974.34477631817
1105, 61974.34477631817
223, 61832.60522017849
922, 61662.53689048111
1001, 61486.41747192139
260, 61454.773708941204
1056, 61418.377362655985
264, 61395.3008454376
149, 60651.084501689875
124, 60650.30408474966
861, 60552.03748468263
1395, 60519.66801271431
401, 60496.97876895529
113, 60445.65423066574
151, 60419.208424279626
1101, 60344.83810036815
710, 59924.399124186646
607, 59755.67881508563
1110, 59596.5042581983
1108, 59596.5042581983
890, 59445.181662116294
259, 59439.10781478337
1081, 59329.62943735852
1109, 59308.54706642966
1397, 59264.97938432857
999, 59236.81503285999
1288, 59209.604950565976
359, 58942.20858971992
743, 58867.621530498494
1037, 58610.787460045125
1399, 58585.689479396555
37, 58553.207473823364
1086, 58478.847868842546
1234, 58469.949961846956
451, 58468.32109272487
47, 58395.18062843354
564, 58334.96477479516
1085, 58262.64470510485
80, 58243.697625294386
562, 58241.66404954545
860, 58226.624367583354
992, 58104.64279862366
673, 58098.31198208675
94, 58079.9357194857
302, 58049.26092812814
866, 58011.6569530002
310, 57958.12375781287
700, 57894.64065108074
1281, 57767.90875570503
1061, 57627.59042598464
1390, 57566.6592297212
909, 57527.80954238277
1039, 57489.97037699662
67, 57449.60523247567
205, 57396.676023626445
1344, 57091.85503742985
1009, 56970.81224927665
742, 56895.684298357606
224, 56841.84306581904
711, 56770.086579611976
501, 56729.15628606089
815, 56494.8105069302
1317, 56469.925515319715
1228, 56372.09119789538
865, 56372.09119789538
1404, 56356.76546288522
139, 56327.42296091036
1188, 56279.51432863014
674, 56276.4300795541
1190, 56255.34480927145
1371, 56205.50550552715
1026, 56171.647339509655
794, 56001.64894100014
273, 55874.13759593799
852, 55695.35689227284
796, 55630.510573981264
552, 55166.562614736235
831, 55150.09378298623
256, 54916.57425927522
1074, 54742.228288431135
1316, 54545.95345567266
637, 54545.95345567266
809, 54484.51975418293
807, 54484.51975418293
379, 54389.58333549926
362, 54320.76860518223
1406, 53914.34923965582
483, 53914.34923965582
484, 53883.51124785087
227, 53876.007111640276
485, 53782.61404167375
1245, 53442.756168161555
981, 53421.46226744423
12, 53210.11369435775
1396, 53145.015416351336
73, 53063.88565515964
1077, 53048.53522545274
929, 52957.935580921745
274, 52933.738434147584
271, 52933.738434147584
248, 52566.3925324537
824, 52565.23604039614
589, 52539.73602674422
526, 52347.21463517155
89, 52156.390211416794
1417, 52138.33854296872
1314, 52089.02330100753
295, 52051.3751973647
289, 52017.801962075886
1080, 52013.537615472305
654, 51804.25989010674
828, 51772.12306968587
481, 51687.09662432797
1162, 51681.447507949415
829, 51681.447507949415
1235, 51663.19441386386
235, 51635.85510786946
325, 51597.52737873486
720, 51576.29331612193
940, 51524.58111317252
832, 51524.58111317252
288, 51387.79794760286
740, 51362.28030860752
739, 51333.3884529329
1060, 51291.92237100357
123, 51276.90157808156
384, 51274.686612293604
1347, 51253.35306585487
765, 51227.47098144794
515, 51227.47098144794
514, 51227.47098144794
502, 51214.78534670474
690, 51147.97167383325
141, 51138.89123774123
13, 51110.16783446091
22, 51110.16124431272
281, 51025.57748458243
185, 51005.721125145465
932, 50840.60941080451
876, 50759.76192323197
1119, 50666.81537037787
133, 50632.71518777804
465, 50210.586041125316
356, 50146.74045364865
74, 50083.32389682259
1283, 50045.794517442424
307, 50009.700195235084
1172, 50001.437376778034
1174, 49980.17739651225
150, 49980.17739651225
152, 49953.01994131706
6, 49898.08157328645
269, 49844.70239820335
516, 49760.57420888532
777, 49644.58145891853
165, 49555.30658030313
1222, 49490.26596789053
1029, 49432.9209173609
661, 49407.09104208898
1271, 49396.32661672995
1248, 49391.7596921263
1035, 49204.47627011166
353, 49165.03790271794
125, 48832.17609537739
343, 48757.69900171896
145, 48745.15906326725
1004, 48729.39398295484
1147, 48708.54202174689
464, 48708.54202174689
1373, 48697.7017721112
258, 48694.497291305124
808, 48693.76881029103
1003, 48677.41581773838
369, 48577.40611456288
919, 48371.63710877293
503, 48318.18200407196
5, 48302.92485291787
1199, 48254.50229596605
1334, 48236.09454417319
475, 48100.66672886601
438, 48019.40693129898
19, 48000.507210593074
891, 47989.950029396525
142, 47839.45345809722
1273, 47838.577765349844
530, 47832.398509016915
93, 47807.65857384642
1302, 47701.505822797
920, 47676.607319431445
830, 47174.96147945074
1032, 46907.43175038377
745, 46885.78071959381
45, 46755.80481726666
43, 46744.14598092263
701, 46564.26077682307
817, 46462.282281461186
477, 46349.22046039459
1063, 46336.23344600956
266, 46287.95216664929
463, 46282.8535890557
184, 46210.26558825046
183, 46210.26558825046
748, 46130.25645343553
98, 45928.89316784801
1278, 45896.13496745254
456, 45892.17104969786
1418, 45872.34441822652
236, 45806.3323265189
934, 45760.55367231231
399, 45669.623582446504
1307, 45640.40578496461
1094, 45596.88161608461
455, 45558.53160236044
546, 45469.43236069205
1326, 45416.65123610966
768, 45219.0907761897
331, 45206.21448689083
195, 45149.40049656101
793, 45140.03805522312
840, 45136.40274540331
833, 45127.085295306526
1075, 45115.32948261198
1076, 45029.40910196461
1315, 45023.90903296211
365, 45023.90903296211
238, 45017.34852130494
1414, 44994.97249272854
134, 44967.115667634425
257, 44958.67005969803
558, 44904.891091113706
1384, 44880.73028536658
1057, 44846.21271371595
816, 44660.606720669544
527, 44634.31495372919
825, 44431.88829406818
240, 44416.55084724947
368, 44387.37945615773
1313, 44278.73634416881
1136, 44267.791439252964
786, 44256.271030492826
418, 44251.7388609731
276, 44242.33002874958
471, 44240.96666730497
640, 44232.738881661426
17, 44221.671327279924
10, 44221.671327279924
792, 44199.63392688172
423, 44187.80777459808
424, 44181.10537768345
429, 44147.6527021038
255, 44114.32471313684
1028, 44099.03409660614
659, 43993.22779954408
430, 43948.46194074842
1382, 43918.45522061661
834, 43911.00155211104
306, 43905.24748655746
1398, 43902.89042410605
1044, 43890.77379401714
820, 43744.722269173995
642, 43694.98154609434
270, 43663.747287097336
268, 43663.747287097336
309, 43328.16115502811
1370, 43221.27269325032
1369, 43221.27269325032
868, 43036.12465530142
713, 42979.74076894552
1356, 42895.099123743465
64, 42860.30559132973
645, 42806.17823775195
644, 42806.17823775195
63, 42806.17823775195
250, 42766.7925194831
345, 42722.22453113001
61, 42698.8498124174
504, 42676.82414392274
717, 42655.68992714996
500, 42633.29644800305
228, 42504.06447628603
