863, 99540.7680334384
1416, 99524.29193846115
1354, 99510.13548887413
566, 99310.40744400388
1000, 99235.2879757226
371, 99183.03018112319
1322, 98836.12109619321
328, 98829.80987535292
132, 98824.63971163858
1214, 98509.99794765646
788, 98388.91482093856
787, 97993.72004927437
203, 97939.81963160407
386, 97645.81120393274
287, 97634.18662822882
207, 97556.54163960423
938, 97150.15478073998
206, 96395.3353477694
638, 96365.80212504395
225, 96365.80212504395
1005, 96025.89557298363
482, 95918.31639149434
247, 95360.73895092413
948, 95352.90690831433
1177, 95183.0388661614
1181, 94909.32482845169
1180, 94909.32482845169
1179, 94909.32482845169
1182, 94675.54651755409
1178, 94675.54651755409
234, 94661.52453517333
733, 94336.15880124079
1124, 92976.25293985264
874, 92963.63636106327
31, 92576.47568169994
342, 92330.46254321793
1303, 92200.96473804767
588, 92079.30479434105
1087, 91750.93698293458
1305, 91730.94967346248
337, 91308.24307806253
1367, 91271.08584901426
314, 91193.63304469074
1250, 90991.59266208913
1249, 90977.15152983431
726, 90705.7048482632
630, 90666.27502910272
732, 90665.97620424945
657, 90455.53150511302
1163, 89943.46124377156
405, 89791.22481835198
520, 89667.17245877754
632, 89662.2648739127
666, 89650.09073186546
763, 89602.99920588071
59, 89536.36117842174
1150, 88669.21981685399
174, 88522.6349447404
457, 88438.71131513354
731, 88391.18153010069
942, 88334.05006108557
1048, 88135.54232181502
493, 88043.33172439982
1319, 88017.70111230995
1309, 87601.86930565204
1185, 87072.4880921787
1134, 86915.17018842952
744, 86911.02915342868
567, 86829.40930726124
875, 86630.5617277513
7, 86532.99357732483
679, 86213.59802052529
214, 86093.91796070793
357, 85856.61127099821
1324, 85780.10347240443
980, 85745.15047808705
1284, 85535.56137116853
1360, 85503.88965981349
591, 85350.41230322314
1091, 85291.48418124409
1090, 85291.48418124409
0, 84802.94166731785
232, 84680.61419109756
1161, 84659.08480042842
458, 84646.4155505174
402, 84602.31562051989
668, 84600.75713965157
490, 84571.94260247907
138, 84481.44834837649
1258, 84097.0012103423
1145, 84053.5895275476
245, 84015.82167297453
1115, 83951.85873209103
202, 83784.44413057379
1333, 83479.35952842429
1025, 83460.48685592285
188, 83269.34551005451
1, 83161.1337792795
549, 83157.04345069958
1164, 83135.82163912898
200, 83135.82163912898
1089, 83070.73096489612
849, 82966.14395892205
734, 82864.2330482877
1238, 82775.82080004713
293, 82735.90852624603
844, 82551.79417888037
1231, 82442.39796953133
119, 82259.42982327606
718, 82215.3578994899
208, 82122.89461330166
936, 81818.05331591258
628, 81779.61702842808
778, 81748.57750238324
1165, 81559.9579945601
753, 81341.27066867646
1143, 81265.5980830119
71, 81097.97145013636
127, 81026.94509684078
453, 80988.92962353023
452, 80988.92962353023
1325, 80958.80440435537
989, 80762.00186769507
403, 80762.00186769507
851, 80719.72777953501
213, 80567.56015218698
97, 80415.67020155363
148, 80411.49101715568
1411, 80378.99835395096
892, 80366.35557157213
1350, 80239.0646082526
1099, 80203.79768615986
665, 80151.18103480506
1125, 80021.04929467817
58, 79917.46149076211
199, 79764.93758482835
572, 79744.52499727723
182, 79517.89642904347
120, 79336.77877021645
312, 79210.58869166237
837, 79192.13485912894
1294, 79104.18575603439
1358, 79081.76589242111
196, 78992.07630005055
50, 78985.7302558882
997, 78820.38159415511
873, 78820.38159415511
592, 78741.27297721902
1368, 78630.71400317908
109, 78546.67273987013
631, 78444.6479253789
888, 78381.43859901659
70, 78141.26997662266
680, 78067.80444538509
928, 78029.97003810374
1357, 77983.53603422707
1301, 77964.72824976123
1329, 77819.72706978442
147, 77721.91216177092
789, 77650.94897702038
667, 77605.84913620174
639, 77517.42726895497
614, 77247.17664520055
1260, 77186.32567027355
496, 77050.19373687993
1259, 76954.08784334795
651, 76792.60479325583
126, 76757.3029031331
311, 76556.7852264739
1069, 76466.61755922796
676, 76435.91303606964
1405, 76355.45385262772
994, 76260.59571401664
326, 76029.4747592276
1038, 75765.111963355
486, 75638.10165614051
590, 75584.59158862954
541, 75414.68844248114
573, 75387.57194683686
1377, 75282.85330382425
946, 75207.03858944413
181, 75189.85964892888
728, 75180.4085478271
1321, 75169.57335132491
729, 75100.50733318712
370, 74941.39781101317
1366, 74758.53357709701
958, 74731.0252226587
1388, 74468.47546374166
741, 74319.05644745169
983, 74199.85750013698
241, 74076.35734518335
935, 73664.6672115941
1331, 73652.72586098309
1073, 73533.4941426357
757, 73523.00740395825
1142, 73439.03643392192
300, 73336.90151057701
1402, 73280.27749388549
670, 73233.56193833376
448, 73120.22263061383
582, 72702.88147403786
602, 72685.65057958581
211, 72445.01857782481
393, 72399.0142349801
212, 72395.45222692392
648, 72124.32626318868
931, 72117.37336285377
497, 72037.76481224134
9, 71861.0134263808
49, 71834.26076163023
652, 71675.71644885254
315, 71647.24480323588
118, 71580.09372993575
375, 71501.81269010247
286, 71476.69204043451
926, 71116.57071102288
1335, 70923.57113268135
1033, 70876.47112278345
51, 70855.21979164152
1053, 70846.3813350969
585, 70838.0103019358
649, 70749.5219219145
1171, 70486.05287653518
1045, 70437.84547397878
1079, 70392.3255772996
193, 70392.3255772996
756, 70344.05852398004
489, 70226.9819059257
904, 70210.55399359693
902, 70210.55399359693
901, 70210.55399359693
900, 70210.55399359693
1226, 70193.27948108136
1153, 70132.89713039067
894, 69898.15823621576
1327, 69872.12655160126
797, 69859.86155649477
57, 69855.29726888805
677, 69586.6683921165
616, 69578.50046248165
715, 69577.71898036827
1244, 69565.08230389305
1034, 69509.63571526439
998, 69422.59183849249
166, 69400.19492909464
385, 69061.5018055714
889, 68864.5475775322
897, 68791.21849131923
1328, 68656.8895432851
1279, 68656.8895432851
1254, 68582.70535795775
197, 68526.87194166325
907, 68521.20265968112
1014, 68368.26515913113
1095, 68221.01850208042
1205, 68062.77401647267
75, 67960.96285563476
671, 67919.17863395464
360, 67782.78751024998
956, 67751.80640048947
1207, 67732.21710126735
737, 67722.49042247122
494, 67709.86348858026
723, 67636.94969206571
779, 67532.29378399029
1289, 67490.49903496995
82, 67490.49903496995
446, 67482.58507898201
1353, 67384.44227854673
561, 67335.9032731021
110, 67254.54576341028
979, 67253.02814867768
472, 67068.17651245232
543, 67035.1763528097
101, 67032.89139169453
714, 66945.00692833967
1257, 66900.60141953769
100, 66880.88709754351
988, 66836.85893154396
610, 66818.73658349473
761, 66765.08232090213
1131, 66738.10052255614
319, 66700.80541415254
447, 66634.24358978032
884, 66581.84721849099
736, 66574.49232804417
1008, 66573.44523098378
317, 66534.99753643395
1047, 66465.3999250578
925, 66396.28369867339
1304, 66325.43190322185
716, 66312.89233543226
376, 66257.6027707125
1122, 66238.89152153165
859, 66203.55865254182
323, 66138.6668043226
1184, 66125.95143938213
1206, 66005.44932285092
579, 65989.3056697947
1239, 65800.75615499938
1209, 65793.83418413966
79, 65730.76386661318
492, 65693.6452668905
603, 65693.52130532668
1208, 65667.31085906034
498, 65559.2965645559
355, 65471.08786722924
95, 65433.442141753774
843, 65146.53497000158
60, 65024.14759718255
1261, 64997.60355529421
341, 64879.46240393495
171, 64745.598582314036
1359, 64565.04789748446
392, 64551.02321946964
1355, 64550.17563330996
1212, 64501.23026050199
864, 64440.53554609916
329, 64173.93606625551
1078, 64160.00061735243
650, 64159.27661915012
243, 64106.2951591599
332, 64068.46707852232
730, 64002.222216352224
1183, 63933.68774092115
870, 63781.98047400723
394, 63721.90474881546
406, 63714.97141040716
615, 63702.11402998075
1046, 63656.33652508297
294, 63558.68628257666
1276, 63527.387115246216
810, 63406.91843536331
324, 63338.267942576975
407, 63325.0601099028
1068, 63227.98406549135
1252, 63198.06263415098
1415, 63143.81831682069
678, 62984.21000354186
1123, 62733.768529942594
52, 62551.87522617113
48, 62524.18118661112
1375, 62356.813992414194
1104, 62177.226465034626
629, 62125.93046395112
1225, 62059.37971373337
974, 62013.93393765844
568, 61920.137896526896
87, 61804.88260887059
499, 61697.9108358783
1030, 61672.231138494535
1291, 61614.53173624367
462, 61586.09215569239
76, 61417.56703480562
1114, 61180.81498199577
945, 60707.070504856405
848, 60625.8356762071
1213, 60463.24304307741
1332, 60442.59971050834
944, 60411.21675639809
349, 60158.78174855165
1292, 60141.683273002775
1293, 60125.443761072536
1349, 60124.86645931664
803, 60090.825647950376
735, 59972.82791151457
436, 59961.74719806596
1072, 59839.86855968046
1133, 59825.04039933762
121, 59806.66637693606
937, 59771.38221376831
906, 59756.19879910269
262, 59721.4163148858
1194, 59721.360515033964
927, 59715.335821908586
769, 59585.40526364562
943, 59531.364727799984
322, 59505.88234473199
115, 59405.525310283105
8, 59319.65632999923
655, 59242.89310852883
439, 59141.15844912763
1071, 59019.11512630479
1070, 59019.11468898057
871, 58981.20818533438
263, 58967.14221060897
38, 58953.915366103305
1107, 58853.86777109616
869, 58841.28785225055
822, 58790.54844144933
838, 58738.16860971497
617, 58731.52010568348
916, 58697.05278338729
253, 58673.86767447645
1132, 58611.235775490924
924, 58565.379374124685
982, 58563.78008466059
1295, 58452.72367650305
569, 58398.98966593542
689, 58366.144670421934
201, 58302.141607292426
244, 58183.44063954114
1339, 58169.79723349311
823, 57985.575489946874
1420, 57892.400230173655
542, 57827.46873044777
539, 57827.46873044777
54, 57781.1711967404
261, 57762.90013557771
721, 57704.867418444825
1019, 57685.83605372974
445, 57685.83605372974
627, 57670.05303405281
760, 57450.040962910854
722, 57437.73299968134
947, 57398.915045050315
301, 57382.17316779688
114, 57357.83437055068
641, 57345.79319898597
893, 57185.31372543426
1215, 57134.30717978879
959, 57127.46029917539
35, 57104.312303198014
941, 57100.22499633699
1011, 57077.490965186786
1233, 57040.81547439539
378, 56702.27134319427
1220, 56572.918297410055
78, 56522.44856952914
1227, 56516.03487576983
81, 56377.00459107435
952, 56298.226490728695
1055, 56138.560043429155
767, 56113.6806909623
578, 55933.08549390297
950, 55761.3028746224
292, 55673.58157901712
738, 55672.10331681798
408, 55570.4057487338
528, 55542.73854783838
911, 55481.14566304977
996, 55266.25267008395
336, 55185.37902348814
105, 55132.329693845946
103, 55132.329693845946
83, 55129.85501754981
237, 55110.73791599861
104, 55107.604402676414
377, 55080.32232048414
440, 55015.58960762254
265, 54999.068381439705
296, 54983.749172128235
559, 54962.85265076897
66, 54931.98030155332
1154, 54918.75851560828
1275, 54766.27015487874
755, 54698.79012628996
190, 54502.073314246714
1120, 54435.237231897416
1272, 54228.84130327451
1151, 54204.07528605819
519, 54150.164614861314
476, 54069.63531026987
1021, 53949.20008011474
624, 53932.46164814949
1050, 53854.0252780907
1156, 53687.5411694637
1049, 53621.07500395126
1256, 53610.867924424965
664, 53578.16834060024
1270, 53544.74764261822
344, 53543.87642529001
99, 53489.220098952625
1064, 53334.70282654491
431, 53321.616721251194
1098, 53301.02921567815
1022, 53259.10261040333
872, 53247.733477309834
1054, 53095.365903169775
175, 53067.36995651933
467, 52976.44616838868
469, 52956.47607604992
839, 52939.32197301567
468, 52929.88630510447
280, 52909.119878695776
862, 52874.40865040197
466, 52814.1836148456
1383, 52773.32870535365
313, 52699.89119271793
770, 52695.395731873854
1024, 52689.279674563026
1023, 52689.279674563026
1237, 52689.27782185556
522, 52587.357360049195
340, 52527.57588889224
547, 52312.11324446635
1135, 52308.87349561435
548, 52301.95176136206
1129, 52211.885411614814
