881, 99722.23137218744
351, 99070.41080829094
1242, 98887.1871148953
1241, 98887.1871148953
953, 98859.67288692786
297, 98859.67288692786
117, 98664.17353732373
1297, 98206.07516012747
1211, 98174.21475401524
91, 98108.51905876456
951, 97949.44594886636
163, 97711.36453633902
1269, 97382.91249436149
1251, 97356.16009136589
92, 97103.89874285244
933, 96986.72406960906
917, 96630.67999128794
1007, 96594.89244763971
383, 96568.93038623162
626, 96361.25257262566
784, 96158.8979587658
1118, 96116.64464972731
595, 96116.64464972731
34, 96003.69432915581
1296, 96002.5596852097
1128, 95971.0289648685
1392, 95631.76000066956
339, 95580.864002013
1158, 95500.51844776806
1268, 95447.78656678268
32, 95368.36272476977
1351, 94896.9999337628
910, 94724.67358936722
316, 93517.32785035699
1352, 93482.2771960816
524, 93427.75077822788
774, 93110.14885804379
773, 93110.14885804379
913, 93085.57005704759
1093, 93038.51053244506
510, 93038.51053244506
660, 92966.1690566782
96, 92861.14732337101
1146, 92499.46675474981
443, 92471.859853411
1130, 92420.91216259426
821, 92030.65124937452
1380, 92026.66035345051
33, 91901.83327299565
284, 91897.42155136255
658, 91876.85865099938
895, 91784.47275775371
688, 91497.80492379497
1311, 91273.37277383561
686, 91256.82716089988
1298, 90986.92690573876
511, 90844.24651273372
1336, 90822.23580558493
1196, 90720.02848117698
1197, 90589.04536229186
1230, 90452.60143081634
882, 90375.88513094059
1386, 90202.7723466652
389, 90151.006411885
687, 90145.44372475271
1387, 90037.33581495988
586, 89968.87998207612
973, 89592.47420710196
804, 89502.16966755368
387, 89447.94726580744
785, 89437.14960517998
1364, 89281.54382738384
1195, 89244.51209562746
1198, 89232.34262068765
1374, 89202.15680840789
1394, 89164.66459288745
162, 88653.4251563006
388, 88540.39625853216
625, 88461.11098132958
1116, 88458.50449898283
1340, 88437.17393262745
805, 88349.68213090218
918, 88338.84455271265
550, 88133.64496228211
608, 87973.77277787961
282, 87959.19165416177
766, 87770.8093558776
1096, 87705.13891842298
912, 87282.07414435413
599, 87222.80387025769
1265, 87209.93514807434
1126, 87130.69815995167
883, 87013.71571609771
283, 87013.33863313818
965, 86879.61900595741
1267, 86872.11561378416
964, 86862.08860344508
963, 86862.08860344508
962, 86809.50319423607
587, 86768.39479059282
1141, 86676.7587204481
1138, 86676.7587204481
521, 86519.93734912248
1140, 86312.46922732962
954, 86223.60715052894
1139, 86131.23064065546
995, 86114.12225155284
758, 86106.71774817833
198, 86019.36862494874
914, 85915.22140925564
1097, 85893.10817798745
1338, 85847.04654403364
1337, 85847.04654403364
1218, 85756.8224174402
1219, 85716.32091687684
747, 85469.68398880404
669, 85334.94701582995
646, 85249.32065016589
327, 85238.140937726
746, 85133.61386618404
400, 84936.34100641593
990, 84894.29806889535
896, 84858.31083650264
505, 84718.44023752352
1393, 84669.1539942105
879, 84584.63947560529
878, 84584.63947560529
77, 84579.01050861849
887, 84374.15637004313
23, 84347.4340903258
308, 84251.56821982849
880, 84131.63359339027
24, 83976.16153979613
707, 83956.36483011731
966, 83934.76307713281
1372, 83755.28243618067
806, 83676.71482344685
25, 83461.30506416409
1391, 83235.43721936634
1127, 83023.70799765081
1129, 82942.19911515055
333, 82787.31282317334
684, 82744.15492382017
548, 82715.92235458588
547, 82690.51954361438
321, 82386.82949826
84, 82375.9403470936
1266, 82204.91579236797
340, 82157.81431444212
522, 82011.99195201571
1092, 81986.17239148467
685, 81879.59443099791
975, 81845.1719687687
506, 81824.29800718244
976, 81787.8857045471
635, 81785.780565383
634, 81785.780565383
1237, 81765.32876558472
1024, 81765.32430388132
1023, 81765.32430388132
1186, 81676.27160122507
682, 81480.35223878607
725, 81326.52542756821
280, 81241.48109746524
839, 81170.3755417192
683, 81027.33285021101
175, 80871.17792577209
1054, 80806.24728602133
1341, 80736.27658373704
1006, 80673.12001552134
681, 80465.9167402149
1022, 80429.92650628305
1098, 80334.4975851594
431, 80287.77613260098
1064, 80258.12538402625
818, 80119.20119365423
344, 79789.07486576197
664, 79713.04802996329
1049, 79618.26218766643
529, 79594.30528917215
1156, 79472.17256286326
508, 79282.7011217858
842, 79172.44412126289
1050, 79110.15601076634
624, 78941.50586486238
507, 78921.89523577383
1021, 78905.67204153602
724, 78779.1657282937
372, 78646.35918957324
675, 78437.69879541204
1151, 78366.71949231114
957, 77966.5331221947
841, 77888.70455973857
1210, 77842.58327802698
404, 77503.10298279003
755, 77355.21792676345
1275, 77220.66055384281
1154, 76919.51747673823
66, 76893.5953354072
559, 76833.18459487814
229, 76805.20309441324
296, 76792.38673514944
230, 76775.49480097745
265, 76762.52506559495
440, 76730.36494355743
377, 76604.80103784711
336, 76402.51453533732
996, 76248.0391420357
111, 76231.96920492042
143, 76223.90131377586
911, 75842.75501407126
523, 75538.27583157175
738, 75488.79791241986
292, 75486.08013388327
991, 75471.83126512625
950, 75325.41140796606
578, 75014.19499283614
767, 74691.80240024369
1055, 74647.76731820106
1345, 74584.91229287439
952, 74367.31656357626
764, 74101.97423518293
1220, 73893.36933274777
1365, 73806.0387672301
373, 73797.72736536813
378, 73673.84310460136
130, 73247.73309255675
1233, 73110.05031729057
941, 73012.68418693321
35, 73006.00248031462
959, 72968.20248099892
1215, 72957.03509064984
893, 72874.03388028085
1361, 72862.00906187964
301, 72556.82464052878
722, 72468.18819896597
760, 72448.60534478474
1229, 72194.25756121136
627, 72101.72356245399
721, 72047.37854259
303, 72014.33487166816
261, 71957.11686416515
542, 71857.16704602588
539, 71857.16704602588
1420, 71757.15898145697
1243, 71696.77201510979
823, 71614.52420322468
1339, 71335.50748090446
551, 71327.5652986597
201, 71137.47900223723
1167, 71072.54234052646
1295, 70914.5749443111
1042, 70769.84431387826
1203, 70766.28072414303
982, 70751.8017906026
924, 70749.46770008063
916, 70558.25715241328
1041, 70542.55406715198
838, 70498.93693435178
822, 70423.62962018917
1107, 70332.98724944681
263, 70171.89705219194
1070, 70098.43852486604
1071, 70098.43790793752
439, 69927.04808195474
8, 69679.13891762865
115, 69561.03083395898
943, 69389.27859717043
1202, 69177.52153444236
1194, 69132.92127811219
262, 69132.84650549156
906, 69086.2960555473
937, 69066.01224800559
1320, 69038.36139526895
121, 69018.9611539057
1072, 68974.79544064848
436, 68813.57236233499
735, 68798.98438604847
803, 68644.35293898114
1349, 68599.98528705668
1293, 68599.23377881754
1292, 68578.10648591968
944, 68230.98086781241
1332, 68190.99175910423
1213, 68164.73555153568
848, 67959.26003332439
945, 67857.47320544295
1114, 67275.17939384708
532, 67186.23703259102
76, 66991.21843872384
462, 66791.86174736847
1291, 66758.44323319248
499, 66660.83632663277
87, 66536.41177517141
974, 66295.81690304574
128, 66243.71665930228
629, 66168.29686111712
1104, 66110.20734838182
1375, 65908.3846100227
52, 65691.86413623189
678, 65221.69747008479
1252, 64993.95490501297
1068, 64962.339126255094
407, 64860.182404964784
324, 64846.332290972656
810, 64774.53128557189
1276, 64649.29085398233
294, 64616.90861892393
708, 64613.493259253664
615, 64469.33667468835
406, 64456.17306869048
394, 64449.07903267554
243, 64060.5793269255
650, 64007.76067900137
329, 63993.17704487076
1212, 63671.00562784935
298, 63646.561816684385
1355, 63623.38395054212
392, 63622.5605498923
1359, 63608.942290292216
171, 63434.666825607936
341, 63306.692745829416
144, 63263.422765964824
1261, 63194.613216713544
60, 63169.54157187835
843, 63054.463075077074
95, 62787.99647962327
355, 62753.37225625105
1208, 62574.15362458991
603, 62550.37276611845
79, 62516.64606274009
1209, 62459.69960639982
1239, 62453.4626874541
1206, 62270.17668819929
323, 62152.073475781566
859, 62094.87759269597
533, 62067.952441681606
376, 62047.40851387392
716, 61999.00043847019
925, 61926.28292312349
1047, 61866.28038212245
317, 61806.10291095769
736, 61772.06167850008
884, 61765.73097189336
447, 61720.70880543373
319, 61663.71111870945
1131, 61631.87046608175
610, 61563.26097981252
988, 61547.88527872329
100, 61510.59671852238
1257, 61493.93069490352
714, 61456.46028583383
101, 61382.58168622343
543, 61380.66582145785
472, 61353.02414652162
979, 61199.14623101023
561, 61130.68097182859
1353, 61090.73075886212
1289, 61003.821024684876
82, 61003.821024684876
779, 60969.71439702834
723, 60884.661268967444
737, 60815.513480861904
1207, 60807.671800864475
671, 60657.7691364944
75, 60624.480589965766
1205, 60543.6932773854
1095, 60419.02860808544
1014, 60304.003521441395
907, 60185.51600806697
197, 60181.142855861304
1254, 60138.146747101884
385, 59774.760760188874
998, 59506.866390235315
1244, 59402.570787189405
715, 59393.35962330504
616, 59392.79018666103
677, 59386.83994199731
57, 59192.57931416375
797, 59189.302465207096
1327, 59180.50094771539
894, 59161.839175515684
1153, 58994.70999669887
1226, 58952.05158343962
489, 58928.30044394903
1045, 58780.644904230474
649, 58565.34221981796
129, 58548.7634532503
585, 58504.845906975635
1053, 58499.137218601216
1033, 58478.63758628377
1335, 58446.612898005114
926, 58316.19311535426
375, 58059.68001479085
118, 58008.167701102
652, 57945.51990546839
49, 57842.31210879088
9, 57824.97793274109
931, 57660.04500439683
648, 57655.60113981827
393, 57481.26275215403
1385, 57387.20217111442
602, 57301.85347692237
318, 57182.29433010892
448, 57034.6249212496
1402, 56937.622587342026
300, 56903.48528427771
1142, 56842.1466533515
1073, 56785.687469995515
1331, 56714.78637152933
935, 56707.70782994456
1366, 56076.07605029632
181, 55835.81898450332
946, 55826.34940414387
1377, 55784.647789657225
573, 55727.28757349
541, 55712.47951030812
590, 55620.11681605342
1038, 55522.768891035645
994, 55259.6577364949
1069, 55151.98381547815
126, 55001.749482948835
651, 54983.63738224875
593, 54932.85663440833
1259, 54901.14938612054
1260, 54783.55339094128
614, 54752.94065077411
639, 54617.973595753334
789, 54551.881263625255
147, 54516.91221351248
1357, 54388.923203550345
928, 54366.359391064754
680, 54348.0080666888
888, 54197.03575012542
631, 54166.85612942689
997, 53989.143485092914
873, 53989.143485092914
50, 53911.83910563628
196, 53908.883030941426
1358, 53867.18967875266
1294, 53856.79234594791
837, 53816.10094778535
312, 53807.58217587346
182, 53666.69427654472
572, 53563.95739064245
199, 53554.751711763274
58, 53486.21487074236
1099, 53358.721701115675
97, 53265.355593971
851, 53132.78631957977
989, 53114.48581528091
403, 53114.48581528091
1325, 53029.706143138
453, 53016.78880257182
452, 53016.78880257182
127, 53000.51088846089
1143, 52898.896002059926
1165, 52774.91102882251
628, 52683.3463732732
936, 52667.40732040806
718, 52504.08088582473
1231, 52411.90401893362
844, 52367.785666154785
293, 52293.96416856136
1238, 52278.03182261636
849, 52202.40132714286
1089, 52161.08079978684
1164, 52135.449994413284
200, 52135.449994413284
549, 52127.10757587492
188, 52083.076045276444
1333, 52001.249459637846
202, 51883.56438934282
245, 51795.23274292559
1258, 51764.42739016659
138, 51619.835876105106
402, 51574.81443284594
1161, 51553.74006032744
232, 51545.75961197288
1091, 51322.01337045302
1090, 51322.01337045302
672, 51306.11094983385
591, 51300.70067948963
357, 51119.544912317324
214, 51035.78705444604
679, 50993.82411005001
875, 50849.06300458902
567, 50780.803229571524
744, 50752.92824066977
1134, 50751.51619563063
1309, 50520.27126241765
1319, 50382.998619352846
493, 50374.604248600386
1048, 50344.467479923325
731, 50261.433841451086
457, 50246.07878016917
59, 49898.533067932
763, 49877.860437533374
666, 49863.28041665163
405, 49819.72627381723
