755, 99316.04584126487
1275, 99094.3524751695
1151, 99029.6000874085
1154, 98598.98876755493
66, 98556.39937511382
559, 98457.17751425842
296, 98390.19374568484
265, 98341.17819455829
440, 98288.40190509603
1021, 98182.1614631281
624, 98126.7372589512
377, 98082.46451380037
1050, 97867.39430225155
336, 97751.09217517293
996, 97498.37081217053
1156, 97318.97007653066
1049, 97100.79161821668
664, 96960.1811829201
344, 96847.93338065904
911, 96836.68157112098
738, 96260.39096578515
292, 96255.97180314544
1064, 96165.75495213893
431, 96123.21999710593
1098, 96056.33647188268
950, 95994.87671491069
1022, 95920.255749186
578, 95490.00215369175
1054, 95390.45709864916
175, 95300.13180003775
767, 94968.2013089841
1055, 94897.02428027037
839, 94887.96648165322
280, 94790.98109416766
952, 94444.24580100525
1024, 94087.65941673097
1023, 94087.65941673097
1237, 94087.65350890563
522, 93763.14760284584
1220, 93681.16557790234
340, 93573.26644967686
378, 93328.60424658324
547, 92891.69554531506
548, 92859.65935128713
1129, 92576.1278042979
1127, 92474.79509456591
1233, 92425.7104352469
941, 92270.15451020654
35, 92259.48356755005
959, 92199.12521255398
1215, 92181.29647938901
893, 92048.83014326976
806, 91677.90390268758
1372, 91583.77782580856
301, 91543.30864535723
722, 91402.2595912633
760, 91371.10913688262
966, 91370.13596068209
707, 91344.5512554103
880, 91137.97822953071
887, 90855.07860880207
627, 90820.05221757504
721, 90733.84433441152
261, 90590.73611828581
542, 90432.37597242149
539, 90432.37597242149
896, 90300.30150947602
1420, 90274.03748072927
990, 90259.58616791727
823, 90048.40688763076
746, 89990.62944540619
327, 89874.12949745833
669, 89766.75726878656
747, 89618.14343272301
1339, 89607.70515734715
201, 89295.45824608595
1097, 89157.29504313318
198, 89021.6620532341
1295, 88944.51849881579
758, 88928.3020274228
995, 88920.40568529819
982, 88688.60289215483
924, 88684.9353536555
916, 88384.69590788144
838, 88291.63464210946
587, 88233.40491411522
822, 88173.54982294604
1107, 88031.50342274661
883, 87981.16832762903
263, 87779.28489310353
599, 87768.4329395928
1070, 87664.36749136359
1071, 87664.36652650348
439, 87396.48143188283
1096, 87285.40338542461
766, 87220.45703570459
282, 87035.22241520724
8, 87009.57530390726
115, 86825.48745720042
1340, 86572.23479166834
943, 86558.06443857231
1116, 86551.80411779157
1194, 86159.51772183232
262, 86159.40158253677
906, 86087.10989935716
937, 86055.61715251656
121, 85982.58289175166
1072, 85914.0496797355
1374, 85851.51229115356
1198, 85823.57014606625
1195, 85812.31569739201
436, 85664.05802111914
735, 85641.45213250077
803, 85401.97562417744
1349, 85333.31241011615
1293, 85332.14956533285
1292, 85299.46083362713
586, 85153.08810149367
1387, 85091.85533174255
1386, 84944.61975395634
944, 84763.08082706759
1332, 84701.37441514789
1213, 84660.86850332259
1197, 84604.89268124032
1196, 84490.96160543847
511, 84383.50037042786
848, 84344.13842042755
1298, 84260.7646981564
945, 84187.41016095616
1311, 84016.58481241147
658, 83511.65733994171
1380, 83388.27612348298
821, 83384.99957067498
1114, 83292.98256633457
1130, 83067.1879666443
1146, 83003.83167514794
76, 82858.14255937109
96, 82714.74174668021
660, 82631.59423601169
1093, 82574.52633450027
510, 82574.52633450027
462, 82553.3815157594
774, 82518.17796190675
773, 82518.17796190675
1291, 82502.33589385652
499, 82353.31371321567
316, 82200.98546366142
87, 82163.49634824919
974, 81796.92648174602
629, 81602.88933235993
1104, 81514.55694534599
910, 81290.25065829157
1375, 81207.94111034309
1351, 81163.76632685005
52, 80879.48029458693
32, 80822.10890666403
1158, 80727.43566354945
1128, 80394.26276344155
784, 80262.90208084453
678, 80167.9599283415
383, 79979.44679491596
1007, 79961.64729844325
1252, 79824.15325836977
1068, 79776.46863100662
407, 79622.46266695613
324, 79601.59148129869
810, 79493.42472970922
1276, 79304.88293053032
294, 79256.16040004579
951, 79056.6234776587
615, 79034.26267209857
406, 79014.48025975066
394, 79003.82002090718
117, 78597.08300150433
1242, 78456.13298676992
1241, 78456.13298676992
243, 78420.8279731137
650, 78341.68941371211
351, 78341.18148180703
329, 78319.84380250183
881, 77938.34074761166
1212, 77837.81380230864
1355, 77766.65473266579
392, 77765.42456796128
1359, 77745.07984631356
171, 77484.8953724826
341, 77294.03807320361
1261, 77127.02549089151
60, 77089.6834640625
953, 77078.0762815103
297, 77078.0762815103
843, 76918.36785052884
1297, 76680.1826255231
1211, 76660.75714551171
91, 76620.69336400418
95, 76522.21035046958
355, 76470.7882964909
163, 76378.24265785678
1208, 76204.82046313312
1269, 76177.40739065013
603, 76169.55362725315
1251, 76161.0363745469
79, 76119.54718851305
1209, 76035.13956251019
1239, 76025.89705979121
92, 76006.5697744045
933, 75934.76115819524
1206, 75754.46417959982
917, 75716.3339924403
323, 75579.74537649163
626, 75550.81301647273
859, 75495.18283281037
376, 75425.02662680756
1118, 75400.36651921125
595, 75400.36651921125
716, 75353.50647627344
34, 75330.84052770631
1296, 75330.14192471473
925, 75246.11572428475
1047, 75157.54355373674
1392, 75101.6490542254
339, 75070.25640899065
317, 75068.75022649056
736, 75018.5379860402
884, 75009.2012379445
1268, 74988.14035124276
447, 74942.81280324417
319, 74858.7953544317
1131, 74811.87510326848
610, 74710.80768438107
988, 74688.16460993447
100, 74633.26152507788
1257, 74608.72732788233
714, 74553.57717052601
101, 74444.88223851852
543, 74442.0642361128
472, 74401.41088372623
979, 74175.24083427769
561, 74074.68796789934
1353, 74016.03632253988
1289, 73888.49857894387
82, 73888.49857894387
779, 73838.46897026415
1352, 73769.57220169925
524, 73735.61308767063
723, 73713.75948688018
737, 73612.42536495312
1207, 73600.93666649987
913, 73522.31167574687
671, 73381.43688337081
75, 73332.7239371521
1205, 73214.5500733437
443, 73138.92315598529
1095, 73032.32285227378
1014, 72864.32538000359
33, 72781.86980736406
284, 72779.1027987767
895, 72708.24308383705
907, 72691.41044910993
197, 72685.0311898805
1254, 72622.3216244628
688, 72528.23590024296
686, 72376.73784878556
1336, 72103.09980933352
385, 72093.06789816426
1230, 71869.93645281417
882, 71821.49515998234
998, 71703.74138236926
389, 71679.40171967375
687, 71675.88500033421
1244, 71552.36452494218
715, 71539.00047054532
616, 71538.17432890735
677, 71529.54187685145
973, 71325.85446877
804, 71268.60786226288
57, 71247.90801692264
797, 71243.16055782526
387, 71234.22343629976
1327, 71230.40955574234
785, 71227.37522770886
894, 71203.37628406854
1364, 71128.64785695699
1394, 71054.44533033205
1153, 70961.42914953719
1226, 70899.71857810313
489, 70865.36751627458
162, 70729.41240866431
388, 70657.44920038914
1045, 70651.94038808589
625, 70606.9477221144
805, 70535.94121121203
918, 70529.0331856754
550, 70398.17154730446
649, 70341.12122040312
608, 70296.1314732681
585, 70253.86911515782
1053, 70245.63750790326
1033, 70216.08085113154
1335, 70169.9155304941
926, 69982.01312332177
912, 69853.78758892776
1265, 69807.57379993278
1126, 69756.79530009108
283, 69681.55237662588
375, 69612.93177141775
965, 69595.7711828544
1267, 69590.9561972224
964, 69584.52152771312
963, 69584.52152771312
962, 69550.77086441017
118, 69538.89201822139
1141, 69465.53588605374
1138, 69465.53588605374
652, 69448.88221556523
521, 69364.77435528352
49, 69300.68168275227
9, 69275.80106575953
1140, 69231.35971883501
954, 69174.17715894882
1139, 69114.7083567031
931, 69039.2122008865
648, 69032.84137244154
914, 68975.55066966021
1338, 68931.60234073158
1337, 68931.60234073158
1218, 68873.41899858078
1219, 68847.2927279544
393, 68783.05861621643
646, 68545.69384840335
602, 68526.3214019574
400, 68343.20219913269
505, 68202.0524756716
1393, 68170.10666135195
448, 68144.4968832111
879, 68115.31009940595
878, 68115.31009940595
77, 68111.65969651159
1402, 68006.06927107829
23, 67961.39961011983
300, 67957.3752901454
308, 67899.14940322225
1142, 67869.90942289852
1073, 67789.43376989425
24, 67720.16187184787
1331, 67688.41684630132
935, 67678.33431887357
25, 67384.94501137934
1391, 67237.6336408088
333, 66944.91085835501
684, 66916.68733767344
1366, 66780.60731449601
321, 66682.79444271319
84, 66675.66070774119
1266, 66563.57138690694
181, 66440.14691023076
946, 66426.73927665393
1092, 66420.07777909923
1377, 66367.70575610797
685, 66350.11095771132
975, 66327.50574994167
506, 66313.79607740093
976, 66289.87790550615
635, 66288.49497803237
634, 66288.49497803237
573, 66286.53300068624
541, 66265.58265506946
1186, 66216.53672938992
590, 66134.95615227395
682, 66087.70711604794
1038, 65997.36789444936
725, 65986.4740178377
683, 65789.36899264144
994, 65625.9505539729
1341, 65597.36123121511
1006, 65555.66300925217
1069, 65474.145355365465
681, 65418.7740522989
126, 65262.52120131348
651, 65237.02257216693
818, 65189.4211356698
1259, 65120.933697752815
1260, 64955.548069578675
614, 64912.516295199464
529, 64841.496858519866
639, 64722.90196098878
508, 64634.54917059468
789, 64630.11249943995
147, 64581.03496166725
842, 64561.25147051467
1357, 64401.50704131311
507, 64394.549027868066
928, 64369.873307627255
680, 64344.14890821778
724, 64299.49696089893
372, 64210.996314623146
888, 64132.64113145047
631, 64090.38627522976
675, 64071.83672489929
997, 63841.74347410793
873, 63841.74347410793
957, 63757.10801700245
50, 63733.677932700615
196, 63729.54668976986
841, 63705.05345473015
1210, 63674.19693024371
1358, 63671.28720742069
1294, 63656.761231777295
837, 63599.92163105078
312, 63588.02420005306
404, 63446.86946197552
182, 63391.35753445109
572, 63248.06413475795
199, 63235.229264287496
58, 63139.69793834419
229, 62978.3957901068
1099, 62962.10676028482
230, 62958.41972929351
97, 62832.14961180043
851, 62647.765726427584
989, 62622.3254244322
403, 62622.3254244322
111, 62592.45767118222
143, 62587.01843414601
1325, 62504.5105620839
453, 62486.56576773176
452, 62486.56576773176
127, 62463.954682306765
1143, 62322.86101227381
1165, 62150.836911036255
523, 62124.02740655142
991, 62079.07919819127
628, 62023.88683569417
936, 62001.79608535624
718, 61775.57008678869
1231, 61648.00414850362
844, 61586.97560014363
293, 61484.899417527464
1345, 61477.75135357669
1238, 61462.8757178058
849, 61358.361862539845
1089, 61301.283419733045
1164, 61265.88606314546
200, 61265.88606314546
549, 61254.36610265885
188, 61193.57410728163
764, 61149.263079871795
1333, 61080.64822764666
1365, 60947.601488602355
373, 60941.933718235574
202, 60918.34411851408
245, 60796.60667929889
1258, 60754.16814247687
130, 60566.38277392181
138, 60555.090948231904
402, 60493.14371202464
1161, 60464.15286341045
232, 60453.175671365745
1361, 60302.416937773116
1091, 60145.64923460156
1090, 60145.64923460156
591, 60116.3802035787
357, 59867.76495841834
1229, 59844.308125965385
214, 59752.918941797565
303, 59720.62469661287
679, 59695.40494044614
1243, 59502.066281678424
875, 59497.12069625137
567, 59403.689544928675
744, 59365.54767935679
1134, 59363.615741077134
551, 59247.55031300486
1167, 59071.487218179056
1309, 59047.47591241238
1042, 58862.23304041931
1319, 58860.0385388629
1203, 58859.767748421174
493, 58848.58211604922
1048, 58807.45751547463
1041, 58704.90992429399
731, 58694.192710731375
457, 58673.25400595351
59, 58199.90179687933
763, 58171.780538229024
666, 58151.9494695218
405, 58092.72062203934
1163, 58029.17535619466
657, 57818.00433267048
1202, 57756.48704933448
732, 57732.35167070676
630, 57732.230509334084
726, 57716.25477285416
1320, 57659.45154702244
1250, 57601.09821365489
1087, 57300.892382506085
342, 57077.15385746758
31, 56983.54339149289
874, 56837.84172262732
532, 56361.80985897547
