1336, 99753.47941567918
686, 99723.54348594067
688, 99437.3576042748
1230, 99307.75102092794
882, 99215.28636466018
895, 99100.98036797196
284, 98969.64278895903
33, 98964.52641647776
389, 98944.33288633147
687, 98937.63214719466
443, 98311.92637554441
973, 98271.93468882052
804, 98163.29634689794
387, 98098.07580077072
785, 98085.08892087277
1364, 97897.96782826005
1394, 97757.45807728224
913, 97627.62045293055
524, 97254.04557669778
1352, 97195.03178315569
162, 97143.27381525883
388, 97007.57661017907
625, 96912.41018667677
805, 96778.6892531755
918, 96765.68526247398
550, 96519.5240674189
608, 96327.81403670071
912, 95499.12850633825
1265, 95412.7740002278
1126, 95317.9382761786
283, 95177.50491876093
1268, 95157.67145027821
339, 95025.76901687915
965, 95017.53824784151
1267, 95008.56342538694
964, 94996.5703248472
963, 94996.5703248472
1392, 94975.51583170955
962, 94933.67824551277
1141, 94774.94774753266
1138, 94774.94774753266
1296, 94612.59240888269
34, 94611.49040869488
521, 94587.4855849039
1118, 94502.04790374482
595, 94502.04790374482
1140, 94339.57832256457
626, 94266.77638418571
954, 94233.42938359114
1139, 94123.10387283274
917, 94010.3523937052
914, 93865.20916031528
1338, 93783.83969207501
1337, 93783.83969207501
1218, 93676.17190371749
933, 93675.78818597135
1219, 93627.84676806287
92, 93566.73618720433
1251, 93333.7068473887
1269, 93309.13265410498
646, 93070.94086717935
163, 93009.56432889658
400, 92698.02043293299
91, 92652.54422383745
1211, 92594.02843213566
1297, 92565.70482200374
505, 92438.53631378044
1393, 92379.86133905011
879, 92279.2617939661
878, 92279.2617939661
77, 92272.56215668512
23, 91997.00852292293
953, 91992.44004275501
297, 91992.44004275501
308, 91882.97752706203
24, 91555.5161884686
25, 90943.86627685423
881, 90796.33201723063
1391, 90675.74854664232
351, 90255.65880731703
333, 90144.18474180381
1242, 90103.56411561518
1241, 90103.56411561518
684, 90093.01796763105
117, 89918.37212284746
321, 89669.56517269644
84, 89656.66595120651
1266, 89454.11085122229
951, 89324.35711841263
1092, 89195.14762813666
685, 89069.01745232687
975, 89028.28619106638
506, 89003.58800521994
976, 88960.5074154336
635, 88958.0168590933
634, 88958.0168590933
1186, 88828.47406570557
682, 88596.78862760322
725, 88414.94813537155
1007, 88196.48158553054
383, 88174.8372869887
683, 88061.4407135136
784, 87832.86334572348
1341, 87717.76405816461
1128, 87676.09307403714
1006, 87643.21763340973
681, 87398.71745968389
1158, 87283.23518455059
32, 87172.83039827952
818, 86989.83516149141
1351, 86778.8329226041
910, 86634.70710250585
529, 86371.40159707626
508, 86004.59726468206
842, 85874.86696323346
316, 85623.68126452158
507, 85580.18049590256
724, 85412.37781520178
774, 85282.21436008565
773, 85282.21436008565
372, 85256.2872379647
1093, 85222.11132353422
510, 85222.11132353422
660, 85161.41046757979
96, 85073.27388776682
675, 85011.13335337858
1146, 84769.61551388129
1130, 84703.63672050508
957, 84457.96541989276
821, 84375.71375911738
1380, 84372.3591501968
841, 84366.64504218039
1210, 84312.53565977982
658, 84246.423521371
404, 83914.42207320176
1311, 83738.73802239625
1298, 83497.57000438802
511, 83377.39613705463
1196, 83272.74709486356
1197, 83162.37323441081
229, 83096.89004749391
230, 83062.11624355997
1386, 82836.72509819728
1387, 82697.18387140057
586, 82639.4310045096
111, 82426.30375296836
143, 82416.8715384699
1195, 82027.8779360369
1198, 82017.59690800316
1374, 81992.09432104269
523, 81615.89538961067
991, 81538.33426441703
1116, 81363.37627718959
1340, 81345.3299210107
282, 80940.7581259636
766, 80781.21195315165
1096, 80725.58102452659
1345, 80504.07887175272
599, 80316.7807220903
883, 80139.45801033272
764, 79941.73479786796
587, 79931.3212886731
1365, 79597.42614579607
373, 79587.75930204413
995, 79375.76551041477
758, 79369.47441963051
198, 79295.25356321443
1097, 79187.94879051205
130, 78948.45021446602
747, 78827.91407735889
669, 78713.28999697336
327, 78630.91732739849
746, 78541.95854828758
1361, 78500.53317774873
990, 78338.22280973602
896, 78307.57827357946
887, 77895.10664057205
1229, 77725.98238562564
880, 77688.35457072848
707, 77538.88010086508
966, 77520.45417441399
303, 77517.47082425168
1372, 77367.33221930078
806, 77300.28736385089
1243, 77149.64293256032
1127, 76742.67930765414
551, 76722.30822154894
1129, 76673.03159469993
548, 76479.62837754608
547, 76457.91111225185
1167, 76427.32971365935
1042, 76077.41361447639
1203, 76073.2954749395
340, 76002.26118595284
522, 75877.45469868636
1041, 75814.8157417787
1237, 75666.2649464815
1024, 75666.26112557054
1023, 75666.26112557054
280, 75217.43809675024
839, 75156.48256403921
175, 74899.90744924471
1054, 74844.2080574054
1022, 74521.25903745904
1098, 74439.32904897323
431, 74399.21138762494
1064, 74373.7498145036
1202, 74240.39365393562
1320, 74080.14239290968
344, 73970.78503834264
664, 73905.43728078419
1049, 73823.95277238038
1156, 73698.33630583882
1050, 73386.90850557126
624, 73241.75537358478
1021, 73210.90829372291
1151, 72746.71398023817
532, 71951.7936805465
755, 71874.2808066457
1275, 71758.10148798098
1154, 71497.98519036296
66, 71475.58788893794
559, 71423.38754817902
296, 71388.13123963239
265, 71362.32399339988
440, 71334.52878377469
377, 71225.9912717107
336, 71051.08214819532
996, 70917.4697046273
128, 70871.8989249595
911, 70566.74196648029
738, 70260.21860226715
292, 70257.86426259151
950, 70118.66032588504
578, 69848.90455779411
767, 69569.29894285655
1055, 69531.09521482748
952, 69287.71068954103
708, 69009.12645987063
1220, 68876.11834789549
378, 68685.35259250039
1233, 68195.07028521915
941, 68110.3478185031
35, 68104.53322126379
959, 68071.63731975202
1215, 68061.91832707253
893, 67989.67602175358
298, 67907.28175245012
301, 67713.48288964464
722, 67636.27858822331
760, 67619.21979061178
144, 67471.30409189335
627, 67316.94608035669
721, 67269.5721962796
261, 67190.87840808385
542, 67103.72284824247
539, 67103.72284824247
1420, 67016.50044348332
823, 66892.07319815703
1339, 66648.57883256192
201, 66475.68593768498
1295, 66280.99942050545
982, 66138.78127673134
924, 66136.74162510141
533, 66113.22169103913
916, 65969.6219380493
838, 65917.76357719605
822, 65851.92095803333
1107, 65772.65848254219
263, 65631.7600119816
1070, 65567.49519135444
1071, 65567.4946516011
439, 65417.52127268834
8, 65200.506317410756
115, 65097.08184181602
943, 64946.64221642127
1194, 64722.00737296307
262, 64721.94183743976
906, 64681.14027997991
937, 64663.3603875902
121, 64622.11490736992
1072, 64583.395522330145
436, 64442.02698948379
735, 64429.23343939028
803, 64293.60158604208
1349, 64254.67824470403
1293, 64254.01892582895
1292, 64235.48299545026
944, 63930.83038674013
1332, 63895.7216479942
1213, 63872.66840247574
848, 63692.21996115287
945, 63602.80546915675
1114, 63090.96681438273
76, 62841.16402096174
462, 62665.709898778245
1291, 62636.291882080106
499, 62550.35898845323
87, 62440.793401681614
974, 62228.859166848895
129, 62135.05951712568
629, 62116.491562605814
1104, 62065.295683499135
1375, 61887.38098022565
52, 61696.43571473087
678, 61281.54099828385
1252, 61080.441498376305
1068, 61052.51766677806
407, 60962.27916022748
324, 60950.043568407506
810, 60886.60744641416
1385, 60828.42938284004
1276, 60775.937435295054
294, 60747.31835611903
615, 60616.874067641504
406, 60605.23653683742
394, 60598.9648045441
318, 60598.25939134273
243, 60255.371973584035
650, 60208.63954292678
329, 60195.735553618724
1212, 59910.580626318944
1355, 59868.41607229188
392, 59867.68699504487
1359, 59855.62859281684
171, 59701.2880195262
341, 59587.92075728182
1261, 59488.611741574416
60, 59466.39397091124
843, 59364.40145137649
95, 59128.152050733726
355, 59097.44561825364
1208, 58938.47432645211
603, 58917.376149564974
79, 58887.45250518891
1209, 58836.9231376342
1239, 58831.38870966274
1206, 58668.71837051411
323, 58563.86983747276
859, 58513.0847583245
376, 58470.932155823866
716, 58427.94189426084
925, 58363.35562876989
1047, 58310.055981301455
317, 58256.59497580631
736, 58226.350470501144
884, 58220.72563677358
447, 58180.72152649685
319, 58130.071855423026
1131, 58101.775062639
593, 58077.96235435835
610, 58040.7961094883
988, 58027.12937922644
100, 57993.98372713459
1257, 57979.168622445446
714, 57945.8579792131
101, 57880.174191498234
543, 57878.470719567
472, 57853.8927263814
979, 57717.04687220863
561, 57656.14714057734
1353, 57620.6079118717
1289, 57543.28493785168
82, 57543.28493785168
779, 57512.93709834809
723, 57437.24903136685
737, 57375.70616846623
1207, 57368.72642252686
671, 57235.281033820116
75, 57205.642067550325
1205, 57133.70421539271
1095, 57022.67412263413
1014, 56920.206483080685
907, 56814.63147767193
197, 56810.73445644149
1254, 56772.41789958223
385, 56448.4591074957
998, 56209.4907486855
1244, 56116.42426215267
715, 56108.203960897685
616, 56107.695775020795
677, 56102.385529019535
57, 55928.9869285597
797, 55926.06144861567
1327, 55918.203609293014
894, 55901.54228255424
1153, 55752.30266025295
1226, 55714.20297093332
489, 55692.98870261676
1045, 55561.08326107698
649, 55368.681386943805
585, 55314.60590682332
1053, 55309.50280054986
1033, 55291.17733752088
1335, 55262.547752178834
926, 55145.936789534535
375, 54916.50049511215
118, 54870.41244332505
652, 54814.355512038994
49, 54721.99141176859
9, 54706.47673534883
931, 54558.83106370807
648, 54554.85234921586
393, 54398.73634877613
602, 54238.02645584096
672, 54039.305516441185
448, 53998.550681139524
1402, 53911.59288353156
300, 53880.98673262394
1142, 53825.98804945733
1073, 53775.35890814147
1331, 53711.77158101753
935, 53705.42276106891
1366, 53138.56741721554
181, 52922.774043666184
946, 52914.266699625914
1377, 52876.80073688291
573, 52825.26185314663
541, 52811.95572274262
590, 52728.95275792574
1038, 52641.45423725765
994, 52404.88427631594
1069, 52308.03834077523
126, 52172.87939712589
651, 52156.58220504692
1259, 52082.35286998404
1260, 51976.51072960808
614, 51948.95394851583
639, 51827.44134803785
789, 51767.926367048545
147, 51736.434376182486
1357, 51621.154056293984
928, 51600.82785845706
680, 51584.295770617915
888, 51448.26836288796
631, 51421.0716448386
997, 51260.892655206735
873, 51260.892655206735
50, 51191.1987215704
196, 51188.533465693574
1358, 51150.94033698223
1294, 51141.565045489755
837, 51104.87179236302
312, 51097.189680952884
182, 50970.12113744668
572, 50877.440328406265
199, 50869.13484795523
58, 50807.29553755875
1099, 50692.24008684234
97, 50607.964970430585
851, 50488.27854555012
989, 50471.75411711271
403, 50471.75411711271
1325, 50395.194974859536
453, 50383.52907661445
452, 50383.52907661445
127, 50368.82777779088
1143, 50277.04477589149
1165, 50165.03246053335
628, 50082.293072167384
936, 50067.88882042556
27, 50035.15373353053
718, 49920.264592500724
1231, 49836.92965729647
844, 49797.038197164795
293, 49730.2820119808
1238, 49715.873307679685
849, 49647.469633904635
1089, 49610.093364102584
1164, 49586.90769597675
200, 49586.90769597675
549, 49579.36089024244
188, 49539.526671314256
1333, 49465.491479411445
202, 49358.99226583442
245, 49279.04101472275
1258, 49251.15517979673
138, 49120.245511686764
402, 49079.47693270379
1161, 49060.392127053165
232, 49053.164891359185
1091, 48850.49226432724
1090, 48850.49226432724
591, 48831.182476987575
357, 48667.020004650476
214, 48591.10017019385
679, 48553.05961121476
875, 48421.806699405315
567, 48359.904119040504
744, 48334.6229123915
1134, 48333.34222366709
28, 48305.018769340946
1309, 48123.56316419538
1319, 47998.990088858
493, 47991.3712682662
1048, 47964.017825155795
731, 47888.644869318414
457, 47874.7051777203
59, 47559.08729243696
763, 47540.30729009368
