806, 99984.12323493321
1372, 99872.17885478563
966, 99618.17130495887
707, 99587.75979184403
880, 99342.27102659474
1127, 99084.37694855679
887, 99006.23919854911
1129, 98968.3046511011
548, 98646.30733386509
547, 98610.17969973822
896, 98347.8125717542
990, 98299.51874269867
746, 97980.59764363119
340, 97853.55464364767
327, 97842.50790580896
669, 97715.26554264635
522, 97646.76330182051
747, 97539.19392934536
1237, 97297.28808930123
1024, 97297.28177153159
1023, 97297.28177153159
1097, 96993.52758955253
198, 96833.02612043943
758, 96722.57335054992
995, 96713.23224537725
280, 96556.4216982231
839, 96455.99745983095
175, 96033.79560675361
1054, 95942.24842884479
587, 95901.08983356922
883, 95603.1824900245
1022, 95412.20747630578
599, 95352.04356821028
1098, 95277.94440338454
431, 95212.23160698044
1064, 95170.53579068101
1096, 94782.20668358466
766, 94705.62985472365
344, 94511.70288572126
282, 94487.2774944406
664, 94405.04944206681
1049, 94272.13262900549
1156, 94067.38729772183
1340, 93941.86107874957
1116, 93917.80443543753
1050, 93560.61455403641
624, 93324.81700504226
1021, 93274.73972739
1374, 93093.81105284997
1198, 93060.95665292206
1195, 93047.72417145355
1151, 92522.55879294043
586, 92273.143905635
1387, 92201.2474263586
1386, 92028.40609919958
1197, 91629.78766222905
1196, 91496.16625419313
511, 91370.16022626717
1298, 91226.27632407994
755, 91115.90536760139
1311, 90940.12552464029
1275, 90929.27500646823
1154, 90512.00924114298
66, 90476.11834345825
559, 90392.49231376193
658, 90348.84303338973
296, 90336.02934113935
265, 90294.70842282231
440, 90250.2133717732
1380, 90204.44957919764
821, 90200.6154944603
377, 90076.55266763113
1130, 89828.84269119747
336, 89796.99152422028
1146, 89754.75682249648
996, 89583.68032118726
96, 89416.82536314084
660, 89319.66558003008
1093, 89252.98957964504
510, 89252.98957964504
774, 89187.16156290626
773, 89187.16156290626
911, 89024.75152332243
316, 88816.74240843061
738, 88537.45666107311
292, 88533.71813488788
950, 88312.78784521135
578, 87885.30627525489
910, 87754.4588007414
1351, 87607.076797048
767, 87443.11461156417
1055, 87382.76694832696
32, 87209.15315242647
1158, 87098.93558139475
952, 86998.70942064641
1128, 86711.2214712398
784, 86558.42612175121
1220, 86350.78920440185
383, 86228.85188079733
1007, 86208.16244821364
378, 86051.15551715436
1233, 85283.00152614
951, 85157.14602540439
941, 85150.54224089059
35, 85141.45443584897
959, 85090.04777350597
1215, 85074.86221062193
893, 84962.02027578435
117, 84624.1859436291
301, 84531.16004424804
1242, 84460.81246451272
1241, 84460.81246451272
722, 84410.87769943387
760, 84384.30971090414
351, 84327.60680527652
627, 83914.08830193095
881, 83861.0311447081
721, 83840.48715273706
261, 83718.28310987283
542, 83583.02088091336
539, 83583.02088091336
1420, 83447.74127016902
823, 83254.90731363415
1339, 82878.05364144228
953, 82865.88711043273
297, 82865.88711043273
201, 82610.87594820959
1297, 82406.17225807649
1211, 82383.73773972408
91, 82337.47069388983
1295, 82310.42328187947
982, 82091.21282023113
924, 82088.07062088155
163, 82057.55720978137
916, 81830.77196332935
1269, 81825.7895063502
1251, 81806.90103776022
838, 81750.9941704984
822, 81649.74672597664
92, 81628.71097151603
933, 81545.89200254231
1107, 81527.92772513903
263, 81311.55351555627
917, 81294.04472485954
1070, 81212.9373452125
1071, 81212.93651713958
626, 81103.2697462601
439, 80982.97749301611
1118, 80929.92249097301
595, 80929.92249097301
34, 80849.83048723543
1296, 80849.02577103072
8, 80650.66527766194
1392, 80585.88498632275
339, 80549.74119811288
115, 80492.47707724007
1268, 80455.2076587816
943, 80262.59109583299
1194, 79919.79491354094
262, 79919.69498686686
906, 79857.49117279734
937, 79830.39068504395
121, 79767.53691043032
1072, 79708.54974886985
436, 79493.32201272214
735, 79473.85524509984
803, 79267.58769989271
1349, 79208.43090188122
1293, 79207.42899401653
1292, 79179.26355834119
1352, 79054.14112727827
524, 79015.14362884717
913, 78770.25429919406
944, 78716.88369474756
1332, 78663.66365863073
1213, 78628.72544940657
848, 78355.44904897492
443, 78330.34446305965
945, 78220.16916893263
33, 77920.94657681126
284, 77917.77502826703
895, 77836.56133946593
688, 77630.30182631961
686, 77456.7650372322
1114, 77447.46089751732
1336, 77143.44949508796
76, 77071.37575008429
1230, 76876.60860992677
882, 76821.18571011885
462, 76807.62915452557
1291, 76763.4399508697
389, 76658.6430551565
687, 76654.62079885222
499, 76634.41257898953
87, 76470.01668459024
973, 76254.40964964894
804, 76188.98195434296
974, 76152.39101547361
387, 76149.68715253852
785, 76141.86127662189
1364, 76029.05087755094
629, 75984.18206510761
1394, 75944.27788529517
1104, 75907.58931734243
1375, 75641.6350184006
162, 75573.0861800472
388, 75490.93487379815
625, 75433.29054922609
52, 75356.57992676689
805, 75352.25052725054
918, 75344.36696404095
550, 75195.04521902927
608, 75078.63702148144
678, 74738.5436573883
912, 74574.27305582179
1265, 74521.60463462154
1126, 74463.73938364697
1252, 74439.6421857045
1068, 74398.17201657526
283, 74378.00585572014
965, 74280.2800005912
1267, 74274.79502960999
964, 74267.46508218591
963, 74267.46508218591
407, 74264.2139165462
324, 74246.05697282586
962, 74229.02006607369
810, 74151.94675456673
1141, 74131.94099419648
1138, 74131.94099419648
521, 74017.1984691094
1276, 73987.8652742725
294, 73945.4552166381
1140, 73865.30650941248
954, 73800.21641971498
615, 73752.26227568863
406, 73735.03540491604
1139, 73732.53156660454
394, 73725.75204345003
914, 73574.17863301029
1338, 73524.17697445273
1337, 73524.17697445273
1218, 73457.98614287369
1219, 73428.26666292218
243, 73217.80430761857
650, 73148.81404874702
329, 73129.76817325824
646, 73085.29679119433
400, 72855.14103806083
1212, 72709.33594352886
505, 72694.76090142214
1393, 72658.46881813169
1355, 72647.24110265703
392, 72646.16757031849
1359, 72628.41294329913
879, 72596.22232878389
878, 72596.22232878389
77, 72592.07586537898
23, 72421.42200349913
171, 72401.29872541288
308, 72350.73750815462
341, 72234.63634760374
24, 72147.54626624694
1261, 72088.7516942476
60, 72056.12797522671
843, 71906.43228894896
25, 71767.18832702636
1391, 71600.11749391568
95, 71560.10316423039
355, 71515.1318842724
1208, 71282.46650404885
333, 71268.27156223686
603, 71251.6076333755
684, 71236.2858017597
79, 71207.8482845568
1209, 71133.97692456034
1239, 71125.88748425714
321, 70971.28162423731
84, 70963.20087377049
1206, 70888.26108208827
1266, 70836.24610200533
323, 70735.24531709358
1092, 70673.76221165847
859, 70661.17058926856
376, 70599.7073973792
685, 70594.55212122419
975, 70568.96283891967
506, 70553.44391947948
716, 70537.04173649866
976, 70526.37028102821
635, 70524.8049454612
634, 70524.8049454612
1186, 70443.3611645457
925, 70442.93212134852
1047, 70365.3008679731
682, 70297.57745890185
317, 70287.46406480922
736, 70243.44249960258
884, 70235.25646709521
725, 70183.04739523317
447, 70177.04639230456
319, 70103.36961081304
1131, 70062.21962030503
610, 69973.5703573849
683, 69960.11673592153
988, 69953.7073526713
100, 69905.5419847812
1257, 69884.01717769967
714, 69835.62852325497
1341, 69743.03262004448
101, 69740.246509775
543, 69737.77342126223
472, 69702.0945840439
1006, 69695.89919425733
681, 69541.1939032121
979, 69503.55468237844
561, 69415.26140464949
1353, 69363.75371195155
818, 69282.08173255516
1289, 69251.732750681
82, 69251.732750681
779, 69207.7833289832
723, 69098.21374928014
737, 69009.16463355326
1207, 68999.06777306268
529, 68889.2316520203
671, 68806.1221868411
75, 68763.29257735908
1205, 68659.37650121676
508, 68655.68659575668
842, 68572.99082680052
1095, 68499.09425327255
507, 68384.95760349015
1014, 68351.28412560174
724, 68277.76994252231
907, 68199.10334957567
197, 68193.48816877785
372, 68177.98776772566
1254, 68138.28642530143
675, 68021.12331596829
385, 67672.1623337214
957, 67666.50747132141
841, 67607.87646322683
1210, 67573.12437212272
998, 67329.00686759091
404, 67317.1608770842
1244, 67195.52071670655
715, 67183.73446148311
616, 67183.00584773382
677, 67175.39241488298
57, 66926.94269852474
797, 66922.75359854873
1327, 66911.50210231713
894, 66887.64711011776
229, 66790.02714595031
230, 66767.56032798895
1153, 66674.09660584261
1226, 66619.61474157272
489, 66589.28504399987
1045, 66400.80335329664
111, 66356.12012026685
143, 66350.00713038819
649, 66126.19025455198
585, 66049.07565155595
1053, 66041.79985276244
1033, 66015.67430956104
1335, 65974.86550298438
523, 65829.89991580082
926, 65808.73208673077
991, 65779.43136595906
375, 65482.25485748759
118, 65416.73698681237
652, 65337.07605989518
49, 65205.88824186122
9, 65183.86055082682
1345, 65104.6698126438
931, 64974.35334669803
648, 64968.71060009793
393, 64747.42560142271
764, 64736.39558726751
602, 64519.88128789742
1365, 64510.4240424943
373, 64504.074295222425
448, 64181.28858313179
130, 64083.48880553943
1402, 64058.479829168755
300, 64015.273114791016
1142, 63937.654650744014
1073, 63866.229163792195
1361, 63788.050473764546
1331, 63776.55855240811
935, 63767.60765460272
1229, 63275.67633515977
303, 63137.419074807025
1366, 62970.020370474485
1243, 62893.18763224688
181, 62667.21755548615
946, 62655.289304579775
551, 62608.90371181215
1377, 62602.76622190435
573, 62530.53684640886
541, 62511.89312198373
1167, 62412.32951034361
590, 62395.633459326986
1038, 62273.14964108515
1042, 62178.78368232247
1203, 62176.032760058384
1041, 62003.25903057314
994, 61942.36255120342
1069, 61807.103183084015
126, 61618.48612664669
651, 61595.755015742645
1259, 61492.25342102511
1260, 61344.76469981497
614, 61306.38268622519
639, 61137.223284126885
789, 61054.42361390243
147, 61010.62448638527
1202, 60946.22695473958
1357, 60850.37387672831
1320, 60838.18747787253
928, 60822.131798059956
680, 60799.1643481941
888, 60610.28603408352
631, 60572.54387330473
997, 60350.40005707761
873, 60350.40005707761
50, 60253.82204379671
196, 60250.12960327091
1358, 60198.05540286956
1294, 60185.07080867095
837, 60134.25946935297
312, 60123.623222821654
182, 59947.77273875006
572, 59819.60889660506
199, 59808.127653014744
58, 59722.663580554625
1099, 59563.7500640109
97, 59447.43013677985
532, 59395.31545758234
851, 59282.350328433575
989, 59259.56940157329
403, 59259.56940157329
1325, 59154.05723053663
453, 59137.98443108093
452, 59137.98443108093
127, 59117.73142205584
1143, 58991.33445520028
1165, 58837.18746145621
628, 58723.4011266232
936, 58703.598484295726
128, 58657.51051832378
718, 58500.761230144424
1231, 58386.34917613053
844, 58331.60468972254
293, 58240.026392747146
1238, 58220.26558561377
849, 58126.48014073508
1089, 58075.25372924862
1164, 58043.483004212314
200, 58043.483004212314
549, 58033.14290330118
188, 57978.573758448816
1333, 57877.19218976017
202, 57731.445843519425
245, 57622.101013010506
1258, 57583.97725270444
138, 57405.10337052019
708, 57375.67978045586
402, 57349.430356786404
1161, 57323.373762409654
232, 57313.50726744866
1091, 57037.021396666096
1090, 57037.021396666096
591, 57010.69905577636
357, 56787.06000517153
214, 56683.71928363861
679, 56631.95937732016
298, 56611.96085099729
875, 56453.47360128211
567, 56369.35035358262
744, 56335.00441451817
1134, 56333.26468522102
144, 56308.633222753204
1309, 56048.49979394958
1319, 55879.59128664783
493, 55869.26560642006
1048, 55832.19830442366
731, 55730.09449378718
457, 55711.21688727015
533, 55359.588807867374
59, 55284.27745884434
763, 55258.90257635522
666, 55241.0075092925
405, 55187.557221309115
1163, 55130.20557762753
657, 54939.57186263731
732, 54862.2295342152
630, 54862.120120279775
726, 54847.693142520526
