117, 99902.67766468016
1242, 99869.01233064612
1241, 99869.01233064612
351, 99682.82559360545
951, 99169.96052762098
881, 99031.51838651711
1007, 97781.67867930156
383, 97755.07483547217
953, 97646.73725933798
297, 97646.73725933798
784, 97334.92970162867
1128, 97142.44189809459
1297, 97009.02774321423
1211, 96977.93918228419
91, 96913.83424439079
1158, 96660.40411795628
163, 96526.27416775771
32, 96525.02102543648
1269, 96205.72799032864
1251, 96179.61836844747
1351, 96042.18416202365
92, 95933.40958675413
910, 95865.67744036578
933, 95819.04106868128
917, 95471.50328899249
626, 95208.49237707136
1118, 94969.69463755796
595, 94969.69463755796
34, 94859.42233627198
1296, 94858.31457871427
316, 94629.26024014632
1392, 94496.2846023073
339, 94446.5897328507
1268, 94316.6499142464
774, 94212.3624504002
773, 94212.3624504002
1093, 94139.01868245419
510, 94139.01868245419
660, 94064.95638066877
96, 93957.43886272247
1146, 93587.18511982172
1130, 93506.77299228599
821, 93107.30761090477
1380, 93103.22279274727
658, 92949.89863617579
1352, 92396.98191214944
524, 92343.71384812379
1311, 92332.2814655219
1298, 92039.16130796137
913, 92009.41346058225
511, 91893.16437503276
1196, 91766.06326434165
1197, 91632.04439686514
443, 91409.76565806683
1386, 91236.8448519754
1387, 91067.59705255325
586, 90997.56624033848
33, 90852.71862815737
284, 90848.40705415019
895, 90738.02062849906
688, 90457.842262903
1195, 90256.60731019228
1198, 90244.16026864445
686, 90222.30421759792
1374, 90213.28613157448
1336, 89797.48747049017
1116, 89452.75116203233
1230, 89436.13062312106
1340, 89430.93846194408
882, 89361.12813565836
389, 89141.26488190176
687, 89135.8261035517
282, 88942.18338212898
766, 88749.57161741176
1096, 88682.42894694468
973, 88595.1364543709
804, 88506.83026228903
387, 88453.80679488312
785, 88443.24780056825
1364, 88291.07831198882
599, 88189.31500102064
1394, 88176.77628686065
883, 87975.57306223843
587, 87724.80637683257
162, 87676.77075309957
388, 87566.21696063623
625, 87488.66601807211
805, 87379.6720473599
918, 87369.0711246819
550, 87168.34700020368
995, 87056.08638324594
758, 87048.51901187854
608, 87011.9545819998
198, 86959.24964904126
1097, 86830.21705642359
747, 86397.52647348713
912, 86335.23979496006
1265, 86264.65680164963
669, 86259.85062062301
1126, 86187.1274580827
327, 86160.93591946621
283, 86072.29435272294
746, 86054.13477782205
965, 85941.44925087596
1267, 85934.10702769576
964, 85924.29537098741
963, 85924.29537098741
962, 85872.83895667513
990, 85809.62315199085
896, 85772.8558798835
1141, 85742.94147959024
1138, 85742.94147959024
521, 85589.47796355902
1140, 85386.44295066186
954, 85299.47644550008
887, 85278.23981846364
1139, 85209.06843906833
880, 85030.49948116868
914, 84997.6541667035
1338, 84930.9271634294
1337, 84930.9271634294
707, 84851.46953840822
1218, 84842.61743056937
966, 84829.40477431245
1219, 84802.97465481376
1372, 84646.08183366864
806, 84565.83488468616
646, 84345.84702696987
400, 84039.45423480873
1127, 83898.93237925031
505, 83826.1252440775
1129, 83815.69678944453
1393, 83777.87147305133
879, 83695.12602937815
878, 83695.12602937815
77, 83689.61482729705
548, 83584.63554780853
547, 83558.69643915376
23, 83462.87658540551
308, 83369.00975721731
24, 83099.33354428767
340, 83014.78341572908
522, 82865.90586549278
1237, 82614.08727936525
1024, 82614.08272455238
1023, 82614.08272455238
25, 82595.14029745245
1391, 82373.93004409282
280, 82079.34320949626
839, 82006.76408994955
333, 81935.00957775285
684, 81892.73550659807
175, 81701.3803748813
1054, 81635.11031653134
321, 81542.71029624614
84, 81532.04312371892
1266, 81364.5011659242
1022, 81251.04813373751
1098, 81153.66194860546
1092, 81150.2016798912
431, 81105.9830911044
1064, 81075.72503973186
685, 81045.78469561775
975, 81012.05959230979
506, 80991.60837218243
976, 80955.933240794
635, 80953.8707105335
634, 80953.8707105335
1186, 80846.57676453561
682, 80654.61293582544
344, 80597.09778659136
664, 80519.52405679093
725, 80503.88527002107
1049, 80422.81173362718
1156, 80273.7574578753
683, 80210.70399975586
1341, 79925.47462761147
1050, 79904.41818770894
1006, 79863.57971560753
624, 79732.36824547188
1021, 79695.81300142176
681, 79660.50883698677
818, 79320.68466149115
1151, 79146.05014856224
529, 78806.16588320387
508, 78500.69030385716
842, 78392.59614992887
507, 78146.95110775939
755, 78114.46287688975
724, 78007.00831227838
1275, 77977.25351058858
372, 77876.7902812599
675, 77672.18815583466
1154, 77670.19217507415
66, 77643.76169188406
559, 77582.16695121485
296, 77540.57002159627
265, 77510.12375212657
440, 77477.33429154087
377, 77349.31579877678
957, 77210.14717643967
336, 77143.08347518225
841, 77133.82064465659
1210, 77088.58877016304
996, 76985.60199717924
404, 76755.63907019846
911, 76572.4603963708
738, 76211.67567917686
292, 76208.90560169639
229, 76071.0763424165
950, 76045.14847827573
230, 76041.93314829146
578, 75727.96880251555
111, 75508.70824011728
143, 75500.79270517633
767, 75399.42520717255
1055, 75354.55205531116
952, 75068.77556118186
523, 74828.05667620068
991, 74762.8551350502
1220, 74585.87431427797
378, 74362.22037349705
1345, 73892.42509239615
1233, 73787.88374873156
941, 73688.70503036477
35, 73681.89902551826
959, 73643.39605883195
1215, 73632.02105892835
893, 73547.47780791628
764, 73418.38462911302
301, 73224.39168325489
722, 73134.11773449916
1365, 73127.87327473043
373, 73119.71390104936
760, 73114.17337206162
627, 72760.90441285384
721, 72705.56154714648
261, 72613.64423130361
130, 72579.74232857079
542, 72511.86352447288
539, 72511.86352447288
1420, 72410.02608622056
823, 72264.7866637033
1361, 72201.00333519743
1339, 71980.69002387661
201, 71779.06833507113
1295, 71552.1318129299
1229, 71545.25807008486
982, 71386.42210082492
924, 71384.04595117361
303, 71368.55175740916
916, 71189.39466240372
838, 71129.00892371459
1243, 71056.6464721158
822, 71052.35023412335
1107, 70960.0832443785
263, 70796.11099666696
1070, 70721.34045253748
1071, 70721.33982459609
551, 70693.98637889774
439, 70546.89428008255
1167, 70443.4659101371
8, 70294.57854108817
115, 70174.37666841518
1042, 70146.09143311936
1203, 70142.59038269654
943, 69999.58607544699
1041, 69922.78380048698
1194, 69738.70786401954
262, 69738.63177524786
906, 69691.26222213167
937, 69670.62167493041
121, 69622.74348252665
1072, 69577.80191188569
436, 69413.75090466645
735, 69398.90737915768
803, 69241.5705041591
1349, 69196.4277355049
1293, 69195.66310255477
1292, 69174.16689178962
944, 68820.99636342059
1332, 68780.31287299091
1213, 68753.60096978246
1202, 68581.40356366195
848, 68544.56541311489
1320, 68444.62906726052
945, 68441.01907388585
1114, 67848.71094276154
76, 67559.8981182518
462, 67357.14755721399
1291, 67323.16112514718
499, 67223.89712416702
87, 67097.36374899982
974, 66852.70244328954
629, 66723.03315933287
1104, 66663.96598630626
532, 66623.80429371702
1375, 66458.7532813344
52, 66238.60763550735
678, 65760.610621462
128, 65696.88916359832
1252, 65529.09560956913
1068, 65496.957186524705
407, 65393.11345986516
324, 65379.03483344654
810, 65306.04997830878
1276, 65178.74776928336
294, 65145.833097145354
615, 64995.83815619039
406, 64982.4586882172
394, 64975.248339919475
243, 64580.398663591455
650, 64526.71970350853
329, 64511.89865712602
1212, 64184.49646086959
1355, 64136.10386415807
392, 64135.26713909236
1359, 64121.428531704805
708, 64093.143163642686
171, 63944.33744896333
341, 63814.300780842845
1261, 63700.41830218911
60, 63674.94378884446
843, 63558.018206773224
95, 63287.28773080149
355, 63252.11080737051
298, 63141.60826091774
1208, 63070.03627302683
603, 63045.87708055946
79, 63011.61406247206
1209, 62953.762720280116
1239, 62947.42674666218
144, 62764.50651439949
1206, 62761.234270316505
323, 62641.26280291722
859, 62583.16343751756
376, 62534.94516284175
716, 62485.77366859478
925, 62411.91049572288
1047, 62350.96364474825
317, 62289.840040827105
736, 62255.2640118904
884, 62248.83388113526
447, 62203.10493607083
319, 62145.21322143928
1131, 62112.873501267815
610, 62043.1895224272
988, 62027.573188696726
100, 61989.70130801008
1257, 61972.774686485
714, 61934.718633082295
101, 61859.68640471321
543, 61857.740642019984
472, 61829.6677114376
979, 61673.39263905728
561, 61603.862764858066
533, 61587.642203619616
1353, 61563.291894565176
1289, 61475.0333684542
82, 61475.0333684542
779, 61440.397955163986
723, 61354.02747534673
737, 61283.81005752066
1207, 61275.84715417463
671, 61123.630207368806
75, 61089.8285173941
1205, 61007.79705200832
1095, 60881.21579606842
1014, 60764.4258654244
907, 60644.1239403622
197, 60639.6838906854
1254, 60596.03031886341
385, 60227.1066974032
998, 59955.15162420837
1244, 59849.28011243676
715, 59839.92990203299
616, 59839.35187021122
677, 59833.311816483794
57, 59636.12414484318
797, 59632.79800477427
1327, 59623.864106501365
894, 59604.921714470074
1153, 59435.28337924428
1226, 59391.98567333625
489, 59367.87879431739
1045, 59218.01495298053
649, 58999.50229184337
585, 58938.10617477645
1053, 58932.31262561501
1033, 58911.50833120698
1335, 58879.00791347267
926, 58746.65345540211
375, 58486.347932861485
118, 58434.07607258333
652, 58370.505456782805
49, 58265.77957785788
9, 58248.1907019755
129, 58121.187714242675
931, 58080.838191266106
648, 58076.32923141733
393, 57899.44107715896
602, 57717.41602136469
448, 57446.306608586776
1402, 57347.90008352675
300, 57313.26918876708
1142, 57251.04441366189
1073, 57193.770432141675
1331, 57121.84727435376
935, 57114.66676445754
1385, 56976.36414773105
318, 56774.3745336699
1366, 56473.98794355487
181, 56230.31649398685
946, 56220.71264133784
1377, 56178.419999812824
573, 56120.24756017089
541, 56105.22995122753
590, 56011.56152230451
1038, 55912.83975606013
994, 55646.02756435984
1069, 55536.84417711607
126, 55384.50870077809
651, 55366.143679463974
1259, 55282.50487078393
1260, 55163.271280214685
614, 55132.232821141224
639, 54995.39170098572
789, 54928.38335808823
147, 54892.93010556769
1357, 54763.171558353766
928, 54740.29622115188
680, 54721.6916276024
888, 54568.63899981225
593, 54556.29342423996
631, 54538.044222566954
997, 54357.89166775711
873, 54357.89166775711
50, 54279.52846394799
196, 54276.53193084867
1358, 54234.26818007626
1294, 54223.72867285155
837, 54182.48112204095
312, 54173.84597295044
182, 54031.03606626132
572, 53926.900842504685
199, 53917.56999851003
58, 53848.10197874952
1099, 53718.879822131894
97, 53624.250182863296
851, 53489.890676310126
989, 53471.34339366312
403, 53471.34339366312
1325, 53385.421606287375
453, 53372.33041065369
452, 53372.33041065369
127, 53355.83347228762
1143, 53252.852862571985
1165, 53127.20509337123
628, 53034.41496941182
936, 53018.262813633475
718, 52852.756480214804
1231, 52759.35235806318
844, 52714.64737825049
293, 52639.84541665072
1238, 52623.701647703645
849, 52547.068419376905
1089, 52505.20067080451
1164, 52479.2306482312
200, 52479.2306482312
549, 52470.77785622282
188, 52426.164066729485
1333, 52343.25675220301
202, 52224.02035899091
245, 52134.52665793268
1258, 52103.31651294798
138, 51956.828269502956
402, 51911.217335616275
1161, 51889.86720316482
232, 51881.782359681885
1091, 51655.11585546449
1090, 51655.11585546449
591, 51633.52566736454
357, 51450.0159007534
214, 51365.172507330695
679, 51322.666382084535
875, 51176.034908199996
567, 51106.89505351204
744, 51078.66101300854
1134, 51077.23078502469
672, 50977.480117238185
1309, 50843.01499496343
1319, 50703.985257634224
493, 50695.48359526496
1048, 50664.961785897845
731, 50580.86847633153
457, 50565.317648005104
59, 50213.35710478179
763, 50192.42284717681
666, 50177.65837131471
405, 50133.553539847664
