672, 95162.3417332288
27, 91136.59395444288
28, 85555.09122399753
593, 84780.4464771437
491, 80842.21524210235
318, 79927.8514762039
1385, 79530.91949534672
487, 77727.93017876179
129, 77402.77132361045
533, 72005.43786838342
144, 70460.78300234584
298, 69991.51424581998
320, 69615.78565662005
708, 68858.33292522132
128, 67098.59047088919
532, 66158.51038460879
1320, 64455.77598087051
1202, 64334.947817121654
1041, 63197.6487114534
1203, 63019.158787348584
1042, 63016.333004288375
1167, 62778.25358418373
551, 62580.61620180726
1243, 62299.14464901766
303, 62061.343253901156
1229, 61928.336128036746
1361, 61445.28946943013
130, 61173.62416838821
373, 60795.221104835626
1365, 60789.5816386972
764, 60590.28156095232
1345, 60271.184089051654
991, 59704.210592618445
523, 59662.694608160746
1187, 59538.84508398871
143, 59241.81303264956
111, 59236.940523320445
230, 58912.85255363571
229, 58895.371980820055
404, 58491.48743932594
1253, 58447.97272450358
1210, 58299.60443295673
841, 58273.761112998654
957, 58230.272237848454
675, 57970.19988082728
372, 57856.75225642545
724, 57785.08854561444
507, 57708.53580864762
1157, 57699.02086392228
842, 57575.307278338994
508, 57517.138864387765
529, 57354.24464916506
818, 57084.75611539237
681, 56910.03967224686
1006, 56806.84782694627
1341, 56775.5738453011
683, 56632.518496096985
725, 56487.272711908845
682, 56413.29872537133
1186, 56319.76442943266
635, 56267.813080445274
634, 56267.813080445274
976, 56266.81669721782
506, 56249.59608338307
975, 56239.73573622048
685, 56223.49393145541
1092, 56173.35220499738
1266, 56071.125074174044
84, 55991.83400797218
321, 55986.80426001384
684, 55822.984030038744
333, 55803.357995056314
1391, 55601.57990712004
25, 55501.24528230934
24, 55275.881877152824
308, 55157.20165199936
23, 55116.19110395071
77, 55017.757827423105
879, 55015.37626716804
878, 55015.37626716804
1393, 54979.68179956133
505, 54958.92009735079
400, 54867.605236998395
646, 54737.78725323636
1219, 54546.96872668535
1218, 54530.57983262413
1338, 54494.16161065215
1337, 54494.16161065215
914, 54466.726288494814
1139, 54380.2665037355
954, 54343.50750212374
1140, 54308.26795259329
521, 54226.451851677426
1141, 54165.03089562099
1138, 54165.03089562099
962, 54113.32147117273
964, 54092.908217044875
963, 54092.908217044875
1267, 54089.02036039286
965, 54086.1119598391
283, 54034.41706570996
1126, 53989.25860213339
1265, 53958.88046797338
912, 53931.301189332225
608, 53670.55639987977
550, 53611.227020570506
918, 53535.58183064917
805, 53531.60233249098
625, 53490.77702925964
388, 53461.82883914823
162, 53420.703837472014
1394, 53236.7718065086
1364, 53195.19348123753
785, 53140.10752415291
387, 53136.29638281728
804, 53117.18020326015
973, 53085.42500713186
687, 52893.177447218055
389, 52891.262512977024
882, 52814.16159669311
1230, 52787.9978700488
1336, 52662.9146123597
686, 52517.89200585334
688, 52438.412026532824
895, 52344.715940138485
284, 52308.051045680884
33, 52306.62180354258
443, 52123.74709744849
913, 51930.75848506176
524, 51824.86721802543
1352, 51808.10476036092
1268, 51223.52052038161
339, 51185.27486811353
1392, 51170.69086125088
1296, 51065.15493426701
34, 51064.83391180601
1118, 51032.93518183614
595, 51032.93518183614
626, 50964.24642817135
917, 50889.20249814059
933, 50791.00760214851
92, 50758.93131506083
1251, 50690.273857532266
1269, 50683.02442916267
163, 50594.51081932404
91, 50488.6817087281
1211, 50471.300847734215
1297, 50462.88433693745
953, 50292.030690824686
297, 50292.030690824686
881, 49932.42069540498
351, 49768.46407224726
1242, 49722.1831427179
1241, 49722.1831427179
117, 49665.73640244597
951, 49483.97546990703
1007, 49135.876047534235
383, 49129.15734200242
784, 49022.80946666678
1128, 48973.93425270236
1158, 48851.11599324176
32, 48816.51272174662
1351, 48692.710286575966
910, 48647.29952760386
316, 48326.87635984511
774, 48217.90977030396
773, 48217.90977030396
1093, 48198.69083704603
510, 48198.69083704603
660, 48179.26878441327
96, 48151.04689147894
1146, 48053.61890296468
1130, 48032.40978663911
821, 47926.785209053916
1380, 47925.702850796835
658, 47885.04304291891
1311, 47720.59730298783
1298, 47642.179087647455
511, 47603.03068076564
1196, 47568.90025137206
1197, 47532.86284313391
1386, 47426.29847755224
1387, 47380.525622741945
586, 47361.56199592325
1195, 47160.057057681464
1198, 47156.65857256275
1374, 47148.2269024571
1116, 46939.65287776017
1340, 46933.6459542138
282, 46798.68329191427
766, 46745.30307031555
1096, 46726.669435841744
599, 46589.408876892456
883, 46529.68761060239
587, 46459.446804358675
995, 46271.20866191677
758, 46269.070768043304
198, 46243.83770861428
1097, 46207.32219424871
747, 46084.50167068709
669, 46045.30149788675
327, 46017.10167916844
746, 45986.61960656315
990, 45916.70081096993
896, 45906.1710796284
887, 45764.1096421409
880, 45692.66736392337
707, 45640.919494824964
966, 45634.53477986425
1372, 45581.42859591175
806, 45558.14871635488
1127, 45363.88696432888
1129, 45339.54169113175
548, 45271.84295047609
547, 45264.23232636568
1160, 45157.66491580902
340, 45104.14609283004
522, 45060.16083973959
1237, 44985.59772824267
1024, 44985.59637769685
1023, 44985.59637769685
280, 44826.57213638665
839, 44804.915582978865
175, 44713.60268388862
1054, 44693.74642626298
1022, 44578.383393263946
1098, 44549.05265136917
431, 44534.68116635629
1064, 44525.55675349355
344, 44380.815670602315
664, 44357.2839168114
1049, 44327.91799466052
1156, 44282.596731296195
1050, 44169.97005033845
624, 44117.34584444973
1021, 44106.151773302445
1151, 43937.24671858141
755, 43617.4760329654
1275, 43574.662709862736
1154, 43478.609363567026
66, 43470.32588608279
559, 43451.01207629188
296, 43437.96119888906
265, 43428.40489441168
440, 43418.109429585405
377, 43377.876583011974
336, 43312.940032108156
996, 43263.2510850137
911, 43132.471392797604
738, 43017.760104746885
292, 43016.87753028333
950, 42964.65316661569
578, 42863.22147954333
767, 42757.76616333963
1055, 42743.33197296071
952, 42651.23239553174
1220, 42494.913691583315
378, 42422.219792748794
1233, 42234.68074207257
941, 42202.16927979873
35, 42199.936853678635
959, 42187.304241853715
1215, 42183.57108712823
893, 42155.80944098889
301, 42049.46552138207
722, 42019.680366331304
760, 42013.09566646425
627, 41896.20893201511
721, 41877.8539033975
261, 41847.34238875324
542, 41813.51856054318
539, 41813.51856054318
1420, 41779.63562277898
823, 41731.24234413965
1339, 41636.34429781894
201, 41568.80391077955
1295, 41492.592132436104
982, 41436.81365069126
924, 41436.01304010663
916, 41370.35196329453
838, 41349.95166359301
822, 41324.03292325298
1107, 41292.80587883488
263, 41237.22688517977
923, 41222.980149047995
1070, 41211.8474360339
1071, 41211.84722279703
439, 41152.54782105237
8, 41066.56143828944
115, 41025.50765903454
943, 40965.70528565359
1194, 40876.21836026866
262, 40876.19221973813
906, 40859.913681190905
937, 40852.81769680214
121, 40836.351023411575
1072, 40820.885815528745
436, 40764.36274243385
735, 40759.2430286265
803, 40704.91999777372
1349, 40689.31495761588
1293, 40689.05056556525
1292, 40681.61669733921
944, 40559.20941764698
1332, 40545.07556047317
1213, 40535.79184094875
848, 40463.03918551488
945, 40426.933586438594
1114, 40219.538952648596
76, 40117.8764232115
462, 40046.29675370939
1291, 40034.28097888006
499, 39999.1583935055
87, 39954.32613544017
974, 39867.44548101755
629, 39821.29500843429
1104, 39800.24848240077
1375, 39727.01113882701
52, 39648.24191934104
678, 39476.48644894407
1252, 39392.93845724282
1068, 39381.321886755235
407, 39343.75603555288
324, 39338.65938170136
810, 39312.22385323393
1276, 39266.05794050179
294, 39254.109827674125
615, 39199.60045371517
406, 39194.73339582935
394, 39192.1101528558
243, 39048.103779735524
650, 39028.47265018829
329, 39023.05011695598
1212, 38903.01285669664
1355, 38885.2294845319
392, 38884.92191083348
1359, 38879.83448689086
171, 38814.65490820211
341, 38766.70361440151
1261, 38724.64616376095
60, 38715.23020937655
843, 38671.97396501802
95, 38571.578506164195
355, 38558.50915604007
1208, 38490.77184417082
603, 38481.77242814417
79, 38469.00467912404
1209, 38447.43471314458
1239, 38445.071397519925
1206, 38375.53889982387
323, 38330.651269779846
898, 38318.13541051949
859, 38308.88925349514
376, 38290.816448279336
716, 38272.37523359107
925, 38244.652537348935
1047, 38221.758519966716
317, 38198.780704772
736, 38185.77502883952
884, 38183.35573729173
447, 38166.14496779447
319, 38144.342528000976
1131, 38132.15632376707
610, 38105.88145353715
988, 38099.990073344066
100, 38085.697865637376
1257, 38079.307867043695
714, 38064.93634413008
101, 38036.581155296444
543, 38035.845485961414
472, 38025.229466550394
979, 37966.064804939706
561, 37939.704211394506
1353, 37924.31217085873
1289, 37890.80115726142
82, 37890.80115726142
779, 37877.64029679704
723, 37844.79620009904
737, 37818.068503337956
1207, 37815.03600742179
671, 37757.009470818
75, 37744.1089532497
1205, 37712.77869820346
1095, 37664.37038107129
1014, 37619.63841221336
907, 37573.492776137515
197, 37571.788320865664
1254, 37555.02544191677
385, 37412.991941736174
998, 37307.86802559027
1244, 37266.84603327778
715, 37263.22047907809
616, 37262.99633258386
677, 37260.654050877434
57, 37184.0882344718
797, 37182.79509577802
1327, 37179.32150070024
894, 37171.95519996701
1153, 37105.90775710229
1226, 37089.02741636896
489, 37079.624937012675
1045, 37021.10872069984
649, 36935.58849138429
585, 36911.51698340884
1053, 36909.244545183705
1033, 36901.082976628844
1335, 36888.32868308858
926, 36836.33383212376
375, 36733.81864131053
118, 36713.191668777996
652, 36688.08760678111
49, 36646.686991881325
9, 36639.72827694739
931, 36573.440267878264
648, 36571.65232050891
393, 36501.42927297075
602, 36429.001179088285
448, 36320.81334314507
1402, 36281.450680030655
300, 36267.58649613904
1142, 36242.65987234986
1073, 36219.698907566715
1331, 36190.841235812135
935, 36187.958743492534
1366, 35929.69592168993
181, 35830.90954956344
946, 35827.00970760214
1377, 35809.83015826873
573, 35786.18480317372
541, 35780.07770999695
590, 35741.95955712298
1038, 35701.7349910989
994, 35592.7639775661
1069, 35548.062811444615
126, 35485.588784013205
651, 35478.048797032505
1259, 35443.68711056939
1260, 35394.637308715195
614, 35381.85637331595
639, 35325.44677360737
789, 35297.78749119528
147, 35283.14356237089
1357, 35229.48925561627
928, 35220.02104897673
680, 35212.31844160709
888, 35148.881201473676
631, 35136.18509003558
997, 35061.323134171056
873, 35061.323134171056
50, 35028.70449111217
196, 35027.45652267609
1358, 35009.84969915085
1294, 35005.45748863523
837, 34988.26225700181
312, 34984.661271856596
182, 34925.0483976906
572, 34881.50912403854
199, 34877.60496881865
58, 34848.523573111976
1099, 34794.35681637259
97, 34754.6321267363
851, 34698.14436029722
989, 34690.338832474445
403, 34690.338832474445
1325, 34654.154265747165
453, 34648.63753311657
452, 34648.63753311657
127, 34641.68424159163
1143, 34598.244849567505
1165, 34545.164195769314
628, 34505.90804390123
936, 34499.06974525457
718, 34428.915781750155
1231, 34389.25647874169
844, 34370.257480028304
293, 34338.44258787036
1238, 34331.57216893269
849, 34298.93882252748
1089, 34281.095974585354
1164, 34270.02332278839
200, 34270.02332278839
549, 34266.41854634854
188, 34247.38587837241
1333, 34211.98697970869
202, 34161.00851292185
245, 34122.69334626687
1258, 34109.320576882266
138, 34046.48001517172
402, 34026.88888093218
1161, 34017.71434356584
232, 34014.23946153977
1091, 33916.66570286529
1090, 33916.66570286529
591, 33907.35637369266
357, 33828.121985730366
214, 33791.42350027298
679, 33773.02213835133
875, 33709.463713931145
567, 33679.4514204805
744, 33667.187597289405
