358, 99415.37223420023
795, 98361.5009609695
663, 98127.6371787374
662, 97732.99391062857
251, 97724.56472635598
242, 97585.94570286044
246, 97547.74763207512
55, 96923.90119763592
697, 96529.61238921061
20, 96446.49116700944
1192, 96412.0056014213
473, 96369.62620821502
11, 96330.2607202167
513, 96274.73806610917
695, 96081.76781949446
46, 95930.3180252226
176, 95804.00444070598
961, 95465.96094785361
791, 95193.8467443698
39, 95159.61241951202
435, 94938.6662309229
813, 94931.91744070617
189, 94521.35657057949
41, 94335.09450299063
656, 93856.78078637645
812, 93826.39108299189
1312, 93771.14551937763
179, 93660.67059698529
694, 93460.13040294839
691, 93409.73064543252
40, 93198.88165024866
470, 93163.86138481784
1103, 92925.37919434812
382, 92581.24047582966
606, 92386.94640545546
1381, 92254.73106978791
986, 91988.57477187472
987, 91648.50075665675
985, 91648.50075665675
428, 91040.23861425233
636, 90765.65440458289
1117, 90512.8364072288
480, 89970.24478548534
984, 89923.90025558746
412, 89579.78970427717
706, 89228.71072267077
1280, 89172.66283013977
693, 89101.88348944535
955, 89040.29344966564
219, 88954.14082216292
422, 88899.06890051093
413, 88899.06890051093
479, 88641.35470620642
352, 88611.67146640283
1100, 88559.34417933118
426, 88474.13497183839
414, 88474.13497183839
411, 88363.06579246174
811, 87643.98106323114
1246, 87621.40066505013
1144, 86807.35386418184
712, 86758.12508764367
1308, 86503.80632010906
1148, 86414.0319507734
754, 86186.91828302752
291, 86019.50442383527
396, 85748.47534301184
44, 85748.47534301184
3, 85525.75488293363
2, 85525.75488293363
416, 85322.25997621087
348, 84757.09636643648
425, 84746.42308587398
350, 84700.3238896761
609, 83663.29673365987
692, 83643.51789544625
239, 83569.03848132571
21, 83569.03848132571
633, 83321.35650664446
164, 83047.13515797691
799, 82994.31293814616
798, 82994.31293814616
845, 82973.13754517112
364, 82889.3897638109
1318, 82874.67189382671
1020, 82735.26819451405
1389, 82668.23134344256
363, 82657.72685570727
15, 82451.07123912837
751, 82041.38977284289
653, 81948.09060819536
750, 81870.43106126995
1084, 81262.94810678143
1082, 81262.94810678143
1299, 81109.94168562553
4, 81028.24869719103
137, 80856.4125120641
112, 80843.27512708672
65, 80686.61648768261
62, 80686.61648768261
1419, 80035.75345870433
1379, 79982.86994281683
136, 79902.14829292035
102, 79899.44770318651
612, 79755.04972129762
135, 79152.5572078713
1236, 79044.24085528946
461, 78184.80303582444
544, 77666.87378982115
698, 77459.95172123935
1286, 77420.6926465224
1149, 77299.0025015542
217, 77248.78159912505
156, 77152.9578454258
1193, 77072.3296798303
1285, 77038.37902177124
1362, 76812.21292677472
272, 76082.42497626571
613, 75813.38397547149
1348, 75660.21274154984
1255, 75639.74372884171
1413, 75519.69381784531
177, 75220.83374412415
643, 75187.41896159828
108, 74950.87485410625
512, 74794.9859293003
915, 74629.4694466064
1262, 72996.54930121881
427, 72869.44394586678
421, 72763.14734802846
575, 72611.39538922714
775, 72432.41305048042
908, 71146.95371585361
459, 70846.9923885398
705, 70752.8145115071
703, 70752.8145115071
696, 70591.32322860463
518, 70432.35275228166
1036, 69948.14635902796
285, 69831.5330325328
169, 69190.92757768709
1067, 69158.88892613296
158, 68857.82377218427
157, 68857.82377218427
218, 68638.14439642418
170, 68623.73500680715
53, 68623.73500680715
88, 68532.80076275437
1240, 67873.6386078926
1152, 67707.46027677947
210, 67523.3201507926
146, 67523.3201507926
159, 67168.23408813383
160, 67160.98763641121
161, 67156.02336213486
216, 67127.58990323743
782, 66980.06755018546
594, 66781.27547290782
704, 66547.48771674909
702, 66547.48771674909
1173, 66437.92378341101
305, 66404.59787905897
1170, 66147.92082363639
620, 66082.0328588041
604, 65401.30372396884
180, 65349.26301151004
330, 65135.1746435178
1043, 65116.46587005036
249, 64887.065227962805
209, 64658.630817285935
460, 64578.628507328154
1264, 64522.77451243037
1263, 64522.77451243037
192, 64380.40955024109
191, 64380.40955024109
749, 64372.274395975815
905, 64218.68291643761
899, 64218.68291643761
619, 64215.746751255145
194, 64214.53053527674
699, 63547.404606696735
1058, 63465.74880501489
444, 63209.022445496645
366, 63198.356592534314
1401, 63124.708125108744
759, 63116.033584835815
556, 63052.19398565319
172, 63034.77189975696
397, 62942.4118737396
835, 62930.578627862924
600, 62883.41465547355
1002, 62835.87269787725
545, 62825.425234212926
398, 62806.76533294999
1403, 62693.31025110951
228, 62669.69407768393
500, 62390.84511205235
504, 62297.85887767922
61, 62250.98399757625
250, 62107.134713482505
645, 62024.25872695596
644, 62024.25872695596
63, 62024.25872695596
64, 61910.97063282634
868, 61547.760952536366
309, 60960.14715502155
270, 60308.01772010112
268, 60308.01772010112
1044, 59880.21775039086
1398, 59857.679575414346
834, 59842.60846709048
1382, 59828.7705644926
659, 59690.56509032096
1028, 59496.879865410636
424, 59348.140178563255
423, 59336.05044141556
471, 59240.4662731264
418, 59221.162393544466
1136, 59192.43675134943
1313, 59172.87904871034
1057, 58188.891561797565
558, 58090.39907101347
134, 57986.597182559715
1414, 57940.33977848941
238, 57903.27825263632
1076, 57883.33716822854
1075, 57741.978958325926
840, 57707.4959934464
546, 57172.12731244771
399, 56858.74126375743
701, 55530.44425672505
43, 55276.762493422684
45, 55260.46767240702
745, 55080.00197869758
830, 54686.19055781713
920, 54027.21310563473
1302, 53995.27536889798
93, 53859.90517981137
142, 53819.60753398155
19, 53617.2200591877
1334, 53326.29596935709
1199, 53303.81627026935
5, 53244.85424469979
503, 53226.32773617191
919, 53161.61161862696
369, 52915.272136349464
1003, 52797.11185865602
1373, 52773.26761143597
1147, 52760.5428711005
464, 52760.5428711005
1004, 52736.099110301206
145, 52717.64735409881
353, 52235.19397741011
1035, 52190.749819218276
661, 51964.71295379357
1029, 51936.17024373813
516, 51579.3425094069
269, 51489.26225123848
6, 51432.42635874812
1172, 51323.07650047005
74, 51237.08927938816
133, 50674.57702024527
932, 50468.03568026394
141, 50177.50619561651
690, 50168.767039783066
502, 50104.65301211756
765, 50092.51731173519
515, 50092.51731173519
514, 50092.51731173519
123, 50045.3427703622
1060, 50031.043122801246
739, 49991.653560717845
740, 49964.282705547106
1162, 49665.91119584885
829, 49665.91119584885
481, 49660.69522785185
828, 49582.45740559687
654, 49553.017283358306
1080, 49363.035002310266
1314, 49295.23826089484
274, 48561.85377206205
271, 48561.85377206205
1077, 48465.636516930135
1396, 48385.385536521084
1245, 48141.20107595053
227, 47794.97923088957
362, 47450.32206397078
1074, 47133.33974593675
256, 47004.8534164837
831, 46835.1120206731
796, 46494.132271537834
852, 46448.933442934154
273, 46325.314524102534
794, 46238.02646334816
1190, 46066.49914940111
674, 46052.3696741616
1188, 46050.3044982499
139, 46018.27822379797
1404, 45998.71199004609
1228, 45988.507152623504
865, 45988.507152623504
1317, 45923.59962115343
815, 45907.15484269711
501, 45753.57026025344
1344, 45520.334031490274
1039, 45270.37879420807
1061, 45185.40764432361
700, 45022.57082174543
866, 44952.05726871237
302, 44929.50433768544
673, 44900.16382573107
992, 44896.38336560774
860, 44823.82590966016
562, 44814.917200402575
1085, 44802.502965464446
564, 44759.83220051637
451, 44681.636737483925
1234, 44680.68551579045
1086, 44675.49099493765
1399, 44613.334846505684
1288, 44258.194164969515
1397, 44227.30521356767
1109, 44203.073062143
1081, 44191.36943566852
1110, 44044.461942573646
1108, 44044.461942573646
607, 43957.92487578855
1101, 43644.466565497845
151, 43605.64648471171
401, 43565.22725621603
1395, 43553.468739776195
861, 43536.71974410024
124, 43486.06151934239
149, 43485.660328252205
264, 43110.981220364745
1056, 43099.61023646989
922, 42980.18514726428
1106, 42829.98513502008
1105, 42829.98513502008
1102, 42829.98454393675
409, 42733.91969063635
391, 42721.19453369765
155, 42686.09680712716
1400, 42630.019618702136
1088, 42617.642225713644
1232, 42605.63933044443
437, 42576.17682463789
1018, 42555.20583429421
154, 42555.20583429421
571, 42426.000770872066
709, 42327.168083699704
554, 42296.898338337116
555, 42222.704792606455
855, 42166.75852675437
454, 42161.90319953483
1059, 42132.75714950572
856, 42101.40003416324
854, 42101.40003416324
442, 41943.20085476403
233, 41877.74856597128
1113, 41877.66160710792
1323, 41469.387690930336
168, 41304.393535248666
26, 41186.18884385439
434, 41139.01999529122
390, 41121.92694024182
72, 41057.26129431639
553, 41011.396538548564
419, 40959.9544036585
417, 40896.965793088435
167, 40896.772033387846
267, 40890.92008886721
1027, 40675.35667947554
410, 40656.22913591151
993, 40476.65269984486
187, 40393.35367789276
42, 40098.420860377046
647, 40018.4081275612
903, 40016.90949961155
1410, 39975.604233431724
122, 39941.946653485196
1300, 39941.24230442061
574, 39925.73119152199
1015, 39869.26528723687
968, 39682.42388597709
1016, 39501.23503674524
1409, 39479.79923770595
1065, 39479.79923770595
85, 39479.79923770595
1408, 39472.45957328701
1407, 39469.51844403343
601, 39468.59871756944
86, 39442.91177067547
441, 39237.18179749014
1017, 39212.95778838125
783, 39065.73082569414
802, 39038.29539938158
801, 39038.29539938158
346, 39030.81258362897
970, 38882.23971778604
304, 38427.49900331899
1191, 38400.17048659366
1189, 38274.70511759622
565, 38169.65190365744
762, 38070.645538352015
772, 38029.21247023922
1066, 38008.15670833325
776, 37837.9790779594
1287, 37770.48592795395
420, 37677.502023011315
969, 37664.55332608522
415, 37619.32743345873
1155, 37588.68552392617
972, 37493.57596906225
967, 37493.57596906225
361, 37489.857872695626
1346, 37418.36393678209
853, 37413.28845823423
583, 37086.73604677164
222, 36808.47933305774
367, 36636.25453114021
116, 36386.27563644916
347, 36366.272672967185
858, 36325.88321974976
1290, 36192.744650719644
827, 36169.47670028407
1040, 36083.33750529674
971, 35873.600466005984
846, 35834.05366159901
517, 35833.50804633336
1342, 35785.22010152734
540, 35681.07165348137
1204, 35627.4347314199
495, 35509.62520923234
1201, 35483.961289442144
433, 35474.50271581249
204, 35471.82146647579
488, 35419.71189568564
509, 35405.667627343704
930, 35362.12672715779
277, 35299.08107812341
1274, 35290.678666399195
252, 35255.036712440255
1200, 35117.645268168846
1169, 35044.310726320444
885, 34717.84334668059
1224, 34695.066954959315
867, 34646.014067197226
781, 34630.866831944506
153, 34619.566561480555
231, 34469.3280373921
30, 34369.21827405785
220, 34291.83523283202
354, 34281.908611480954
299, 34249.98059607313
107, 34187.06377708916
584, 34150.02490513087
380, 34126.21051852915
978, 34095.51966636571
279, 34016.32474642567
450, 33918.99104045524
449, 33918.99104045524
278, 33902.78764949543
478, 33830.424056189004
771, 33796.267084832754
221, 33710.62060952811
106, 33657.243073655154
1111, 33652.45871184539
622, 33649.190136173005
621, 33649.190136173005
581, 33584.780659522876
1013, 33281.60565429224
1012, 33270.691983691955
618, 33263.827258432226
1137, 33187.07839411426
56, 33078.52665714544
1310, 33074.24466763448
557, 32859.8733307463
780, 32797.14082850679
534, 32726.616723350937
836, 32720.66627996568
29, 32598.27111029986
1217, 32519.558604375394
1216, 32519.558604375394
131, 32385.264138743813
536, 32360.646360265295
535, 32360.646360265295
395, 32251.624187479323
847, 32189.23309273224
1112, 32004.75552372109
1306, 31954.474434319513
596, 31939.679742916378
605, 31901.365641598793
977, 31844.54358831055
1052, 31784.25413195988
598, 31672.50563718501
178, 31633.036048849783
381, 31371.12694966842
173, 31283.12715385036
597, 31250.772927246893
