1303, 99952.25019399897
588, 99904.56249281263
1305, 99494.61411524074
1124, 99056.81817551969
337, 98997.52180700512
1367, 98953.84437359193
314, 98862.81007850924
1249, 98608.43709046586
733, 97558.48621248433
520, 97071.33182342202
632, 97065.5803266285
482, 95922.21883343931
1150, 95902.83907311135
174, 95731.3850267609
942, 95510.87336544984
638, 95478.8338013457
225, 95478.8338013457
206, 95449.85941276207
938, 94721.13096246636
1185, 94037.69850662997
7, 93408.75170844799
1322, 93171.53025131361
1354, 92580.39289100013
1416, 92568.14282290611
1324, 92532.06760825185
980, 92491.39688844023
1284, 92247.57721932647
1360, 92210.74096781186
863, 91770.1803223401
566, 91574.34643584855
1000, 91510.47065473738
371, 91466.03023111034
0, 91396.04062132187
458, 91214.25588143455
328, 91165.55343973523
668, 91161.23939887916
132, 91161.15405763913
490, 91127.78354486737
1214, 90893.35271121154
788, 90790.25986522213
1145, 90526.23817430374
787, 90453.64591461714
1115, 90408.24730984139
203, 90407.71911581537
386, 90157.13561068194
287, 90147.22560164846
207, 90081.02821847392
1025, 89838.64686737633
1, 89491.88664206245
734, 89148.15479446248
1005, 88774.40277347382
119, 88448.53148020791
208, 88290.69757804902
247, 88205.61541065076
948, 88198.91454406633
1177, 88053.56009223673
778, 87858.19128225929
1181, 87819.26384472629
1180, 87819.26384472629
1179, 87819.26384472629
1182, 87619.07219701835
1178, 87619.07219701835
234, 87607.06239439978
753, 87387.90304502327
71, 87107.14973067492
213, 86495.51805284678
148, 86315.66330254328
1411, 86278.22506302575
892, 86263.65857442112
874, 86150.86171460405
1350, 86117.01795128874
665, 86015.79497230153
1125, 85865.94101693625
31, 85818.26584107538
342, 85606.81922366243
1087, 85108.396487245
120, 85078.55074509795
1250, 84454.62971364302
592, 84394.10161860443
1368, 84267.11161031525
726, 84208.2879341822
630, 84174.30359894957
732, 84174.04603543968
109, 84170.59744086117
657, 83992.62907027785
70, 83705.23484284086
1163, 83550.93930015239
1301, 83502.68970623374
405, 83419.5577729358
1329, 83336.37955535478
666, 83297.7294308785
763, 83257.07351131781
59, 83199.53717586091
667, 83091.15089563667
496, 82454.49253574292
457, 82250.93582245336
731, 82209.82283218479
1048, 81988.64334030557
493, 81908.84060732405
311, 81889.69500481655
1319, 81886.6567835362
676, 81751.41169658076
1405, 81659.37957431983
1309, 81526.61998773154
326, 81286.65073236111
1134, 80931.54077943298
744, 80927.95028073831
567, 80857.17670365958
486, 80839.44135840274
875, 80684.71519727496
679, 80322.903980564
728, 80316.85380400595
1321, 80304.48759654014
729, 80225.66828791882
214, 80219.01003138082
370, 80044.12745250374
357, 80012.94641022824
958, 79804.17703002371
591, 79573.13285645045
1091, 79521.90990905698
1090, 79521.90990905698
1388, 79504.84208298725
741, 79334.55207101787
983, 79198.73642981926
241, 79058.05098455852
232, 78990.63230133771
1161, 78971.89865402886
402, 78922.49828366844
138, 78817.30511781985
1258, 78482.57898570725
757, 78428.08845192888
245, 78411.87236632759
202, 78210.29466960124
670, 78098.82052125307
1333, 77944.38962866696
188, 77761.27112249951
549, 77663.32598827142
1164, 77644.81525311376
200, 77644.81525311376
1089, 77588.03598837259
849, 77496.79136707344
582, 77495.57693991427
1238, 77330.70922007704
293, 77295.87410575838
211, 77202.66443748161
212, 77146.37654924805
844, 77135.15195770559
1231, 77039.6325361887
718, 76841.33922134204
497, 76740.33416990985
936, 76494.16719238472
628, 76460.56922021597
315, 76297.32109611775
1165, 76268.52119056847
286, 76103.94122894327
1143, 76011.05688288588
127, 75802.22855229251
453, 75768.9565790601
452, 75768.9565790601
1325, 75742.58889889957
989, 75570.30256211277
403, 75570.30256211277
851, 75533.2876234726
51, 75399.79515816743
97, 75266.98321575126
1099, 75081.34151557687
1171, 74981.89330234144
1079, 74875.83719282427
193, 74875.83719282427
58, 74830.35553172923
756, 74821.22814863578
199, 74696.61503292888
572, 74678.71380153259
904, 74670.20679145491
902, 74670.20679145491
901, 74670.20679145491
900, 74670.20679145491
182, 74479.92817657525
312, 74210.26069593074
837, 74194.06295700354
1294, 74116.85962161384
1358, 74097.17732297294
196, 74018.43219223153
50, 74012.860103906
1034, 73877.92077400035
997, 73867.65729218294
873, 73867.65729218294
166, 73754.30453171287
631, 73537.5601199815
888, 73482.00874025338
680, 73206.28918649838
928, 73173.01917915171
889, 73149.62944486707
1357, 73132.1842986251
897, 73066.89614212922
1328, 72915.36837600927
1279, 72915.36837600927
147, 72902.05110645697
789, 72839.61292721433
639, 72722.11238354903
614, 72484.21227045993
1260, 72430.63133984592
1259, 72226.09179599723
651, 72083.8236143337
126, 72052.71740906629
360, 71930.2481985721
956, 71895.36075936153
494, 71848.13248117527
1069, 71796.51378372301
994, 71614.85864203259
446, 71592.27613886757
110, 71335.66867710157
1038, 71177.73203854363
590, 71018.38696681082
541, 70868.3716970592
573, 70844.4255302396
761, 70785.24299216949
1377, 70751.94033524768
946, 70684.97278779342
181, 70669.79740847813
1008, 70569.87002532542
1304, 70291.2486216817
1366, 70288.63975271517
1122, 70194.05734931586
1184, 70067.24005984928
579, 69913.83882405038
492, 69582.05390818734
498, 69431.348556612
935, 69320.82305014668
1331, 69310.24838656436
1073, 69204.65164496023
1142, 69120.98152015229
300, 69030.49671924199
1402, 68980.32520059274
448, 68838.484521226
602, 68453.18315084979
393, 68198.8980425794
864, 68177.79625303604
648, 67955.1031216188
931, 67948.93079303915
1078, 67863.85749009173
332, 67761.45916521021
9, 67721.30322864043
49, 67697.54356433582
730, 67687.36173425979
1183, 67610.71257703107
652, 67556.71575065886
118, 67471.76106119604
870, 67441.07633825442
375, 67402.20364960252
1046, 67300.61865987467
926, 67059.76571092148
1335, 66888.13063396886
1033, 66846.23639205589
1053, 66819.4706458355
585, 66812.02413722863
649, 66733.30258872514
1415, 66728.00197864675
1045, 66455.93812104996
1123, 66270.2490862528
489, 66268.20949024538
1226, 66238.19884299979
1153, 66184.42673909126
48, 66036.40966975891
894, 65975.33592002734
1327, 65952.14365813855
797, 65941.21613924585
57, 65937.14952424978
677, 65697.75840945198
616, 65690.47786510226
715, 65689.78128024748
1244, 65678.51728308506
998, 65551.48924791372
1225, 65518.13849487408
568, 65362.96282925311
385, 65229.45285215707
1030, 65086.78339860058
1254, 64802.15229915749
197, 64752.30250975438
907, 64747.24055039717
1014, 64610.66908983028
1095, 64479.14775373751
1205, 64337.76839024756
75, 64246.7888706184
671, 64209.44574070184
1207, 64042.32492239892
737, 64033.62908184629
723, 63957.14814016837
779, 63863.56223067291
1289, 63826.183925989964
82, 63826.183925989964
1353, 63731.32288725228
561, 63687.90242687627
979, 63613.758827924925
472, 63448.34708895276
543, 63418.812209519725
101, 63416.76712949228
349, 63403.39423752861
714, 63338.10329464251
1257, 63298.35247407582
100, 63280.70374219329
988, 63241.28665425981
610, 63225.06145148877
1131, 63152.86106977364
319, 63119.464390216104
447, 63059.85523856047
1133, 63032.792849073936
884, 63012.92740291732
736, 63006.339815182255
317, 62970.96400367611
927, 62911.02036967824
1047, 62908.619372057554
925, 62846.69904379237
716, 62771.980631532184
769, 62766.82794713814
376, 62722.435814478384
322, 62678.59273499859
859, 62674.00277445335
323, 62615.84268915345
1206, 62496.4258967304
655, 62386.88071508567
1239, 62312.88800776117
1209, 62306.68037267125
79, 62250.1156167173
603, 62216.71184265518
1208, 62193.20184354291
871, 62096.751853517475
38, 62066.50026239112
355, 62017.16404751071
95, 61983.38452269361
869, 61941.67861716976
617, 61820.05058949479
253, 61756.17845389303
843, 61725.87525758253
1132, 61686.79712411623
60, 61615.9920507659
1261, 61592.15711963389
341, 61486.06119568686
569, 61451.73648769039
689, 61415.36893383698
171, 61365.82120063778
244, 61213.10929505125
1359, 61203.60472402867
392, 61191.00221959273
1355, 61190.24057384034
1212, 61146.25621691303
329, 60852.04671965474
650, 60838.86549531354
243, 60791.22395672653
54, 60768.01625513809
1019, 60662.579162795904
445, 60662.579162795904
394, 60445.453689388196
406, 60439.21498205138
615, 60427.645560532765
947, 60345.363768789684
114, 60299.95893788195
294, 60298.56908454115
641, 60286.6509434802
1276, 60270.39771618564
810, 60161.95447109582
324, 60100.14738023062
407, 60088.255380341296
1068, 60000.84277369299
1011, 59990.19559724198
1252, 59973.89710997342
678, 59781.27479962637
52, 59391.65702116512
78, 59377.36349991591
1227, 59370.28558047146
81, 59216.876747516304
1375, 59215.77979388024
1104, 59053.805442530094
629, 59007.53170325103
974, 58906.48714323259
87, 58717.82968291425
499, 58621.2688154364
1291, 58545.99291133201
462, 58520.31490998251
76, 58368.12991834482
408, 58327.61069488704
528, 58297.13064083073
1114, 58154.263191105856
105, 57845.17335238436
103, 57845.17335238436
83, 57842.44915228852
237, 57821.40486202057
104, 57817.95552875111
945, 57726.066654410824
848, 57652.60914695005
1213, 57505.55392647454
1332, 57486.880510585426
944, 57458.491120468694
1292, 57214.608580118445
1293, 57199.9111506723
1349, 57199.388661613826
803, 57168.579038072596
190, 57151.756185470316
1120, 57078.26788437712
735, 57061.768622839845
436, 57051.73741981404
1072, 56941.39064915468
121, 56911.32620459052
937, 56879.37476376112
906, 56865.624918189606
1272, 56851.38459355541
262, 56834.125209999365
1194, 56834.07467512067
519, 56764.92025097486
476, 56676.43247804807
943, 56661.979388750806
115, 56547.96681325026
8, 56470.154771492365
439, 56308.37040675896
1071, 56197.72759189956
1070, 56197.72719538817
1256, 56172.56880544452
263, 56150.603012553234
1270, 56099.98295062494
1107, 56047.88172361106
99, 56039.032253590645
822, 55990.45328950667
838, 55942.94214719966
916, 55905.64519939661
924, 55786.18502325787
982, 55784.73391757479
872, 55774.03074749005
1295, 55683.958354011585
201, 55547.287170923395
467, 55476.46268083451
469, 55454.5636836214
1339, 55427.141325043216
468, 55425.40682443591
862, 55364.57757063723
466, 55298.549789434015
823, 55259.856863592264
1383, 55253.762498699434
1420, 55175.2290764188
313, 55173.264646925614
770, 55168.337331010065
542, 55116.24653591438
539, 55116.24653591438
261, 55057.58749272828
721, 55004.860898984945
627, 54973.22732755744
760, 54773.27532342728
722, 54762.08745724822
1135, 54744.831431930754
301, 54711.58111690838
893, 54532.59054915046
1215, 54486.20452770127
959, 54479.97759245855
35, 54458.92500114044
717, 54456.88981041838
941, 54455.20760365076
1233, 54401.171977734
345, 54348.83109779114
378, 54093.151459001456
1356, 54071.60818002425
1220, 53975.416372743326
713, 53937.71007838756
952, 53725.31425146628
1055, 53579.88945753634
1370, 53562.0776154991
1369, 53562.0776154991
767, 53557.22585556846
578, 53392.686984652704
950, 53236.13239502208
292, 53156.17048750768
738, 53154.822887384136
911, 52980.716572507634
642, 52852.007407656034
996, 52784.72252272776
820, 52779.41671440386
336, 52710.9436505556
377, 52615.08874074724
440, 52556.01774099452
306, 52547.613870469526
265, 52540.940514280075
296, 52526.95988320165
559, 52507.88871913908
430, 52485.84578762819
66, 52479.71195243386
1154, 52467.64417859879
1275, 52328.446425177375
755, 52266.83681912451
255, 52251.22618729958
429, 52204.54663620085
792, 52132.047417156915
17, 52101.423488224784
10, 52101.423488224784
640, 52086.06869936187
276, 52072.77575960486
786, 52053.47645589658
368, 51873.262019740985
240, 51833.478178350044
1151, 51814.953192265304
825, 51812.60640928642
1021, 51582.00253034523
624, 51566.70057037983
