1039, 99877.71420780488
1061, 99707.89825820005
700, 98918.43680196414
1344, 98682.2126525014
866, 98578.69183523697
302, 98470.29662583894
673, 98329.47249163566
992, 98311.34353881831
860, 97964.10145240361
562, 97921.55841039712
1085, 97862.30834191748
564, 97658.9475629859
501, 97603.58824266992
451, 97287.46966427882
1234, 97282.96018360267
1086, 97258.33837478676
1399, 96964.24277362553
815, 96911.93992303635
1317, 96838.73536485228
1228, 96551.3812246266
865, 96551.3812246266
1404, 96506.43162211569
139, 96420.42013073854
1188, 96280.12286579725
674, 96271.09666236858
1190, 96209.4084330128
794, 95469.74847046509
1288, 95302.14588717523
1397, 95159.03531848459
273, 95099.76493249714
1109, 95046.9271792668
1081, 94992.8318902747
852, 94583.01146543266
796, 94396.14958972993
1110, 94316.60231497393
1108, 94316.60231497393
607, 93920.66813058346
831, 93021.17404723608
1101, 92501.21187902438
256, 92358.75412469094
151, 92327.0068475372
401, 92145.9935335086
1395, 92093.40454920506
861, 92018.55068343064
1074, 91866.68950641027
124, 91792.54104137057
149, 91790.75347793943
362, 90685.9187667436
264, 90137.1616631062
1056, 90087.46753776609
922, 89567.27074648441
227, 89453.09471291659
1106, 88917.45515454691
1105, 88917.45515454691
1102, 88917.45260697235
409, 88504.40910358267
391, 88449.84475032684
155, 88299.52895623846
1245, 88265.03212130682
1400, 88059.91016204213
1088, 88007.11182605401
1232, 87955.94217389353
437, 87830.47031649869
1018, 87741.27362896416
154, 87741.27362896416
1396, 87455.81646287518
1077, 87194.85176474441
571, 87193.77359510507
274, 86885.13827206816
271, 86885.13827206816
709, 86777.34444306455
554, 86650.211817042
555, 86339.40521483653
855, 86105.79261730217
454, 86085.54887957667
1059, 85964.12974224587
856, 85833.69455600058
854, 85833.69455600058
442, 85178.70412813702
233, 84909.19981535283
1113, 84908.84233204002
1314, 84632.38530005292
1080, 84433.29398709568
654, 83883.20885291483
828, 83798.98109673579
481, 83576.44598292247
1162, 83561.67685810148
829, 83561.67685810148
1323, 83247.10023274353
740, 82730.46468034387
739, 82655.53246039804
168, 82584.86199960423
1060, 82548.07836104908
123, 82509.17999611507
765, 82381.27075586507
515, 82381.27075586507
514, 82381.27075586507
502, 82348.46893552667
690, 82175.86869114732
141, 82152.43224740938
26, 82113.66475757424
434, 81926.3858108586
390, 81858.62469759691
72, 81602.77814204233
553, 81421.79830832964
932, 81385.36842755965
419, 81219.28442109954
417, 80971.99503609864
167, 80971.23549908686
267, 80948.29922967977
133, 80853.93611479115
1027, 80107.8727664264
410, 80033.71631877922
74, 79462.00388999838
993, 79340.78982708976
1172, 79256.06952452465
187, 79021.36662766754
6, 78996.70531900847
269, 78862.99920395474
516, 78652.60993764015
42, 77900.45735599296
1029, 77837.13083512316
661, 77773.10827646106
647, 77599.03991351083
903, 77593.40520268034
1410, 77438.256830654
122, 77312.05623222275
1300, 77309.41736966789
1035, 77272.23239176508
574, 77251.32663643204
353, 77175.01183575919
1015, 77040.2118795528
968, 76345.60639404175
145, 76145.43983758894
1004, 76106.97693487328
1147, 76056.1247716011
464, 76056.1247716011
1373, 76029.69805868826
1003, 75980.26203667081
369, 75736.88001169312
1016, 75677.76254139001
1409, 75599.12333723049
1065, 75599.12333723049
85, 75599.12333723049
1408, 75572.21505397545
1407, 75561.43501221115
601, 75558.06426512387
86, 75463.98100728555
919, 75237.88199016529
503, 75108.63684033668
5, 75071.77678277018
1199, 74954.8771786092
1334, 74910.47204286269
441, 74714.47476449456
1017, 74626.69032480087
19, 74343.81362888018
783, 74095.25991230979
802, 73996.62577375538
801, 73996.62577375538
346, 73969.74556394827
142, 73958.18444870548
93, 73882.22186051689
1302, 73629.00619124935
920, 73569.70222399347
970, 73437.93712083073
830, 72381.99374396839
304, 71832.43275702899
1191, 71736.99844117164
745, 71703.43540267553
45, 71399.89000082432
43, 71372.70545124053
1189, 71300.36817563328
701, 70954.17638589385
565, 70936.66938508964
762, 70595.47464059287
772, 70453.13799554524
1066, 70380.90560083018
776, 69799.598661361
1287, 69570.27133093178
420, 69255.45966318583
969, 69211.72308316443
415, 69059.16182433873
1155, 68955.97105695086
399, 68897.5815275044
972, 68636.56908576017
967, 68636.56908576017
361, 68624.11011184682
546, 68442.97993492064
1346, 68384.93950205143
853, 68367.98911604092
840, 67691.18840579382
1075, 67643.8034081836
1076, 67450.83280875246
238, 67423.77501147638
1414, 67373.59371430977
134, 67311.15566080384
583, 67285.35488855984
558, 67171.82475387192
1057, 67040.60966544673
222, 66375.01340902271
367, 65817.08303781389
1313, 65780.34746862682
1136, 65756.19498716612
418, 65720.78172002666
471, 65697.0243903564
423, 65579.86823762512
424, 65565.10660403866
1028, 65384.52508447061
659, 65152.1975661655
116, 65014.657794700615
1382, 64988.33718135131
834, 64972.01750833332
1398, 64954.26135855644
347, 64950.823525731685
1044, 64927.742584066975
858, 64822.099162102866
270, 64432.160811752525
268, 64432.160811752525
1290, 64399.361601793
827, 64325.73060572772
1040, 64053.78539749793
309, 63704.07485916519
971, 63395.82624514873
846, 63272.42610783149
517, 63270.72505209167
1342, 63120.33544958241
868, 63074.77642298335
540, 62797.0251135036
64, 62697.824696626005
1204, 62631.07774854728
645, 62582.06498462977
644, 62582.06498462977
63, 62582.06498462977
250, 62497.917513144974
61, 62352.926068979956
504, 62305.96831488932
495, 62267.91278228471
500, 62213.23471822222
1201, 62189.04076106263
433, 62159.99370948734
204, 62151.76177696873
488, 61991.961398674146
509, 61948.95325909356
228, 61938.4240875841
1403, 61915.37310732036
930, 61815.77922361531
398, 61805.11279390218
545, 61787.05397389661
1002, 61776.952337107716
600, 61731.06809492192
835, 61685.68430990307
397, 61674.31883645661
277, 61623.382255710145
1274, 61597.77923929172
172, 61585.89972777934
556, 61569.27842287645
759, 61508.527952176904
1401, 61500.291884693645
252, 61489.27548775904
366, 61430.54575766417
444, 61420.47161135625
1058, 61179.994051021924
699, 61104.30534817724
1200, 61072.541902788704
1169, 60851.089687557316
194, 60499.93464001752
619, 60498.85510205978
905, 60496.24922958721
899, 60496.24922958721
749, 60360.57770267927
192, 60353.42667392202
191, 60353.42667392202
1264, 60228.84824796874
1263, 60228.84824796874
460, 60180.26226161093
209, 60110.95242250864
249, 59914.85809373668
885, 59873.464725765494
1224, 59805.75643781427
1043, 59720.58874194165
330, 59704.86077153757
867, 59660.15323622251
781, 59615.25198127733
153, 59581.77281342489
180, 59526.10751200496
604, 59482.99369877408
231, 59138.15593199082
620, 58930.86518859126
1170, 58878.56460538828
30, 58844.09008172169
305, 58676.683593529946
1173, 58650.68760073879
220, 58617.61708719354
354, 58588.617811749646
704, 58565.56686722329
702, 58565.56686722329
299, 58495.42514144915
594, 58385.68634918379
107, 58312.14073722071
782, 58234.57881806737
584, 58204.4644165162
380, 58135.32007030131
216, 58123.52229861237
161, 58102.2218704603
160, 58098.50642037698
159, 58093.08474132976
978, 58046.3101824818
210, 57830.0615759009
146, 57830.0615759009
279, 57817.14749829947
1152, 57695.67526282179
1240, 57575.554487240675
450, 57536.51808853233
449, 57536.51808853233
278, 57489.909840314634
478, 57282.13731672341
771, 57184.27870690011
88, 57109.60382958763
170, 57046.61063663622
53, 57046.61063663622
218, 57036.656820678276
221, 56939.50523396817
158, 56885.84730274443
157, 56885.84730274443
106, 56787.3878614861
1111, 56773.76939214864
622, 56764.46706900417
621, 56764.46706900417
1067, 56681.998307267444
169, 56660.495132387136
581, 56581.41148555763
285, 56238.020830627254
1036, 56162.616245208206
518, 55854.30730813526
696, 55754.736645877136
1013, 55726.187803492525
1012, 55695.597418801066
618, 55676.36292177928
705, 55654.405595533775
703, 55654.405595533775
459, 55596.27176029931
1137, 55461.68142780549
908, 55412.93718426342
56, 55159.176534390645
1310, 55147.27093386726
775, 54657.445686018815
575, 54555.96951957983
557, 54553.85342708895
421, 54470.61576895834
427, 54411.19845574763
780, 54381.16442643458
1262, 54340.54582276855
534, 54187.54520515389
836, 54171.2336908175
29, 53836.581421844356
1217, 53622.229750893326
1216, 53622.229750893326
915, 53469.615681062125
512, 53384.97395569998
108, 53305.84054192263
131, 53258.06635253163
536, 53191.52187203562
535, 53191.52187203562
643, 53186.83445106506
177, 53170.12634764453
1413, 53021.80906171898
1255, 52962.792081107655
1348, 52952.76120718023
395, 52897.60502452989
613, 52877.99121583747
272, 52747.89390677144
847, 52729.974171948255
1362, 52402.717583191436
1285, 52297.97367883456
1193, 52282.33923464336
156, 52245.30204997062
1112, 52236.74124901647
217, 52201.45314040835
1149, 52178.54480462988
1286, 52123.24191182786
698, 52105.462374343515
1306, 52102.928745030295
596, 52063.60634126995
544, 52012.24805255094
605, 51961.8789504119
977, 51811.29388414425
461, 51782.526825129346
1052, 51651.88777871235
1236, 51412.29638531395
135, 51366.57635948083
598, 51357.42077380252
178, 51253.72336037299
612, 51115.98512829235
102, 51056.846686117955
136, 51055.74399220551
1379, 51022.84036083042
1419, 51001.34298033522
65, 50740.52314651512
62, 50740.52314651512
112, 50678.7656168531
137, 50673.60432540967
4, 50606.34531513197
1299, 50574.5318417544
381, 50569.661996878014
1084, 50515.22604211983
1082, 50515.22604211983
173, 50341.38790694326
750, 50283.294151809474
597, 50257.656667547766
215, 50245.09032039959
751, 50219.02195827038
790, 50206.737942630985
1363, 50189.525261272414
15, 50066.74485298287
363, 49990.852360919234
1020, 49962.530814796984
1318, 49911.83060862138
364, 49906.49376158248
800, 49901.42885858469
845, 49876.18367826842
799, 49868.5368509386
798, 49868.5368509386
633, 49751.19941279533
226, 49743.50857019853
1378, 49664.865870259084
239, 49663.31094581029
21, 49663.31094581029
692, 49637.044570757345
609, 49630.08176275075
186, 49604.49293226389
36, 49604.49293226389
1330, 49556.664470130185
474, 49450.5579636603
350, 49272.218438902826
425, 49256.63175484878
348, 49253.02681423796
416, 49064.16978691655
3, 48997.130501206
2, 48997.130501206
921, 48972.27773516365
396, 48924.331768778015
44, 48924.331768778015
291, 48836.53685515565
570, 48815.97974714398
754, 48782.73909920653
1148, 48710.278079680626
1308, 48681.79938317784
814, 48625.49643384812
712, 48601.62226860449
1144, 48586.186937526065
538, 48502.0874443968
1246, 48334.85026616813
811, 48327.98182242788
275, 48286.962127215585
432, 48204.47103622872
411, 48112.08807769291
537, 48090.00615253829
426, 48079.22425187485
414, 48079.22425187485
1100, 48054.09823235599
352, 48038.705184354054
479, 48029.98576152699
422, 47954.659223296694
413, 47954.659223296694
219, 47938.64951372445
955, 47913.66557144968
140, 47821.20685093608
412, 47758.88892777389
984, 47661.650906711315
480, 47648.641902567775
1117, 47497.846378125716
636, 47428.521394913114
428, 47353.890975228765
1343, 47290.92476935789
525, 47265.43179179729
560, 47199.45975502398
18, 47198.732095827414
987, 47190.981361554
985, 47190.981361554
986, 47101.31980391593
14, 47042.50387057497
576, 47042.49331818452
877, 47030.14904640854
531, 46975.9669983121
382, 46947.4342508775
334, 46880.949380768776
1103, 46859.43375924004
470, 46799.023880956
1031, 46792.11115857416
826, 46675.378332008164
179, 46674.65754721282
1312, 46647.270538622135
812, 46633.611238103644
857, 46560.27991013879
41, 46508.95844388919
189, 46463.8172869853
813, 46365.247724779656
435, 46363.638040729995
1010, 46249.44290596205
961, 46238.91494370567
