1331, 99935.61144402676
935, 99913.63535381739
1073, 99844.52261372675
1142, 99670.45582284915
300, 99482.4213262403
1402, 99378.25467003268
448, 99084.12441087319
602, 98287.81952355348
1366, 97969.35330715663
393, 97764.42344349252
648, 97264.20568219647
931, 97251.56140636024
181, 97238.35978567315
946, 97209.64367690784
1377, 97083.2711421346
573, 96909.67514062027
541, 96864.90262977695
9, 96785.94764604725
49, 96737.42450456052
590, 96586.03827318801
652, 96450.11877574025
1038, 96292.85976960414
118, 96277.0485668883
375, 96135.4842630167
994, 95504.2237344554
926, 95440.36145197059
1069, 95183.06225413148
1335, 95093.08449385583
1033, 95008.43206903961
1053, 94954.37201424928
585, 94939.3351877795
649, 94780.45806356493
126, 94736.4728303829
651, 94682.75147824861
1259, 94438.41101596408
1045, 94221.92972831248
1260, 94090.98878840743
614, 94000.7228744246
489, 93845.00499218507
1226, 93784.83147803936
1153, 93677.07122321877
639, 93603.61494944633
789, 93409.6647653512
147, 93307.18225821317
894, 93258.73989506144
1327, 93212.40631663654
797, 93190.5799507344
57, 93182.45815403605
1357, 92932.88601513223
928, 92867.02889354393
680, 92813.49532324776
677, 92705.07730762831
616, 92690.58124673247
715, 92689.19436795109
1244, 92666.76977809824
998, 92414.09846716966
888, 92374.05561898583
631, 92286.4176280548
385, 91775.3309116453
997, 91771.75210874993
873, 91771.75210874993
50, 91548.61371161543
196, 91540.08989632913
1358, 91419.9369529003
1294, 91389.99385647883
837, 91272.88484232417
312, 91248.38359238132
1254, 90931.72102906
182, 90843.9506120292
197, 90833.5958190577
907, 90823.63517178576
1014, 90555.13386192372
572, 90549.96019578511
199, 90523.65536565568
58, 90328.01037386247
1095, 90296.99164027724
1205, 90019.97051545385
1099, 89964.98615585036
75, 89841.9605534596
671, 89768.9533436827
97, 89699.88939024991
1207, 89442.63964043006
737, 89425.67896215702
851, 89324.57232618461
723, 89276.58644643442
989, 89272.86192728048
403, 89272.86192728048
779, 89094.34131571875
1325, 89033.6223472239
1289, 89021.61138837178
82, 89021.61138837178
453, 88997.21651719988
452, 88997.21651719988
127, 88951.35649330102
1353, 88837.1836263564
561, 88752.83819242835
1143, 88665.50665748076
979, 88608.91680499708
1165, 88317.73231048457
472, 88288.30790233013
543, 88231.13084175679
101, 88227.17250889644
714, 88074.99133422277
628, 88061.60169512933
936, 88017.07702192305
1257, 87998.1464834526
100, 87964.04066358032
988, 87887.89472032526
610, 87856.56161491547
1131, 87717.20865152955
319, 87652.79209404955
718, 87561.87573648672
447, 87537.88192711485
884, 87447.47718368805
736, 87434.79061824418
317, 87366.6804540419
1231, 87305.8066626559
1047, 87246.718507695
844, 87183.45711805402
925, 87127.66401303136
716, 86984.1232034627
293, 86979.04069920909
1238, 86934.97323379778
376, 86889.01579469065
859, 86796.09851998648
849, 86726.02860099818
323, 86684.59322466941
1089, 86612.04128529767
1164, 86541.39575095265
200, 86541.39575095265
549, 86518.41164294997
1206, 86455.89514494083
188, 86397.18121443613
1333, 86172.24932675403
1239, 86105.049650008
1209, 86093.19711781215
79, 85985.23687067728
603, 85921.51710809534
1208, 85876.68596060868
202, 85849.56096972666
245, 85607.9875770458
355, 85541.40971584937
1258, 85523.86615680378
95, 85477.15680346174
138, 85129.89521042485
402, 85007.51687298497
843, 84988.21284883465
1161, 84950.27959869018
232, 84928.61288654781
60, 84780.04054906132
1261, 84734.92241838179
341, 84534.2481250974
1091, 84322.91125655778
1090, 84322.91125655778
171, 84307.13472966553
591, 84265.39294249582
1359, 84001.2614430365
392, 83977.5236049887
1355, 83976.0891001878
1212, 83893.27029065286
357, 83777.7300301071
214, 83553.0034612747
679, 83440.59137845672
329, 83340.4365750162
650, 83315.7146576832
243, 83226.39402586302
875, 83053.70118730627
567, 82871.75295179356
744, 82797.54029264592
1134, 82793.78232028097
394, 82579.67244896932
406, 82568.02858219335
615, 82546.43784811352
294, 82305.76173123474
1276, 82253.2833584401
1309, 82180.13042478051
810, 82051.43930565896
324, 81936.51694690717
407, 81914.41514927725
1319, 81817.51404629633
493, 81795.37965720012
1068, 81752.05250127515
1048, 81715.95252067661
1252, 81702.03743868638
731, 81497.41895814074
457, 81457.05562077388
678, 81344.9761496994
52, 80625.27844876358
59, 80547.55489287083
763, 80493.7013343818
666, 80455.73589825259
405, 80342.40479259838
1375, 80301.50470563173
1163, 80220.91283990805
1104, 80003.93006856172
629, 79919.02360569497
657, 79817.90568507789
974, 79733.78354851785
732, 79654.76187862764
630, 79654.53123108635
726, 79624.12241203712
1250, 79405.11796756998
87, 79388.52774687838
499, 79212.11688680862
1291, 79074.73390156377
462, 79027.89835866397
1087, 78835.7426548489
76, 78750.61501775797
342, 78412.85257975939
1114, 78361.798918927
31, 78236.28615362888
874, 77961.89625648991
945, 77586.30376895287
848, 77453.66444889503
1213, 77188.48115921482
1332, 77154.84077783019
944, 77103.71127554365
234, 76806.5736505729
1182, 76797.34490445188
1178, 76797.34490445188
1292, 76665.18759825954
1181, 76644.20687593479
1180, 76644.20687593479
1179, 76644.20687593479
1293, 76638.80084219495
1349, 76637.86288602358
803, 76582.56469823797
1177, 76466.63265367251
735, 76391.01425553203
436, 76373.03708845064
948, 76357.35257332194
247, 76352.3309439161
1072, 76175.42312882523
121, 76121.62720774469
937, 76064.47580855672
906, 76039.88818604816
262, 75983.57517775406
1194, 75983.4848518772
1005, 75931.20833676922
943, 75676.1959038964
115, 75472.96267769077
8, 75334.41614421256
439, 75046.76242141653
207, 75000.7097843183
287, 74954.88289010077
386, 74948.03302924933
1071, 74850.35525522879
1070, 74850.3545518231
203, 74775.73995478517
263, 74766.78016556536
787, 74744.35122929775
1107, 74584.76581068207
788, 74516.05695588875
822, 74483.10310127816
1214, 74446.75383726723
838, 74399.04853159892
916, 74333.09744771305
132, 74268.05626931062
328, 74265.13656993104
924, 74122.05466554892
982, 74119.49291461578
371, 74066.9247145545
1000, 74037.80913477196
566, 73996.04978746339
1295, 73941.69297911928
863, 73868.67564333593
201, 73700.89869484615
1339, 73489.5392140658
1416, 73359.65320227556
1354, 73351.96142086772
823, 73195.75073531904
1420, 73047.34544177231
1322, 72985.07473778115
542, 72943.9994338426
539, 72943.9994338426
261, 72841.29117428005
721, 72749.03056605975
627, 72693.70575480802
760, 72344.4785920919
722, 72324.96253116876
301, 72236.89133270996
938, 72061.5944533215
893, 71925.19274587979
1215, 71844.52143212162
959, 71833.69531460066
35, 71797.09922505399
941, 71790.63814338221
1233, 71696.75236522914
206, 71645.45768913119
638, 71629.14181708668
225, 71629.14181708668
482, 71381.61013446919
378, 71162.70345850055
1220, 70959.07989431467
952, 70527.452913171
733, 70501.66475460058
1055, 70277.05573093964
767, 70238.07094254596
578, 69955.34728253266
1124, 69739.34729269499
950, 69686.8442190155
292, 69549.89163868962
738, 69547.58466208348
1303, 69302.24723276122
911, 69249.83258502843
588, 69233.49074861556
1305, 69036.36723242815
996, 68915.36686242506
337, 68796.6724881874
336, 68789.65906778417
1367, 68775.57640701269
314, 68731.58883063614
377, 68626.49735528257
1249, 68608.5453634817
440, 68526.03831577503
265, 68500.40823608113
296, 68476.64627342067
559, 68444.23845789034
66, 68396.3704769853
1154, 68375.87395835921
1275, 68139.6599374149
755, 68035.23163871217
520, 67860.89875807145
632, 67858.08785504395
1150, 67287.76069375756
1151, 67271.55307516518
174, 67203.31282560475
942, 67094.56953872103
1021, 66879.41899700541
624, 66853.69742890894
1050, 66733.2169829624
1156, 66477.77068714167
1049, 66375.89315433028
1185, 66364.23647295653
664, 66310.1588894675
344, 66257.64065640912
7, 66050.37806990829
1064, 65937.63583783428
431, 65917.63573559353
1098, 65886.1755886138
1022, 65822.12450888846
1324, 65610.82220076818
980, 65590.37170569721
1054, 65572.21238670964
175, 65529.518294157315
1284, 65467.66187609072
1360, 65449.106511083664
839, 65334.37863364439
280, 65288.384140987866
0, 65037.61833702597
1024, 64953.961337955465
1023, 64953.961337955465
1237, 64953.95852233825
458, 64945.51378226348
668, 64918.632097308895
490, 64901.663877433704
522, 64799.136537010694
340, 64708.39049144108
1145, 64595.95765396408
1115, 64535.85795610062
547, 64381.72327112908
548, 64366.33257367748
1025, 64245.09429740127
1129, 64229.97733640754
1127, 64181.18262529546
1, 64067.56884595396
734, 63891.20762723075
806, 63796.31244318099
1372, 63750.718475338166
966, 63647.12618903135
707, 63634.710627310546
880, 63534.389014426575
119, 63531.0534618006
208, 63449.581244507026
887, 63396.77590864844
778, 63225.905421120064
896, 63126.15792975523
990, 63106.25773492362
753, 62981.98847979757
746, 62974.665557571396
327, 62917.59242499135
669, 62864.95163293998
71, 62836.02478742024
747, 62792.02924715942
1097, 62565.437414878856
213, 62517.12789787256
198, 62498.61569699208
758, 62452.58515559564
995, 62448.690596680004
148, 62423.11592697106
1411, 62403.53292692692
892, 62395.912292742265
1350, 62319.15579651045
665, 62266.13022459634
1125, 62187.56605865402
587, 62109.06448370467
883, 61983.97530803782
599, 61878.31070021158
120, 61773.51405137117
1096, 61637.83038724132
766, 61605.43664300549
282, 61512.96800076942
592, 61411.8846531996
1368, 61344.61360266597
109, 61293.449771099484
1340, 61281.34021979434
1116, 61271.10229614952
70, 61046.30473502385
1301, 60938.504450394794
1374, 60919.32664885253
1198, 60905.255968923455
1195, 60899.58787350295
1329, 60849.88374388207
667, 60719.035939000976
586, 60566.82526634448
1387, 60535.84088007618
1386, 60461.28552351392
496, 60378.35838775576
1197, 60288.974099252824
1196, 60231.098547480164
511, 60176.46850736289
1298, 60114.02455631726
311, 60074.95253790826
676, 60000.497595014815
1311, 59989.63855239926
1405, 59950.90821039325
326, 59749.76763792925
658, 59731.76992825502
1380, 59668.62356368121
821, 59666.94590320347
486, 59507.788238495465
1130, 59504.04158974183
1146, 59471.52405362972
96, 59322.97022195939
660, 59280.18905084349
1093, 59250.81231291872
510, 59250.81231291872
728, 59224.125990497654
774, 59221.79471024666
773, 59221.79471024666
1321, 59217.401830569404
729, 59174.530828559
370, 59075.703913286794
316, 59058.24177927377
958, 58944.89975233739
1388, 58781.43480584991
741, 58688.29723334007
983, 58613.940279772294
910, 58586.66141761395
241, 58536.8472597865
1351, 58520.93407487732
32, 58343.10642643669
1158, 58293.75638636435
757, 58190.76417324696
1128, 58119.82825981417
784, 58051.14346866011
670, 58009.30244911114
383, 57902.7205205243
1007, 57893.39065157801
582, 57675.8278197331
211, 57513.42566874733
212, 57482.18145421336
951, 57417.49336264971
497, 57256.45117800334
117, 57174.7053478361
1242, 57100.08238832732
1241, 57100.08238832732
351, 57039.16972678032
315, 57009.47501708975
286, 56901.43985756921
881, 56825.32073993259
51, 56506.88258715496
953, 56366.63633289998
297, 56366.63633289998
1171, 56271.843429161476
1079, 56212.09059925676
193, 56212.09059925676
756, 56181.30698366791
1297, 56153.551588419105
1211, 56143.13346749848
91, 56121.64231152601
904, 56096.11655233395
902, 56096.11655233395
901, 56096.11655233395
900, 56096.11655233395
163, 55991.457637760235
1269, 55883.451329300784
1251, 55874.64054508821
92, 55791.45783577596
933, 55752.757132913524
1034, 55647.78361955962
917, 55634.917809275095
166, 55577.618494068556
626, 55545.500694038165
1118, 55464.137005713324
595, 55464.137005713324
34, 55426.50731114431
1296, 55426.12911168491
1392, 55302.331466230935
339, 55285.30738396661
