1420, 99938.83005470382
542, 99867.4289435122
539, 99867.4289435122
261, 99675.0097813745
823, 99662.37497268464
721, 99502.33416172743
627, 99398.86507490149
1339, 99122.82920740862
760, 98747.06942552453
201, 98740.89007908021
722, 98710.71250763646
301, 98546.73165028855
1295, 98311.95912484686
982, 97999.39472358664
924, 97994.91672496361
893, 97967.54412779231
1215, 97817.93945096839
959, 97797.87169614293
35, 97730.05180194853
941, 97718.08071524401
916, 97628.4615847219
1233, 97544.21699517079
838, 97514.92916836479
822, 97370.90462722706
1107, 97197.70816480044
263, 96890.32274801737
1070, 96750.33065185303
1071, 96750.3294766225
378, 96558.34518415818
439, 96424.1401621908
1220, 96183.8385285613
8, 95953.38975144726
115, 95729.56030299807
943, 95404.57830789765
952, 95392.50644379399
1055, 94934.99886897317
1194, 94920.63078432463
262, 94920.48982499017
767, 94863.87158223387
906, 94832.7562394815
937, 94794.54114898088
121, 94705.92815290939
1072, 94622.79020051632
578, 94348.87277518616
436, 94319.638115402
735, 94292.233925525
803, 94002.01610889912
1349, 93918.8344706392
1293, 93917.42586528782
1292, 93877.83013819213
950, 93861.11974381524
292, 93612.83838812832
738, 93608.65896715166
944, 93228.5508661842
1332, 93153.9088915407
1213, 93104.91759428395
911, 93070.04209444237
848, 92721.9984389553
945, 92532.62332252586
996, 92466.90912802609
336, 92240.74063714815
377, 91947.60644819576
440, 91767.35854441303
265, 91721.4006544209
296, 91678.80294178965
559, 91620.72208362391
66, 91534.9677847261
1154, 91498.2611957265
1114, 91453.22061006207
1275, 91075.76917719397
76, 90929.27210488528
755, 90889.30303145658
462, 90562.37784024482
1291, 90500.95097585481
499, 90321.66403241779
87, 90093.38774665973
974, 89652.83510476949
1151, 89531.50881420313
629, 89419.78997169947
1104, 89313.7349701173
1375, 88945.77170276623
1021, 88838.26403568221
624, 88792.88474034755
1050, 88580.47948094354
52, 88551.88634217092
1156, 88130.96091533494
1049, 87951.99686365921
664, 87836.61895084177
344, 87744.49139663903
678, 87699.68152468032
1252, 87288.40518997048
1068, 87231.38894508845
1064, 87184.16042314481
431, 87149.19826702235
1098, 87094.21664609073
407, 87047.28836360345
324, 87022.3438070544
1022, 86982.32939309826
810, 86893.08598720343
1276, 86667.85932426961
294, 86609.67294317413
1054, 86546.44046833218
175, 86472.08103075005
615, 86344.75779365413
406, 86321.1470136596
394, 86308.42421816196
839, 86132.60407972158
280, 86052.68322096246
243, 85613.11719799669
650, 85518.80546603866
329, 85492.77448761559
1024, 85472.65923599967
1023, 85472.65923599967
1237, 85472.6543605267
522, 85204.76905931962
340, 85047.94033977544
1212, 84918.7313429868
1355, 84834.04373225692
392, 84832.57981631404
1359, 84808.36987810666
171, 84498.85541052824
547, 84484.53187857932
548, 84458.03131591414
341, 84271.93189525136
1129, 84223.41991335175
1127, 84139.53955635075
1261, 84073.44200581807
60, 84029.07261763643
843, 83825.56686382809
806, 83479.31755185795
1372, 83401.26658903864
95, 83355.28314255993
355, 83294.27123403421
966, 83224.05787699758
707, 83202.83127420678
880, 83031.40709562442
1208, 82978.81908767021
603, 82937.00542201429
79, 82877.72183472622
887, 82796.53127688807
1209, 82777.67067015082
1239, 82766.7164210252
1206, 82445.11841816234
896, 82335.55383834352
990, 82301.70281704738
323, 82238.21645099677
859, 82138.10776770239
746, 82078.02264793652
376, 82055.06888646657
327, 81981.09797133066
716, 81970.42957792182
669, 81891.74775584164
925, 81843.3663084374
747, 81768.04723421522
1047, 81738.59285345505
317, 81633.57949107027
736, 81574.2045070859
884, 81563.16475245514
447, 81484.67410698527
319, 81385.35818495708
1097, 81384.22589996285
1131, 81329.90283036095
198, 81271.19696217448
610, 81210.4711654448
758, 81193.37851976947
995, 81186.79602478354
988, 81183.71763250526
100, 81118.85369945606
1257, 81089.87104136615
714, 81024.72728081378
101, 80896.3605375326
543, 80893.03295981622
472, 80845.03074949891
587, 80613.71361155559
979, 80578.05913388685
561, 80459.41143678596
883, 80403.109381832
1353, 80390.21804767766
1289, 80239.78991904773
82, 80239.78991904773
599, 80225.40569553665
779, 80180.79322006273
723, 80033.76123810482
737, 79914.3201209773
1207, 79900.78032900016
1096, 79821.6428798428
766, 79767.3252942543
671, 79642.16241356918
282, 79612.36717896529
75, 79584.78599124514
1205, 79445.62220250006
1095, 79231.10288207798
1340, 79224.80851938436
1116, 79207.69826252492
1014, 79033.41541515615
907, 78830.02201822918
197, 78822.51989598533
1254, 78748.77825108064
1374, 78620.80400957038
1198, 78597.36977835557
1195, 78587.93064998396
385, 78126.84411444259
586, 78034.6712351566
1387, 77983.245037226
1386, 77859.56427095088
998, 77669.82824026333
1197, 77574.05038281184
1244, 77492.24406594137
1196, 77478.25760223738
715, 77476.5693385595
616, 77475.60037125509
677, 77465.47562795924
511, 77387.88498481705
1298, 77284.6435435853
57, 77135.26694776102
797, 77129.70251908629
1327, 77114.7575558403
894, 77083.07435099052
1311, 77079.17292888039
1153, 76799.59885663065
1226, 76727.32159455192
489, 76687.0930866432
658, 76653.97747261438
1380, 76550.01492250864
821, 76547.25371440682
1045, 76437.22048136647
1130, 76279.34374622397
1146, 76225.91540449095
649, 76073.54589064965
96, 75982.04140056175
585, 75971.50346783907
1053, 75961.87756557952
1033, 75927.31602415074
660, 75911.87311477741
1335, 75873.33817723808
1093, 75863.70679697109
510, 75863.70679697109
774, 75816.14246525524
773, 75816.14246525524
926, 75653.69672586113
316, 75548.29803361831
375, 75222.55112513872
118, 75136.10530302787
652, 75031.03345021224
49, 74858.08104081792
9, 74829.05077524182
910, 74778.32263105984
1351, 74671.27787968055
931, 74553.08655268712
648, 74545.65751926426
32, 74381.9968836902
1158, 74301.80265720136
393, 74254.47172563037
1128, 74019.46503850985
602, 73955.35399674793
784, 73908.0962645005
383, 73667.68194800665
1007, 73652.58070968326
448, 73510.82863584046
1402, 73349.76618011585
300, 73293.12230352241
1142, 73191.39255437783
1073, 73097.81113755201
1331, 72980.36785107048
935, 72968.6473079353
951, 72884.05130270513
117, 72493.29192728376
1242, 72373.3672937906
1241, 72373.3672937906
351, 72275.53826091462
881, 71932.52670110778
1366, 71926.16790866684
181, 71531.37516749372
946, 71515.83422343679
1377, 71447.41349955964
573, 71353.34828561972
541, 71329.07330982585
953, 71199.11159319752
297, 71199.11159319752
590, 71177.74401454681
1038, 71018.39888925283
1297, 70859.46640865385
1211, 70842.87781423562
91, 70808.66290869644
163, 70601.54944114086
994, 70588.5015144479
1269, 70429.91062971317
1251, 70415.9165424905
1069, 70412.90034846446
92, 70283.85480132567
933, 70222.44802035723
126, 70168.20587804196
651, 70138.73065311638
917, 70035.60739775815
1259, 70004.55921422508
626, 69893.96837666346
1260, 69813.47426844474
1118, 69765.18851540142
595, 69765.18851540142
614, 69763.76770520715
34, 69705.66237130802
1296, 69705.06420598539
639, 69544.8003707602
1392, 69509.37713932768
339, 69482.48475697126
789, 69437.68158573887
1268, 69412.13245112619
147, 69381.03433520932
1357, 69173.87056029821
928, 69137.37611728898
680, 69107.70097106598
888, 68863.77646462568
631, 68815.05964373426
997, 68528.48820536183
873, 68528.48820536183
50, 68403.98913922328
196, 68399.23027223034
1352, 68366.78534718086
524, 68337.61733834604
1358, 68332.12474362044
1294, 68315.39456224527
837, 68249.93535749531
312, 68236.23478918009
913, 68154.36446793751
182, 68009.81622732102
572, 67844.90973001494
199, 67830.14161221175
443, 67824.79003074748
58, 67720.23460400682
33, 67517.62839132226
1099, 67515.98337032436
284, 67515.24717066312
895, 67454.26255185051
97, 67366.56980263987
688, 67299.30275595945
686, 67168.84216095465
851, 67154.65756829958
989, 67125.42609672528
403, 67125.42609672528
1325, 66990.07647083531
453, 66969.46410853312
452, 66969.46410853312
127, 66943.49300099067
1336, 66933.10266612505
1143, 66781.46317291766
1230, 66732.13089872927
882, 66690.3659342831
1165, 66583.98429824361
389, 66567.83302762009
687, 66564.79997932949
628, 66438.29914731861
936, 66412.95261725328
973, 66262.80458112282
804, 66213.39397835844
387, 66183.71343897058
785, 66177.8018420557
718, 66153.45891218906
1364, 66092.56820062375
1394, 66028.4964010041
1231, 66007.19312024867
844, 65937.2335506673
293, 65820.24125371376
1238, 65795.0028830596
162, 65747.7280149908
388, 65685.5405233462
849, 65675.2511277326
625, 65641.89400763159
1089, 65609.86288515221
805, 65580.51834161411
918, 65574.54681075757
1164, 65569.31648226052
200, 65569.31648226052
549, 65556.12149034318
188, 65486.495957267776
550, 65461.41006121412
608, 65373.17059653417
1333, 65357.18684543884
202, 65171.39435699725
245, 65032.08463654549
912, 64990.444830789515
1258, 64983.529413421136
1265, 64950.44016175048
1126, 64906.47983049314
283, 64841.33179778585
965, 64767.047428160244
1267, 64762.87739435913
964, 64757.30456562377
963, 64757.30456562377
138, 64755.82214760588
962, 64728.073196162564
402, 64684.98722267272
1141, 64654.24262556003
1138, 64654.24262556003
1161, 64651.840454546225
232, 64639.29022580312
521, 64566.94676168403
1140, 64451.33452530178
954, 64401.77279421351
1139, 64350.22351560566
1091, 64287.82333468585
1090, 64287.82333468585
591, 64254.38514176799
914, 64229.573704901966
1338, 64191.46351323838
1337, 64191.46351323838
1218, 64141.00415999103
1219, 64118.344313401445
357, 63970.44679786808
646, 63856.67590889461
214, 63839.33809353697
679, 63773.692814877024
400, 63680.904938331194
505, 63558.339215652246
875, 63547.441563125874
1393, 63530.59464516565
879, 63483.00034297497
878, 63483.00034297497
77, 63479.82955067242
567, 63440.86799199823
744, 63397.367479500885
1134, 63395.16421935113
23, 63349.291425626616
308, 63295.20021634694
24, 63139.634712504965
1309, 63034.75678296645
25, 62848.13411987233
1319, 62821.196447104325
493, 62808.14632223174
1048, 62761.30369789018
1391, 62719.97213739528
731, 62632.31316071869
457, 62608.4709756708
333, 62465.189134120556
684, 62440.61578088467
321, 62236.919046131545
84, 62230.70479705524
1266, 62133.05132344225
59, 62069.78542897772
763, 62037.80113368275
666, 62015.247093053105
1092, 62008.00612828464
405, 61947.89171216426
685, 61947.02165060499
975, 61927.31667612231
506, 61915.36551147093
976, 61894.51448326221
635, 61893.308864804756
634, 61893.308864804756
1163, 61875.63781025388
1186, 61830.57198310561
682, 61718.229174478845
657, 61635.601932970894
725, 61629.930931997354
732, 61538.27445380633
630, 61538.136791114695
726, 61519.985606355156
683, 61457.95927744038
1250, 61389.16753446782
1341, 61290.36967526257
1006, 61253.96581774254
681, 61134.4360924137
1087, 61048.29480639233
818, 60934.094549461406
342, 60794.3997825664
31, 60688.21053248063
529, 60630.00426982057
874, 60522.975511564924
508, 60449.02878478845
842, 60384.912042362
507, 60239.054965627794
724, 60155.866900391375
372, 60078.39828502373
675, 59956.557806997225
234, 59824.38767595427
1182, 59818.788630697054
1178, 59818.788630697054
1181, 59725.83692365581
1180, 59725.83692365581
1179, 59725.83692365581
957, 59680.8732519523
841, 59635.25962689838
1177, 59617.9502246253
1210, 59608.21886609625
948, 59551.50130375928
247, 59548.44684230037
404, 59408.95145752838
1005, 59291.97934586928
229, 58998.01686915301
230, 58980.48572755668
207, 58723.08083342994
287, 58694.98351075677
386, 58690.78309316203
111, 58659.19022485727
143, 58654.41307929171
203, 58585.07608905593
787, 58565.80679897354
788, 58425.55328877332
1214, 58382.93991289565
132, 58272.982623249416
328, 58271.18510961202
