938, 99654.91468141842
206, 98860.83052050848
638, 98829.76748382047
225, 98829.76748382047
1322, 98610.01396616679
482, 98359.16165911667
1354, 97948.09749959935
1416, 97934.38586782404
863, 97041.6708991052
566, 96822.71937532976
1000, 96751.31484628322
371, 96701.63979946173
733, 96696.15485403416
328, 96365.84242916423
132, 96360.92684443128
1214, 96061.7539116213
788, 95946.61097605187
787, 95570.75502471984
203, 95519.48641015691
1124, 95267.87179301746
386, 95239.80902118025
287, 95228.75021668526
207, 95154.88256645223
1303, 94454.062257257
588, 94326.38781816262
1305, 93960.85662092462
1005, 93698.10943414671
337, 93517.39858119428
1367, 93478.42198536177
314, 93397.17924871837
1249, 93170.12251193225
247, 93064.704016457
948, 93057.24456854403
1177, 92895.45041979635
1181, 92634.71691372774
1180, 92634.71691372774
1179, 92634.71691372774
1182, 92411.99669505427
1178, 92411.99669505427
234, 92398.63713916515
520, 91796.70585468279
632, 91791.56240498011
874, 90780.26095780484
1150, 90751.06534835414
174, 90597.52236116801
31, 90411.036576099
942, 90400.00322870248
342, 90176.38314565126
1087, 89623.50197664599
1185, 89079.18165080239
1250, 88898.82426990914
726, 88625.91610501953
630, 88588.27335150907
732, 88587.9880673383
7, 88514.61456934866
657, 88387.06856771896
1163, 87898.08644717942
405, 87752.68961549975
1324, 87727.0039276617
980, 87690.44665117255
666, 87617.88632415929
763, 87572.90502315336
59, 87509.25129122139
1284, 87471.25194817816
1360, 87438.13081731489
0, 86705.24679963978
458, 86541.62628569493
668, 86493.90100328416
490, 86463.78267877027
457, 86460.44945600603
731, 86415.02170491985
1048, 86170.66956069905
493, 86082.52251967438
1319, 86058.02067255172
1145, 85922.05379869329
1115, 85815.75275580109
1309, 85660.4575861895
1025, 85302.38656414986
1134, 85003.74403866052
744, 84999.78313484562
1, 84989.6995205858
567, 84921.71198223937
875, 84731.49646206437
734, 84679.62294477153
679, 84332.57116893954
214, 84218.05307944794
119, 84048.13035182859
357, 83990.96124684476
208, 83905.59791423386
778, 83514.8919084335
591, 83506.46042716355
1091, 83450.05018251891
1090, 83450.05018251891
753, 83089.83959540354
232, 82865.18224861813
1161, 82844.56596943561
71, 82835.98400805451
402, 82790.20342474301
138, 82674.45491461997
1258, 82306.24211145521
213, 82282.67213987402
245, 82228.48143561753
148, 82119.89423109607
1411, 82086.00652957566
892, 82072.82109987547
202, 82006.8307747419
1350, 81940.07152410607
665, 81848.42445372112
1333, 81714.5319199724
1125, 81712.72781131644
188, 81513.29310035834
549, 81405.67467140825
1164, 81385.33724155114
200, 81385.33724155114
1089, 81322.95774318658
849, 81222.72271837543
1238, 81040.30549169607
293, 81002.0489235997
120, 80999.34890393532
844, 80825.56229175741
1231, 80720.69048640036
718, 80503.02178032993
592, 80378.7205503554
1368, 80263.51891766604
109, 80175.95304359065
936, 80122.05619075205
628, 80085.19651163342
1165, 79874.53384108834
70, 79753.60266507149
1143, 79592.19297552844
1301, 79569.7089800572
1329, 79418.68214911039
127, 79363.25354082575
453, 79326.78280023132
452, 79326.78280023132
1325, 79297.88119965284
667, 79195.93743789029
989, 79109.06148098448
403, 79109.06148098448
851, 79068.49968136947
97, 78776.73217951527
496, 78617.36368390075
1099, 78573.39701327177
58, 78298.5639595275
199, 78152.15119464073
572, 78132.55561467016
311, 78103.7464877755
676, 77977.94409722862
182, 77914.98416103539
1405, 77894.2075509651
312, 77619.91791107542
837, 77602.19771662692
326, 77554.98666401228
1294, 77517.74278038734
1358, 77496.21304252872
196, 77410.08190758475
50, 77403.9874959555
997, 77245.18830562591
873, 77245.18830562591
486, 77147.79245225724
631, 76884.28796268838
888, 76823.56727522268
728, 76671.7039537923
1321, 76660.43466735547
729, 76588.60317513034
680, 76522.25254094975
928, 76485.9010137099
1357, 76441.28598865036
370, 76423.1327066772
958, 76204.37108199863
147, 76189.89117889649
789, 76121.69678605403
639, 75993.37807989614
1388, 75931.38567649545
741, 75776.044539441
614, 75733.63183732031
1260, 75675.14116923376
983, 75652.13000389545
241, 75523.75232101978
1259, 75451.8948601236
651, 75296.6484214402
126, 75262.70822583308
1069, 74983.21233113046
757, 74948.65099819328
994, 74785.0959909889
670, 74647.89471192015
1038, 74308.54021385593
590, 74134.88611419541
582, 74096.59579621346
541, 73971.43087207306
573, 73945.34215585345
1377, 73844.5892267868
211, 73828.76988428256
212, 73777.29261746042
946, 73771.64228740254
181, 73755.11276912985
497, 73405.85527584341
1366, 73340.04504297943
315, 73000.40319902248
286, 72823.35530568461
935, 72287.00313264217
1331, 72275.50422079916
51, 72178.35030379302
1073, 72160.68633105802
1142, 72069.72040903463
300, 71971.35616384474
1402, 71916.82042824088
1171, 71795.30448601759
448, 71762.65987150153
1079, 71698.0653532141
193, 71698.0653532141
756, 71647.99167318363
904, 71509.49672723845
902, 71509.49672723845
901, 71509.49672723845
900, 71509.49672723845
602, 71344.02850944934
393, 71067.85579867488
648, 70803.1575554955
931, 70796.45703585564
1034, 70782.53788257374
166, 70669.05537656964
9, 70549.38608860724
49, 70523.60093036534
652, 70370.7831589833
118, 70278.60833435091
375, 70203.14656183626
889, 70113.72059764253
897, 70037.70853553142
1328, 69898.472355351
1279, 69898.472355351
926, 69831.73522271651
1335, 69645.63722143123
1033, 69600.21871612302
1053, 69571.20258670999
585, 69563.13016833772
649, 69477.79628072538
1045, 69177.20012094543
360, 68992.67870322245
489, 68973.80587903253
956, 68960.58198779103
1226, 68941.29525991842
494, 68917.12957867356
1153, 68883.04679424908
446, 68681.68826340219
894, 68656.5864842002
1327, 68631.47120005805
797, 68619.63785774761
57, 68615.23418630923
110, 68445.48703371319
677, 68356.04029975802
616, 68348.15869603925
715, 68347.4046069842
1244, 68335.21083856083
998, 68197.7091589681
761, 67938.60062903223
385, 67849.21678082131
1008, 67740.17760049213
1304, 67483.41175026217
1122, 67393.82520241202
1254, 67387.02585310079
197, 67333.12151482969
907, 67327.64802436621
1184, 67276.91584040756
1014, 67179.98634407324
579, 67135.47694666566
1095, 67037.80834308897
1205, 66884.99922319181
492, 66829.48048250613
75, 66786.67856154135
671, 66746.32539911509
498, 66690.45078818464
1207, 66565.75657221589
737, 66556.36200431031
723, 66473.74000314601
779, 66372.65016327181
1289, 66332.27803427074
82, 66332.27803427074
1353, 66229.82741238548
561, 66182.93698360006
979, 66102.873950859
472, 65924.28248166453
543, 65892.39813580227
101, 65890.19041483954
714, 65805.27482482743
1257, 65762.36795943714
100, 65743.3186663114
988, 65700.77502538182
610, 65683.26344303292
1131, 65605.3430497121
319, 65569.3028879844
864, 65533.09148087599
447, 65504.97910980638
884, 65454.34295963739
736, 65447.23504380946
317, 65409.06601852342
1047, 65341.80280256643
925, 65275.00246858393
1078, 65242.98467464728
716, 65194.40219143404
332, 65148.337268329116
376, 65140.96126827705
859, 65088.72269665754
730, 65079.841674029994
323, 65025.996906527595
1183, 65008.98118720876
1206, 64897.2196700785
870, 64852.1341711129
1046, 64722.242959379895
1239, 64699.33208005769
1209, 64692.63988860089
79, 64631.66214628684
603, 64595.65431650547
1208, 64570.31243641852
355, 64380.581179086235
95, 64344.17873851216
1415, 64192.4885385188
843, 64066.724032424536
60, 63948.35651794437
1261, 63922.683352072505
341, 63808.41405396287
1123, 63768.751429657466
171, 63678.92906391079
48, 63552.2034237129
1359, 63504.27041592964
392, 63490.702743304886
1355, 63489.882773317375
1212, 63442.5315456002
329, 63125.86696752652
650, 63111.68238468713
1225, 63072.0504589342
243, 63060.41627351166
568, 62928.23259914542
394, 62688.42963497104
406, 62681.719357975766
1030, 62672.204696942004
615, 62669.2755663124
294, 62530.45599763487
1276, 62500.16109150201
810, 62383.55325021164
324, 62317.099702785075
407, 62304.31427928804
1068, 62210.34025547203
1252, 62181.37401340047
678, 61974.335405901395
52, 61555.707325777876
1375, 61366.80012196025
1104, 61192.86185018766
629, 61143.17653830762
349, 61109.89994164877
974, 61034.69218099923
87, 60832.1800686953
1133, 60765.552384308365
499, 60728.54607993185
927, 60652.374615434535
1291, 60647.764699070205
462, 60620.21038368821
769, 60518.33896192089
76, 60456.92291011192
322, 60436.308068486156
1114, 60227.50527413143
655, 60165.04915511702
871, 59895.172775081264
38, 59867.02775261303
945, 59768.35399746724
869, 59750.88777609652
848, 59689.61039228516
617, 59637.70336630856
253, 59578.25904313545
1213, 59531.99418835834
1132, 59513.682526223274
1332, 59511.981746681886
944, 59481.55749903905
569, 59294.86232379858
689, 59261.00217029882
1292, 59220.2378651163
1293, 59204.49209502501
1349, 59203.932343001434
803, 59170.926067001594
244, 59072.661871539865
735, 59056.50997187047
436, 59045.765243252805
1072, 58927.57815538653
121, 58895.38035285382
937, 58861.16295365579
906, 58846.43839752728
262, 58812.70664664462
1194, 58812.65253195297
54, 58658.04646080042
943, 58628.385710921546
1019, 58559.7982483389
445, 58559.7982483389
115, 58506.33092319059
8, 58423.03996598757
947, 58264.13973792176
439, 58249.88941913618
114, 58221.81169484625
641, 58209.40507970136
1071, 58131.49313130163
1070, 58131.49270703282
263, 58081.071092533224
1107, 57971.17214570231
1011, 57932.98035720371
822, 57909.73691956368
838, 57858.91418173582
916, 57819.019653971445
924, 57691.2518264701
982, 57689.69992102549
1295, 57581.93081682078
201, 57435.79627909715
78, 57361.25841879497
1227, 57354.65296141952
1339, 57307.35151374374
81, 57211.47126523203
823, 57128.54355036946
1420, 57038.10006554029
542, 56975.069731065254
539, 56975.069731065254
261, 56912.38960672178
721, 56856.052441359774
627, 56822.25443485024
760, 56608.651563520274
722, 56596.70143744018
301, 56542.75599813331
408, 56380.99376273896
528, 56352.51373638876
893, 56351.60436670603
1215, 56302.07359273699
959, 56295.42471475819
35, 56272.94595598287
941, 56268.976790659675
1233, 56211.283536938594
105, 55930.09619181509
103, 55930.09619181509
83, 55927.54938173749
237, 55907.87515159637
104, 55904.65033730838
378, 55882.48617122719
1220, 55756.84224183779
952, 55489.99955758159
1055, 55334.878284730235
767, 55310.70602741486
190, 55281.57546621267
1120, 55212.815105828595
578, 55135.234325266916
1272, 55000.492054519236
950, 54968.31018759198
519, 54919.56204236713
292, 54883.06424819472
738, 54881.62766753554
476, 54836.72981489973
911, 54696.04520678805
996, 54487.17953388874
336, 54408.568301675296
1256, 54364.909674000184
377, 54306.44568313977
1270, 54296.91751569552
440, 54243.51813766069
99, 54239.819800032616
265, 54227.45729740787
296, 54212.56485727142
559, 54192.2502925954
66, 54162.23732506975
1154, 54149.38344430614
1275, 54001.13190910133
872, 53991.52392343214
755, 53935.52310352033
467, 53712.62458140831
469, 53692.095718057266
468, 53664.76228872548
862, 53607.73427165427
466, 53545.8280836469
1383, 53503.83384273572
1151, 53454.45772618894
313, 53428.35062211406
770, 53423.730028167505
1021, 53206.56726879407
624, 53190.28641831671
1050, 53113.992424490476
1135, 53026.48951920294
1156, 52952.04546844231
1049, 52887.38684653448
664, 52845.64586251736
344, 52812.284925666805
717, 52756.29554545517
345, 52654.87414131307
1064, 52608.77745981199
431, 52596.045111208965
1098, 52576.01397554964
1022, 52535.21977085859
1356, 52394.62163340707
1054, 52375.89708548981
175, 52348.6545219045
713, 52268.8905611584
839, 52224.04740280415
280, 52194.65570243609
1024, 51980.70067957639
1023, 51980.70067957639
1237, 51980.698876365226
1370, 51916.066446542194
