194, 99901.2522699452
619, 99898.30876395635
905, 99891.20378271482
899, 99891.20378271482
749, 99521.84151651766
192, 99502.40290788177
191, 99502.40290788177
1264, 99164.24074869417
1263, 99164.24074869417
460, 99032.60141723939
209, 98845.05001378879
699, 98487.23599014107
249, 98315.92816075904
1058, 98291.2411720891
1043, 97793.91507240577
330, 97751.7478225529
444, 97676.83105192095
366, 97651.3638865692
1401, 97475.63912987571
759, 97454.95642147152
556, 97302.83874178605
180, 97273.49685713371
172, 97261.35426805356
604, 97158.41917596506
397, 97041.63966695986
835, 97013.51488599661
600, 96901.47435468172
1002, 96788.62787624591
545, 96763.84194629693
398, 96719.58361868635
1403, 96450.79149473125
228, 96394.9070888547
500, 95736.75933045972
620, 95693.98578714205
1170, 95556.15386721797
504, 95517.98892871458
61, 95407.83752116033
250, 95070.35664653602
305, 95025.54837006865
1173, 94957.38722445277
645, 94876.30001092257
644, 94876.30001092257
63, 94876.30001092257
704, 94734.46331349488
702, 94734.46331349488
64, 94611.4764416069
594, 94264.68559873024
782, 93871.42429742584
868, 93765.87411338241
216, 93583.19212359207
161, 93527.98652697344
160, 93518.35950002556
159, 93504.31284484293
210, 92824.77840649628
146, 92824.77840649628
1152, 92479.02593623076
309, 92408.83605913032
1240, 92170.797056598
88, 90982.44911366458
270, 90918.51926023001
268, 90918.51926023001
170, 90822.67495464809
53, 90822.67495464809
218, 90797.44748878802
158, 90415.86473410831
157, 90415.86473410831
1044, 89949.71846386277
1067, 89901.97132610428
1398, 89898.87097099541
834, 89864.88035489127
169, 89847.88914948628
1382, 89833.6786115819
659, 89522.44921132468
1028, 89087.49323244127
285, 88790.18852734606
424, 88754.42568826152
423, 88727.38991261525
1036, 88602.37332995766
471, 88513.8309973194
418, 88470.7426323204
1136, 88406.64954303594
1313, 88363.02966475085
518, 87837.46871646085
696, 87591.46901579293
705, 87344.09765742677
703, 87344.09765742677
459, 87200.997940335
908, 86750.8216782477
1057, 86186.63665674276
558, 85970.73833531028
134, 85743.58163681104
1414, 85642.47877597713
238, 85561.53063499974
1076, 85517.9966802498
1075, 85209.80359255712
840, 85134.73175577848
775, 84913.35829498935
575, 84668.69359266278
421, 84463.28959230137
427, 84320.5108165738
1262, 84150.9566956167
546, 83974.64273653651
399, 83300.28134442237
915, 82080.56899817643
512, 81881.27996917664
108, 81695.2651347883
643, 81416.07677423903
177, 81376.93262969953
1413, 81030.02263530278
1255, 80892.26853069387
1348, 80868.87112613893
613, 80694.6143392552
701, 80479.94474773505
272, 80392.0304579121
43, 79948.18947673657
45, 79914.10751957663
1362, 79592.9879727866
745, 79537.24741636297
1285, 79351.59725397173
1193, 79315.60932027652
156, 79230.40017159327
217, 79129.60034559174
1149, 79076.97342050538
1286, 78950.0251531073
698, 78909.24151852535
830, 78718.66023549261
544, 78695.65571043716
461, 78170.95885473913
920, 77360.41926572497
1236, 77330.30531584231
1302, 77294.95477815959
135, 77226.91561973847
93, 77017.84986361541
142, 76935.47559008324
612, 76661.8789113004
102, 76528.93627334104
136, 76526.45888737305
19, 76522.56599059732
1379, 76452.55994208429
1419, 76404.30418245004
1334, 75931.35209833864
1199, 75885.78280191576
65, 75820.4448662867
62, 75820.4448662867
5, 75766.33637712862
503, 75728.8281136168
112, 75682.63144990799
137, 75671.12140672997
919, 75597.89221407013
4, 75521.23475651615
1299, 75450.40676782023
1084, 75318.48812540584
1082, 75318.48812540584
369, 75100.71796345158
1003, 74862.92926591946
1373, 74814.99843567425
750, 74804.04058340634
1147, 74789.4270321894
464, 74789.4270321894
1004, 74740.31974702787
145, 74703.26292188227
751, 74661.88786320202
15, 74325.7978922526
363, 74158.66230935066
1020, 74096.35802559058
1318, 73984.90245866432
364, 73973.17668322795
845, 73906.6042588193
799, 73889.81183290223
798, 73889.81183290223
353, 73738.17238151193
1035, 73649.6361746512
633, 73632.5027777258
239, 73440.15118399652
21, 73440.15118399652
692, 73382.72817156257
609, 73367.51109751096
661, 73200.31101308354
1029, 73143.68623388762
350, 72588.14844671496
425, 72554.32515037352
348, 72546.50382644044
516, 72437.92834064277
269, 72260.3853847978
6, 72148.49402654971
416, 72137.51313465835
3, 71992.68803598262
2, 71992.68803598262
1172, 71933.49970457313
396, 71835.62822310436
44, 71835.62822310436
74, 71764.69722220705
291, 71646.51256032751
754, 71530.78383781393
1148, 71375.09505144582
1308, 71313.96508466097
712, 71142.04209846891
1144, 71108.97446545064
133, 70665.99813457982
1246, 70571.89461792017
811, 70557.25355008662
932, 70264.99297432147
411, 70098.01894528345
426, 70028.27834900204
414, 70028.27834900204
1100, 69974.98756758435
352, 69942.35239124314
479, 69923.87036080453
422, 69764.3325440298
413, 69764.3325440298
219, 69730.45415221642
141, 69703.09712780784
690, 69686.23446887577
955, 69677.60579542464
502, 69562.59294946995
765, 69539.2035320835
515, 69539.2035320835
514, 69539.2035320835
123, 69448.32471873547
1060, 69420.79045702735
412, 69350.76497790011
739, 69344.97658933533
740, 69292.32259382207
984, 69145.91750282979
480, 69118.54052232114
1117, 68801.68764362895
1162, 68719.78213770699
829, 68719.78213770699
481, 68709.79676790853
636, 68656.32396438107
828, 68560.11596015678
654, 68503.83935207521
428, 68500.04804915375
987, 68159.67869883189
985, 68159.67869883189
1080, 68141.29060572779
1314, 68012.16898258559
986, 67972.79266735287
382, 67652.7752316389
1103, 67470.18660258311
470, 67345.01911891639
179, 67087.78189714189
1312, 67031.21560016603
812, 67003.01394427671
41, 66745.98275418805
189, 66653.05052662191
274, 66623.97969178412
271, 66623.97969178412
813, 66450.39755777652
435, 66447.091243691
1077, 66443.0109106985
1396, 66292.27578998297
961, 66191.21024238682
176, 66029.67033834227
46, 65969.8023279999
1245, 65834.76105292988
513, 65807.90489579877
11, 65781.98687663182
473, 65763.6423894665
1192, 65743.92028414238
20, 65727.89557232615
246, 65226.06662412661
242, 65208.99929226226
227, 65188.98085608258
662, 65143.50529128366
663, 64969.3426925411
362, 64549.49212896466
358, 64416.89660149597
1074, 63964.30044903307
256, 63727.89730409577
795, 63495.033859853735
831, 63416.29264567418
251, 63229.008405113265
55, 62892.858401969774
796, 62792.74563822913
697, 62726.60287082771
852, 62710.33147450526
695, 62537.18721296034
273, 62485.21504947431
794, 62326.51127127099
791, 62159.81271928094
39, 62145.21390409491
1190, 62015.25355251491
674, 61989.64962748886
1188, 61985.90779182558
139, 61927.89512448226
1404, 61892.46641691805
1228, 61873.99258288747
865, 61873.99258288747
1317, 61756.55663095726
815, 61726.82157805973
656, 61586.91697374074
501, 61449.46766668965
694, 61415.88197115464
691, 61394.112905713264
40, 61302.95866479786
1344, 61029.4926402775
606, 60950.62053341369
1381, 60893.04626818618
1039, 60581.03736459517
1061, 60428.96823950181
700, 60138.084866398975
866, 60012.34213026084
302, 59972.15268548471
673, 59919.88794901406
992, 59913.155414885885
860, 59784.012964453
562, 59768.16628548964
1085, 59746.087535231905
564, 59670.22857708923
706, 59559.83262779515
1280, 59534.85414414665
451, 59531.3397244449
1234, 59529.65118255531
1086, 59520.4306557489
693, 59503.29787193882
1399, 59410.15571617021
1288, 58782.02893736945
1397, 58727.55290438029
1109, 58684.83432317872
1081, 58664.20762938881
1110, 58405.59908434211
1108, 58405.59908434211
607, 58253.52668962234
1101, 57704.30979338124
151, 57636.46912254217
401, 57565.87512345316
1395, 57545.34625006086
861, 57516.11078302975
124, 57427.73050740365
149, 57427.03083756867
264, 56775.39935147816
1056, 56755.67937836925
164, 56740.68417352003
1389, 56563.55221701314
922, 56548.76702683932
1106, 56289.04976245474
1105, 56289.04976245474
1102, 56289.04874151364
653, 56225.47980014413
409, 56123.23882071058
391, 56101.29245446572
155, 56040.782585604386
1400, 55944.16787366011
1088, 55922.85370627647
1232, 55902.18812415171
437, 55851.47744732353
1018, 55815.39564212362
154, 55815.39564212362
571, 55593.33505775051
709, 55423.757650626285
554, 55371.86973932983
555, 55244.785400491615
855, 55149.04744617539
454, 55140.74246398607
1059, 55090.90084938522
856, 55037.30184850328
854, 55037.30184850328
442, 54767.26421071329
233, 54655.72267209696
1113, 54655.57455055952
1323, 53962.203464189275
168, 53683.159628725465
26, 53483.658190491056
434, 53404.143790209935
390, 53375.342766419446
72, 53266.448602304015
553, 53189.276137282206
419, 53102.780082472214
417, 52996.95717991613
167, 52996.63180614562
267, 52986.80527373014
1027, 52625.4120244986
410, 52593.39894284379
993, 52293.279054444094
187, 52154.328069597235
42, 51663.689495164435
647, 51530.94224722298
903, 51528.45736563325
1410, 51459.98999000058
122, 51404.229424117184
1300, 51403.062815993595
574, 51377.37486767671
1015, 51283.910038515154
968, 50975.18162386049
1016, 50676.58238200861
1409, 50641.307441088466
1065, 50641.307441088466
85, 50641.307441088466
1408, 50629.231712973
1407, 50624.39311809281
601, 50622.8800731535
86, 50580.630444124465
441, 50242.80766263478
1017, 50203.09554832417
783, 49962.03153456153
802, 49917.1657856356
801, 49917.1657856356
346, 49904.93202440302
970, 49662.2984378164
304, 48922.84812995286
1191, 48878.56167286593
1189, 48675.46286700491
565, 48505.684629976546
762, 48345.910280715834
772, 48279.1130364863
1066, 48245.18255222539
776, 47971.31955918882
1287, 47862.88698986685
420, 47713.67118325218
969, 47692.90733846805
415, 47620.41530615826
1155, 47571.32609005325
972, 47419.09314507348
967, 47419.09314507348
361, 47413.14608942612
1346, 47298.85299242893
853, 47290.743511241206
583, 46770.20387457239
222, 46328.53480041998
367, 46056.03146091879
116, 45661.671343129135
347, 45630.17487307512
858, 45566.60493252359
1290, 45357.309313136415
827, 45320.77180152218
1040, 45185.61144041752
971, 44857.19436018883
846, 44795.37766286058
517, 44794.525035265084
1342, 44719.09164771565
540, 44556.56823703869
1204, 44472.959979034524
495, 44289.539865923376
1201, 44249.62308154989
433, 44234.915136112155
204, 44230.74618444183
488, 44149.75429347211
509, 44127.9358778289
930, 44060.32018512851
277, 43962.487662438085
1274, 43949.45550533404
252, 43894.19168828383
1200, 43681.41849134545
1169, 43568.014022225434
885, 43064.56287039785
1224, 43029.52392400376
867, 42954.09902672835
781, 42930.81862261834
153, 42913.45395438107
231, 42682.84630518355
30, 42529.44922457253
220, 42411.02135923374
354, 42395.83870514072
299, 42347.0192779353
107, 42250.879475548216
584, 42194.32139206571
380, 42157.97226131051
978, 42111.14483063248
279, 41990.40245777883
450, 41842.185687727586
449, 41842.185687727586
278, 41817.53095347279
478, 41707.49117011496
771, 41655.588402031804
221, 41525.55266969195
106, 41444.587826323965
1111, 41437.33364673859
622, 41432.37801768544
621, 41432.37801768544
581, 41334.76943250377
1013, 40876.48441044062
1012, 40860.022627252234
618, 40849.66938779056
1137, 40733.984624844554
56, 40570.57049406184
1310, 40564.12935344313
557, 40242.145434617785
780, 40148.10018432791
534, 40042.47041001126
836, 40033.56259515594
29, 39850.497493902374
1217, 39732.92956588763
1216, 39732.92956588763
131, 39532.63352564491
536, 39495.956626409425
535, 39495.956626409425
395, 39333.67728269191
847, 39240.91656954017
1112, 38967.10255012141
1306, 38892.591020867185
596, 38870.67646617391
605, 38813.94438843524
977, 38729.86174719598
1052, 38640.719113442065
598, 38475.68308099909
178, 38417.452088072045
381, 38031.83574002822
173, 37902.577743478665
597, 37855.09310175228
