432, 99902.79713168216
275, 99743.55990893749
537, 99412.39954787391
538, 98838.01480226613
814, 98329.4690565201
140, 98270.52964871594
570, 97559.6567737826
921, 96941.32680402386
1343, 96057.12162895623
525, 95952.00226176958
560, 95680.51043472702
18, 95677.52027727805
474, 95120.18989588214
14, 95037.71965839821
576, 95037.67658968376
877, 94987.30795513335
531, 94766.54613522596
1330, 94730.04207024307
186, 94555.76546974435
36, 94555.76546974435
334, 94380.65035614964
1378, 94337.16913082644
226, 94054.72264158085
1031, 94021.28189930269
826, 93551.16282434302
800, 93495.27582460309
857, 93089.932508331
1363, 92500.45401434925
790, 92442.0440635185
215, 92312.306481256
597, 92269.91945680547
173, 91989.01656046859
1010, 91855.63698218804
381, 91236.44858746727
949, 91129.32152682783
1175, 90696.6600015676
16, 89671.36861785516
178, 89091.17517739143
598, 88779.58261337662
1121, 88379.0863932586
623, 88252.97541297614
1052, 87913.19072613459
977, 87455.22380234631
1051, 87034.23519141988
605, 87029.50299374174
596, 86745.6242391004
1306, 86636.68281033197
1083, 86387.99644416859
1112, 86269.21765753838
1176, 86171.08144883881
752, 86120.85951289049
719, 85774.4450709872
90, 85040.26790326861
847, 84956.79891752322
563, 84772.19750330322
395, 84525.23521139688
611, 83999.76654233148
1376, 83981.55269175529
290, 83831.84476763914
960, 83787.53674419729
536, 83785.45775981812
535, 83785.45775981812
131, 83620.88133803109
1217, 82738.63649218666
1216, 82738.63649218666
850, 82695.62407094316
29, 82233.4388198214
836, 81464.7233662352
534, 81427.86223161948
1282, 81231.45955957986
780, 80994.52184304074
1277, 80732.83151085836
557, 80614.45558727234
1247, 80564.14425675574
819, 80460.70560905215
1062, 80421.87056001539
1223, 80294.1974590869
1310, 79352.67056110692
56, 79328.03299856075
1221, 79301.5449953563
1412, 78862.70083060244
577, 78751.63087871681
1137, 78710.61174958153
335, 78614.38843136557
338, 78483.24079012746
618, 78282.23369231235
1012, 78244.24059506076
1013, 78183.94651045953
223, 78005.80882374481
1001, 77455.64129102974
260, 77405.43272633264
581, 76560.38662043927
622, 76227.76540622613
621, 76227.76540622613
1111, 76210.9967617022
106, 76186.47090569018
221, 75914.37930463761
113, 75811.28996288123
771, 75483.60411043209
478, 75313.7679416099
710, 74993.1324310358
278, 74957.58980073644
450, 74878.50366658463
449, 74878.50366658463
279, 74408.48773340459
890, 74244.10835346776
259, 74234.63413272213
978, 74032.34161436335
999, 73919.3651787162
380, 73888.05723973826
584, 73776.66534823309
107, 73604.38820822595
359, 73461.18080958881
743, 73345.35879024085
299, 73314.4284124051
354, 73168.56023248371
220, 73123.38228299501
1037, 72947.08733346345
37, 72857.91543614284
30, 72773.98634831994
47, 72613.40538295213
80, 72379.32270292442
231, 72329.18743820305
94, 72126.59794972932
310, 71938.83567212263
153, 71676.4821467028
1281, 71646.01666967262
781, 71628.09122325912
867, 71563.37831124378
1224, 71354.99698460873
1390, 71336.71493954629
909, 71277.06615688607
885, 71258.8517714777
67, 71157.05170055844
205, 71075.86932841387
1009, 70423.97937603774
742, 70309.21618239336
224, 70227.01388120906
711, 70117.51638643163
1169, 69921.88238389252
1200, 69631.75672708069
1371, 69258.25368134504
1026, 69206.8507323479
252, 69097.82605988713
1274, 68961.3205201999
277, 68929.2585855425
930, 68690.11913842571
509, 68526.42294843229
488, 68473.87397115777
204, 68279.96087327473
433, 68270.02832367217
1201, 68235.02456578938
495, 68140.32317759393
1204, 67710.67685682185
552, 67687.46883090811
540, 67517.78373642682
1342, 67147.98757396282
517, 66978.6259780838
846, 66976.71980929478
971, 66839.00066634738
1316, 66755.55574813655
637, 66755.55574813655
809, 66663.5644038809
807, 66663.5644038809
379, 66521.49697179963
1040, 66122.89799652631
827, 65835.57894695499
1406, 65811.99345567843
483, 65811.99345567843
484, 65766.0490507567
1290, 65758.62909378354
485, 65615.80697600267
858, 65323.62911211992
347, 65193.42428119296
116, 65129.23866118923
981, 65079.04502803259
12, 64765.6620936521
73, 64549.15467108089
929, 64392.44469557971
367, 64343.39769939148
222, 63818.96412022705
248, 63814.48905444967
824, 63812.7846884767
589, 63775.20843375319
526, 63491.76473108746
89, 63211.25709951543
1417, 63184.74407381247
295, 63057.07289119675
289, 63007.80804090192
583, 62999.432805940334
1235, 62488.28157526366
235, 62448.28949590026
325, 62392.23842182294
720, 62361.19289332008
940, 62285.60877175732
832, 62285.60877175732
288, 62085.83502590373
853, 62079.00488257977
1346, 62065.03611541387
384, 61920.80149080946
1347, 61889.69201805462
361, 61869.335099925636
972, 61859.211620284885
967, 61859.211620284885
13, 61681.0323121649
22, 61681.022714096915
1155, 61602.04791306368
281, 61557.87481985946
185, 61528.97759602653
415, 61519.92608362703
969, 61399.36061108894
420, 61364.98142438932
876, 61171.41438598197
1287, 61119.91913586405
1119, 61036.478304826895
776, 60944.008144065185
1066, 60507.6540452402
772, 60454.367836657555
465, 60375.60943037266
762, 60349.957337331274
356, 60283.32008221909
1283, 60137.498748364334
565, 60102.82672668473
307, 60085.38752379107
1174, 60042.77521109275
150, 60042.77521109275
152, 60003.585912350834
1189, 59844.18645004484
777, 59559.09767768065
1191, 59540.02104750632
304, 59474.43973085957
165, 59430.65012379345
1222, 59337.128578515854
1271, 59202.13999299001
1248, 59195.58003021456
970, 58417.03723118582
125, 58393.60842506221
343, 58287.142283021945
258, 58196.844322341014
808, 58195.80378883743
346, 58084.8499251473
802, 58068.285800493766
801, 58068.285800493766
783, 58007.68902941318
1017, 57686.08724938201
441, 57633.743295719054
475, 57350.65146685453
438, 57235.1708255921
86, 57195.54586019123
891, 57193.327294652154
601, 57141.61882290969
1407, 57139.69114009363
1408, 57133.52821304081
1409, 57118.15826783217
1065, 57118.15826783217
85, 57118.15826783217
1016, 57073.34964208841
1273, 56978.458273155076
530, 56969.69249728316
968, 56699.29622134264
1015, 56322.163954097785
574, 56209.86207355925
1300, 56179.14667397158
122, 56177.7532712618
1410, 56111.30657848602
903, 56030.128485794536
647, 56027.19076214523
42, 55871.10684798748
1032, 55662.413688199675
187, 55308.42297459864
993, 55153.01049194661
817, 55036.69653850877
477, 54878.12522349008
1063, 54859.9198080442
410, 54823.058959590475
266, 54792.25475685125
1027, 54788.31718805296
463, 54785.110736975876
184, 54683.43330687406
183, 54683.43330687406
748, 54571.42858355731
267, 54402.02156194515
167, 54391.66700086506
417, 54391.324276217965
98, 54289.854653685696
419, 54280.308827529356
1278, 54244.090119153974
456, 54238.55317118784
1418, 54210.86120472976
553, 54190.23092342831
236, 54118.693102483616
72, 54110.36050137561
934, 54054.80384699608
390, 53998.44972589765
434, 53969.00428988767
26, 53888.04130138576
1307, 53887.234120839654
1094, 53826.57048295316
455, 53773.13586145991
168, 53687.017014751706
1326, 53575.58915490592
1323, 53410.80467069277
768, 53300.885477275486
331, 53282.99615778589
195, 53204.08493384827
793, 53191.08446474173
833, 53173.10014821409
1315, 53029.91031498432
365, 53029.91031498432
257, 52939.43072519092
1384, 52831.39755029535
1113, 52748.465350035076
233, 52748.32738576486
442, 52644.85021875699
816, 52526.64052349033
527, 52490.27542581576
856, 52397.72648549449
854, 52397.72648549449
1059, 52349.23756788287
454, 52304.31263064527
855, 52296.84227898977
555, 52211.04121807459
825, 52210.54407981815
240, 52189.367602269835
368, 52149.097601729954
554, 52098.03684061549
709, 52052.18662629223
786, 51968.2216074907
276, 51948.999711761644
640, 51935.77663410471
17, 51920.51931117025
10, 51920.51931117025
571, 51903.495558284
792, 51890.143321567215
429, 51818.51413089571
255, 51772.60418064046
1018, 51711.417484198144
154, 51711.417484198144
437, 51680.48515607316
1232, 51637.14158308473
1088, 51619.521592190744
1400, 51601.37481627357
430, 51544.303979412856
155, 51519.44976115341
306, 51484.87076378432
391, 51468.41557790259
409, 51449.95807887068
1102, 51311.39652761146
1106, 51311.39567925078
1105, 51311.39567925078
820, 51264.275782874225
642, 51195.97816724807
922, 51097.468004593335
1056, 50929.69410548348
264, 50913.82532362867
1370, 50546.876744543435
1369, 50546.876744543435
149, 50400.963856087714
124, 50400.42493128145
861, 50332.54720379012
1395, 50310.17982482044
401, 50294.499099246896
151, 50240.73631037866
713, 50216.84406893436
1101, 50189.302148402516
1356, 50101.336257964125
345, 49865.657470878235
607, 49781.087156962734
717, 49775.036255625586
1110, 49670.56809679269
1108, 49670.56809679269
1135, 49536.887241734825
1081, 49485.049132181266
1109, 49470.38184491939
1397, 49440.0657446565
1288, 49401.5233780392
770, 49195.161613361684
313, 49191.244176286964
1383, 49127.4316968619
466, 49092.07964025714
862, 49040.15849468306
468, 48992.53148065874
469, 48969.77251480925
1399, 48966.43163263008
467, 48952.708430589584
1086, 48891.77226456445
1234, 48885.55251869461
451, 48884.41388564431
564, 48791.15814579449
1085, 48740.55572369351
562, 48725.87169655918
872, 48723.32650899485
860, 48715.34459868264
992, 48629.93017963283
673, 48625.49559380412
302, 48591.13116067266
866, 48564.779971031
99, 48522.87508724793
700, 48482.744559998675
1270, 48477.27034515456
1256, 48423.20031298054
1061, 48295.324354871525
1039, 48198.6304836562
476, 48054.92075636764
519, 47991.489571702514
1272, 47929.86039595209
1344, 47918.48703677965
1120, 47769.77561485377
190, 47718.42364216194
501, 47662.718283738905
815, 47497.18363145991
1317, 47479.59279173091
1228, 47410.411197425376
865, 47410.411197425376
1404, 47399.57044977735
139, 47378.812245761
1188, 47344.91214154138
674, 47342.72941580259
1190, 47327.8063343643
104, 47263.72264879278
237, 47261.41792725979
83, 47247.367700438444
105, 47245.55024516279
103, 47245.55024516279
794, 47148.11402552627
273, 47057.70074902042
528, 46948.27167165777
852, 46930.82468203094
408, 46928.52241035112
796, 46884.77323383241
831, 46543.072629205264
256, 46376.64406268746
81, 46368.28775721703
1227, 46274.660988511685
78, 46270.362045271766
1074, 46252.24470457674
362, 45951.01652542022
1011, 45904.93341077107
641, 45732.84744458173
114, 45725.192215051255
947, 45699.1184049315
227, 45632.35190534576
1019, 45518.862832234365
445, 45518.862832234365
54, 45459.67734281366
1245, 45321.159397642674
244, 45213.73796727105
1396, 45106.85530860435
689, 45104.02110041902
569, 45084.42612722811
1077, 45037.33407882073
1132, 44958.73802041269
274, 44954.56459317953
271, 44954.56459317953
253, 44921.955392937176
617, 44888.2194620009
869, 44824.30968141932
38, 44759.170048129934
871, 44743.45073444334
655, 44594.021732952235
322, 44446.161048486574
769, 44401.89932515066
1314, 44343.84946194559
927, 44330.023137520206
1080, 44289.13116793691
1133, 44269.75871736319
654, 44137.305877203034
828, 44113.975407903476
349, 44088.765177424786
481, 44052.22782185106
1162, 44048.124278638206
829, 44048.124278638206
740, 43816.064393668334
739, 43795.03680517014
1060, 43764.85157802324
123, 43753.915427209824
765, 43717.91997985382
515, 43717.91997985382
514, 43717.91997985382
502, 43708.680636260666
690, 43660.00708064655
141, 43653.39057381117
932, 43435.85459770071
1030, 43309.84355505645
133, 43284.01802353286
568, 43188.4150433639
1225, 43120.93338351741
48, 42899.3430319923
74, 42881.89499234993
1172, 42821.85008518362
1123, 42801.23093387181
6, 42746.022074561144
269, 42706.842278710064
516, 42645.068605016415
1415, 42612.43311838015
1029, 42404.19427932118
661, 42385.18613757885
1046, 42382.15314686507
870, 42326.63962974534
1183, 42260.0934892418
