687, 99903.3467981295
389, 99896.51554070234
882, 99621.8336129689
1230, 99528.78342620727
973, 99415.50590696707
804, 99304.32587788919
387, 99237.58081527155
785, 99224.29049287745
1336, 99085.05632167483
1364, 99032.80179497522
1394, 98889.0179751288
686, 98572.91561975093
688, 98293.28650571291
162, 98260.57854097722
388, 98121.7441409055
625, 98024.38021826424
895, 97964.59228829612
805, 97887.57522621876
918, 97874.27155046441
284, 97836.247577505
33, 97831.2477159303
550, 97622.44514448401
608, 97426.33322121858
443, 97193.46025527464
912, 96578.72247092013
913, 96524.58309398137
1265, 96490.40539917383
1126, 96393.41643841277
283, 96249.79855378672
524, 96159.38634842119
1352, 96101.6931636873
965, 96086.21022691549
1267, 96077.03239742627
964, 96064.76804800105
963, 96064.76804800105
962, 96000.45410371051
1141, 95838.13928256878
1138, 95838.13928256878
521, 95646.45185662853
1140, 95392.97000417068
954, 95284.43868526044
1139, 95171.63994674476
914, 94907.97535732461
1338, 94824.78875072053
1337, 94824.78875072053
1218, 94714.71899399668
1219, 94665.31668151019
1268, 94109.44144945161
646, 94096.03801482977
339, 93980.42704006082
1392, 93931.27311958656
400, 93714.87436059654
1296, 93576.27149510081
34, 93575.19350365909
1118, 93468.13399961135
595, 93468.13399961135
505, 93449.67432204024
1393, 93389.70911191146
879, 93286.89936732313
878, 93286.89936732313
77, 93280.05262411217
626, 93237.9760966434
23, 92998.4579822075
917, 92987.11119049569
308, 92881.93243764543
933, 92659.77769313417
92, 92553.07708134275
24, 92547.32501571027
1251, 92325.06330581254
1269, 92301.01731346866
163, 92007.87694719287
25, 91922.39670716644
91, 91658.49100519717
1391, 91648.48688258657
1211, 91601.22370157455
1297, 91573.50412290018
333, 91105.49118357939
684, 91053.22761190945
953, 91012.42574583985
297, 91012.42574583985
321, 90620.72207856856
84, 90607.54777257094
1266, 90400.67832235053
1092, 90136.21371480607
685, 90007.40991167651
975, 89965.81607598289
506, 89940.59504668687
976, 89896.60282341462
635, 89894.05957782432
634, 89894.05957782432
881, 89841.50454963492
1186, 89761.77829292063
682, 89525.20520997452
725, 89339.53768527803
351, 89312.10999221524
1242, 89163.1761046235
1241, 89163.1761046235
117, 88981.82565313944
683, 88978.6131661192
1341, 88627.7546090886
1006, 88551.6541322588
951, 88400.08012880258
681, 88302.0663375404
818, 87884.708164188
1007, 87295.28070101558
383, 87274.07641684546
529, 87253.53154070141
784, 86939.040466975
508, 86879.21267749404
1128, 86785.44188625184
842, 86746.83243098015
507, 86446.14161984224
1158, 86400.50757134116
32, 86292.32323770945
724, 86274.92926133114
372, 86115.67309003587
1351, 85906.22724410387
675, 85865.55922911003
910, 85764.98301019995
957, 85301.25281355141
841, 85208.10072435858
1210, 85152.90696055177
316, 84774.03852238118
404, 84746.83667069694
774, 84439.30149251269
773, 84439.30149251269
1093, 84380.38026760764
510, 84380.38026760764
660, 84320.87214512915
96, 84234.46590295556
1146, 83936.75557075036
229, 83913.08525969894
230, 83877.62513538636
1130, 83872.06639464901
821, 83550.53831542408
1380, 83547.24899901311
658, 83423.76267073111
111, 83229.315187994
143, 83219.69830844621
1311, 82925.91449766007
1298, 82689.3990174199
511, 82571.53857002452
1196, 82468.90141059969
523, 82403.11876599882
1197, 82360.64679449816
991, 82324.05492317119
1386, 82041.23515335357
1387, 81904.35890259602
586, 81847.70771155591
1345, 81269.89973280588
1195, 81247.77389007679
1198, 81237.68747005564
1374, 81212.66751387574
764, 80696.8438931308
1116, 80595.80102984383
1340, 80578.09352612181
1365, 80346.0142916542
373, 80336.16477703792
282, 80181.09883318274
766, 80024.53051122722
1096, 79969.93654437739
130, 79684.82483966934
599, 79568.7346827627
883, 79394.69606994218
1361, 79228.5372821897
587, 79190.40500545215
995, 78645.0657084605
758, 78638.88990630055
198, 78566.02851848771
1097, 78460.68697926939
1229, 78439.62588939875
303, 78227.27307016055
747, 78107.2202542029
669, 77994.6810258217
327, 77913.80475224431
1243, 77852.69445270656
746, 77826.4602778452
990, 77626.4148712976
896, 77596.32459163938
551, 77417.55776186753
887, 77191.29236472973
1167, 77117.21936613711
880, 76988.2547263601
707, 76841.4595940968
966, 76823.36360089233
1042, 76760.97227465197
1203, 76756.77980138986
1372, 76672.98044339442
806, 76607.13309607432
1041, 76493.64258793122
1127, 76059.44495751412
1129, 75991.03130815379
548, 75801.0491377126
547, 75779.71548966288
340, 75332.08944644952
522, 75209.47251356386
1237, 75001.97970014787
1024, 75001.9759460311
1023, 75001.9759460311
1202, 74891.19827616525
1320, 74728.1282034688
280, 74560.97592613469
839, 74501.07930885878
175, 74248.95211059565
1054, 74194.21632501323
1022, 73876.84041804717
1098, 73796.32050788353
431, 73756.89274405123
1064, 73731.86883942528
344, 73335.81108526117
664, 73271.5799310581
1049, 73191.48639145358
1156, 73068.01127396629
1050, 72761.87677025764
624, 72619.18322572911
1021, 72588.85822334678
532, 72562.92705461236
1151, 72132.49403840803
128, 71464.74988941048
755, 71274.64417872368
1275, 71160.39376704751
1154, 70904.58496607172
66, 70882.55783909583
559, 70831.21980202296
296, 70796.5455446482
265, 70771.16417382595
440, 70743.82747521208
377, 70637.07871337335
336, 70465.04651562507
996, 70333.62703846375
911, 69988.63635901605
738, 69687.10396999214
292, 69684.7878818659
708, 69571.09884628658
950, 69547.84337594242
578, 69282.45343587491
767, 69007.35551668136
1055, 68969.76630768582
952, 68730.28886982729
298, 68451.38102389382
1220, 68325.27307986094
378, 68137.54230969786
144, 68008.41171955457
1233, 67655.02198421596
941, 67571.63524698587
35, 67565.91226217926
959, 67533.53450958422
1215, 67523.96855506548
893, 67452.86312188166
301, 67181.00542176927
722, 67105.00988539969
760, 67088.21798854777
627, 66790.66259688244
721, 66744.02629816515
261, 66666.55659479291
533, 66628.84218509548
542, 66580.75509029577
539, 66580.75509029577
1420, 66494.88604036467
823, 66372.38641412828
1339, 66132.65400402527
201, 65962.4240489416
1295, 65770.72795833492
982, 65630.68883582449
924, 65628.6804014368
916, 65464.11527840755
838, 65413.04831703465
822, 65348.20962171365
1107, 65270.15437137358
263, 65131.39833856211
1070, 65068.109191161435
1071, 65068.108659598714
439, 64920.40851187364
8, 64706.67386338589
115, 64604.80891693458
943, 64456.63338851347
1194, 64235.369629751294
262, 64235.30507603149
906, 64195.11458574971
937, 64177.60085588414
121, 64136.97253619085
1072, 64098.83215913142
436, 63959.574731640445
735, 63946.972006359756
803, 63813.36089374154
1349, 63775.01668270096
1293, 63774.3671706735
1292, 63756.106906900204
944, 63455.97382661965
1332, 63421.384561474595
1213, 63398.672261387954
848, 63220.88835460794
945, 63132.79141112276
1114, 62628.45961639036
129, 62590.28147951058
76, 62382.298761592516
462, 62209.394086169355
1291, 62180.40283959166
499, 62095.71544794693
87, 61987.735439853874
974, 61778.860408553985
629, 61668.1106214919
1104, 61617.65087806072
1375, 61442.28970713378
1385, 61264.63983835502
52, 61254.076928336806
318, 61031.16317355904
678, 60845.09069091164
1252, 60646.84083921182
1068, 60619.31196506095
407, 60530.34857917688
324, 60518.285739461164
810, 60455.744710547064
1276, 60346.63406181093
294, 60318.41777434507
615, 60189.807012078345
406, 60178.33286904347
394, 60172.14917729511
243, 59833.36581485247
650, 59787.28543467166
329, 59774.5614045591
1212, 59493.37350986817
1355, 59451.7939608866
392, 59451.07499551514
1359, 59439.18381860779
171, 59286.9806888031
341, 59175.17995674435
1261, 59077.24079052365
60, 59055.329177988
843, 58954.74065038595
95, 58721.734211664254
355, 58691.44834218033
1208, 58534.650903720285
603, 58513.8407982954
79, 58484.32555197728
593, 58475.48768427447
1209, 58434.48534335965
1239, 58429.02636265603
1206, 58268.570465194825
323, 58165.14602546216
859, 58115.04982250073
376, 58073.46855135612
716, 58031.06055491051
925, 57967.348256517194
1047, 57914.769127520114
317, 57862.03016719177
736, 57832.19385429098
884, 57826.64491251555
447, 57787.18034040069
319, 57737.21325826972
1131, 57709.29755582643
610, 57649.139219402714
988, 57635.65629046405
100, 57602.95623013554
1257, 57588.340209997514
714, 57555.47700945486
101, 57490.67476840318
543, 57488.99414571954
472, 57464.74575141096
979, 57329.73251070993
561, 57269.64695520292
1353, 57234.58246172247
1289, 57158.29137168594
82, 57158.29137168594
779, 57128.348152742394
723, 57053.66829613583
737, 56992.944252122536
1207, 56986.057315823804
671, 56854.38419978269
75, 56825.13831061001
1205, 56754.15367231453
1095, 56644.59245504362
1014, 56543.477903677056
907, 56439.29449907554
197, 56435.44879614447
1254, 56397.63662895139
385, 56077.92888249219
998, 55842.08087165913
1244, 55750.22606148911
715, 55742.11268864053
616, 55741.611112657774
677, 55736.36993264841
57, 55565.22302809572
797, 55562.335478242654
1327, 55554.57950942081
894, 55538.13413635106
1153, 55390.82602246223
1226, 55353.21861257522
489, 55332.27830567272
1045, 55202.07397466813
649, 55012.14623651917
585, 54958.76459417251
1053, 54953.72693073991
1033, 54935.63642633336
1335, 54907.37375884817
926, 54792.25534223345
375, 54565.746570302
118, 54520.24512701326
652, 54464.901030591216
672, 54383.30272733741
49, 54373.70988265857
9, 54358.39203838754
931, 54212.61675676856
648, 54208.68837574925
393, 54054.54447977367
602, 53895.85887519872
448, 53659.38851050755
1402, 53573.5187689151
300, 53543.2951629662
1142, 53488.98336516158
1073, 53438.9859231661
1331, 53376.19114025974
935, 53369.9214001773
1366, 52810.089386924716
181, 52596.950286712476
946, 52588.54736433497
1377, 52551.54107201048
573, 52500.633992460185
541, 52487.490879925615
590, 52405.5038937134
1038, 52319.074664141976
994, 52085.38693802841
1069, 51989.717207840346
126, 51856.19618168157
651, 51840.096202693174
1259, 51766.76434798573
1260, 51662.199716478906
614, 51634.975121707124
639, 51514.92522648221
789, 51456.125417347845
147, 51425.01152588268
1357, 51311.11334053565
928, 51291.03052346684
680, 51274.69631663118
888, 51140.294704766064
631, 51113.42253081715
997, 50955.1515398906
873, 50955.1515398906
50, 50886.285935259366
196, 50883.65233441059
1358, 50846.505522236526
1294, 50837.241486298226
837, 50800.983473620254
312, 50793.392445097095
182, 50667.828519944
572, 50576.242802391214
199, 50568.0353608191
58, 50506.92551021808
1099, 50393.22491937932
27, 50329.92224016638
97, 50309.94027077012
851, 50191.65768814966
989, 50175.326821438735
403, 50175.326821438735
1325, 50099.66364827343
453, 50088.13415728132
452, 50088.13415728132
127, 50073.60471352471
1143, 49982.89351144636
1165, 49872.18659915798
628, 49790.40961086207
936, 49776.17274417144
718, 49630.26123693691
1231, 49547.890930996015
844, 49508.46066219079
293, 49442.47543662639
1238, 49428.23300229229
849, 49360.61802452271
1089, 49323.672249203715
1164, 49300.753468727795
200, 49300.753468727795
549, 49293.293506755035
188, 49253.91745714495
1333, 49180.73284100538
202, 49075.45496405306
245, 48996.418881636164
1258, 48968.85189828883
138, 48839.436682833075
402, 48799.13270889553
1161, 48780.26526521926
232, 48773.12032057266
28, 48579.69852591316
1091, 48572.750478090646
1090, 48572.750478090646
591, 48553.65959706856
357, 48391.35469454931
214, 48316.291828619505
679, 48278.68016530048
875, 48148.904532789
567, 48087.69730303514
744, 48062.6998260788
1134, 48061.433506543624
1309, 47854.00304973282
1319, 47730.81985099315
493, 47723.28591856541
1048, 47696.237134771676
731, 47621.702782512315
457, 47607.91804137143
59, 47295.79651996601
763, 47277.223836529774
