1140, 99999.25461954936
954, 99879.99538795569
1139, 99756.06080354018
521, 99723.69215722817
1141, 99516.16336327397
1138, 99516.16336327397
914, 99466.4216091233
1338, 99375.0560120796
1337, 99375.0560120796
962, 99341.75313068445
964, 99272.97813213943
963, 99272.97813213943
1267, 99259.88433487497
1218, 99254.17590893102
965, 99250.09024657322
1219, 99199.92599578225
283, 99076.15345121761
1126, 98924.43652140138
1265, 98822.49521325975
912, 98730.02877001453
646, 98574.98252280997
400, 98156.74933396587
505, 97865.85275389845
608, 97859.68322325835
1393, 97800.08803389726
879, 97687.34436893917
878, 97687.34436893917
77, 97679.83648022979
550, 97662.61793750194
918, 97411.87811053077
805, 97398.70341370287
23, 97371.09510429102
625, 97263.63806167079
308, 97243.36179320805
388, 97167.96881975427
162, 97032.20266234853
24, 96876.65449452045
1394, 96427.06956540914
1364, 96290.74741966615
25, 96192.10704149774
785, 96110.40369418169
387, 96097.93773172708
804, 96035.43192418586
973, 95931.67955302581
1391, 95892.2020451977
687, 95305.69046828744
389, 95299.47348632566
333, 95297.91912865023
684, 95240.7363376076
882, 95049.45888922362
1230, 94964.75056246216
321, 94767.63780122642
84, 94753.23025799432
1336, 94560.70324574002
1266, 94527.02104411206
1092, 94237.90104365663
685, 94097.11713014865
686, 94094.15467028119
975, 94051.65854022923
506, 94024.09499050827
976, 93976.0184646128
635, 93973.23916565548
634, 93973.23916565548
688, 93839.32590360365
1186, 93828.6899255935
682, 93570.22484194732
895, 93539.69960975465
284, 93422.68034983006
33, 93418.12140796935
725, 93367.41923894633
683, 92973.28823539046
443, 92836.40570507832
1341, 92590.28687660655
1006, 92507.23258623593
681, 92234.88301912473
913, 92225.9657968291
524, 91892.51586356957
1352, 91839.82770833082
818, 91779.61601125979
529, 91091.47325987065
508, 90683.57749711904
842, 90539.35940506883
507, 90211.85139191721
724, 90025.41374806466
1268, 90018.68615301393
339, 89900.63695324869
1392, 89855.65702766513
372, 89852.02438526481
675, 89579.77032329785
1296, 89530.74035683786
34, 89529.75355850518
1118, 89431.74589877341
595, 89431.74589877341
626, 89221.01493660532
917, 88991.2737287471
957, 88965.76317316231
841, 88864.44036361936
1210, 88804.4098319498
933, 88691.4227398197
92, 88593.66096810353
1251, 88384.7167141851
404, 88362.85715398306
1269, 88362.67919758923
163, 88093.98440026323
91, 87773.63930966397
1211, 87721.1221728033
1297, 87695.70085860344
229, 87456.81830443742
230, 87418.30059327823
953, 87181.00204285058
297, 87181.00204285058
111, 86714.33168351371
143, 86703.8926282831
881, 86106.00991743687
523, 85817.86955006428
991, 85732.12059995953
351, 85619.60407121881
1242, 85482.72117049037
1241, 85482.72117049037
117, 85316.01920481524
951, 84781.0748833145
1345, 84589.48429894503
764, 83968.8365534701
1007, 83764.36224799154
383, 83744.8384222068
1365, 83589.04714124181
373, 83578.3865141032
784, 83436.30344179847
1128, 83294.8223046011
1158, 82940.1670760017
130, 82873.6424911154
32, 82840.4697803685
1351, 82484.58139496348
1361, 82380.21796805681
910, 82354.3560772877
1229, 81527.63071702624
316, 81440.23849965923
303, 81298.25345568144
774, 81131.26336580621
773, 81131.26336580621
1093, 81076.86687886115
510, 81076.86687886115
660, 81021.92554513356
96, 80942.14491345278
1243, 80893.76381691502
1146, 80667.21394055076
1130, 80607.46442113795
551, 80424.0712504626
821, 80310.43494529079
1380, 80307.39579787717
658, 80193.29450962516
1167, 80100.00141682939
1311, 79733.15041364932
1042, 79715.73178909624
1203, 79711.21035162648
1298, 79514.47267537496
1041, 79427.46400225705
511, 79405.48320331344
1196, 79310.56149289553
1197, 79210.43479627275
1386, 78914.94637723028
1387, 78788.29501554348
586, 78735.87105262173
1195, 78180.53403458242
1198, 78171.19475430991
1374, 78148.02774417434
1202, 77701.12988077311
1116, 77576.67519750544
1340, 77560.26935986886
1320, 77525.60774501442
282, 77192.38655713003
766, 77047.26215704682
1096, 76996.6536149268
599, 76624.66114076485
883, 76463.25019134117
587, 76273.7484690117
995, 75767.71177238217
758, 75761.97958991317
198, 75694.34948836784
1097, 75596.56313163841
747, 75268.37728151976
532, 75197.7867044738
669, 75163.86449696834
327, 75088.74966373357
746, 75007.62105857636
990, 74821.78702883222
896, 74793.83139125288
887, 74417.45643375177
880, 74228.73091664382
707, 74092.26114693852
966, 74075.43670878762
128, 74019.05669039162
1372, 73935.60958838824
806, 73874.37818337439
1127, 73364.93780326091
1129, 73301.28355402958
548, 73124.49678457648
547, 73104.64293213759
340, 72687.97517612246
522, 72573.80823203996
1237, 72380.58480068704
1024, 72380.58130440468
1023, 72380.58130440468
708, 71989.54214629722
280, 71969.78493970045
839, 71913.9775560301
175, 71679.02929762426
1054, 71628.01569318958
1022, 71332.17088564974
1098, 71257.09960189146
431, 71220.33778258383
1064, 71197.005191113
344, 70827.64362881974
298, 70791.29397298356
664, 70767.72910343471
1049, 70693.01318890395
1156, 70577.8174774155
144, 70317.62728307625
1050, 70292.15304444512
624, 70158.97300390965
1021, 70130.66751151421
1151, 69704.5984081573
755, 68903.2043339747
533, 68843.79619039227
1275, 68796.4243972219
1154, 68557.30082068575
66, 68536.70775027639
559, 68488.71038649176
296, 68456.29115353775
265, 68432.55978308337
440, 68406.99956825653
377, 68307.18165827412
336, 68146.29801242187
996, 68023.37776110569
911, 67700.62668557877
738, 67418.44718899604
292, 67416.27944392414
950, 67288.09775320072
578, 67039.64290620739
767, 66782.03451812621
1055, 66746.82992435007
952, 66522.51561044875
1220, 66143.03013295252
378, 65967.08429545812
1233, 65514.71279302723
941, 65436.51553601445
35, 65431.148491125416
959, 65400.78392550679
1215, 65391.81258785491
893, 65325.1245313372
301, 65070.114907439405
722, 64998.817511136374
760, 64983.06302686095
627, 64703.849718155274
721, 64660.08115516945
261, 64587.370958437605
129, 64540.9334114159
542, 64506.834690258795
539, 64506.834690258795
1420, 64426.22854806283
823, 64311.22570410513
1339, 64086.12638806466
201, 63926.25648179331
1295, 63746.196355953485
982, 63614.63719336281
924, 63612.750252709724
916, 63458.127908939285
838, 63410.14149413851
822, 63349.2108012445
1107, 63275.8552440439
263, 63145.44045208646
1385, 63132.30565784701
1070, 63085.95026946425
1071, 63085.949769794046
439, 62947.10168722546
318, 62884.405638913166
8, 62746.14272352035
115, 62650.352455087974
943, 62510.99700308095
1194, 62302.867856385965
262, 62302.80712839594
906, 62264.99778577901
937, 62248.52123859426
121, 62210.29793258288
1072, 62174.413970352885
436, 62043.38423522165
735, 62031.52526834169
803, 61905.790695033604
1349, 61869.70401571324
1293, 61869.09273281651
1292, 61851.90708368049
944, 61569.3946668749
1332, 61536.83101416782
1213, 61515.44821503681
848, 61348.05545010483
945, 61265.09727621641
1114, 60790.05171277977
76, 60558.10369411644
462, 60395.1501824001
1291, 60367.824879763255
499, 60287.99968389842
87, 60186.209987239505
593, 60174.610517114335
974, 59989.280155015455
629, 59884.84830572731
1104, 59837.26353993794
1375, 59671.87617605363
52, 59494.33788142035
678, 59108.439213903184
1252, 58921.327421273
1068, 58895.34242025212
407, 58811.36368559742
324, 58799.97619150565
810, 58740.93449465015
1276, 58637.92057238686
294, 58611.279197142976
615, 58489.8380002137
406, 58479.00278522056
394, 58473.1633787825
243, 58153.1904381931
650, 58109.66073855598
329, 58097.640688091626
1212, 57831.97336843025
1355, 57792.68291124838
392, 57792.00351381121
1359, 57780.7666959373
171, 57636.92806588204
341, 57531.25837778641
1261, 57438.68098549392
60, 57417.96777983754
843, 57322.875248912555
95, 57102.565405463625
355, 57073.92628234352
1208, 56925.64143072844
603, 56905.95947162217
79, 56878.04363033467
1209, 56830.90246166919
1239, 56825.73897177953
1206, 56673.95661342433
323, 56576.11071776828
859, 56528.71320404783
376, 56489.370227518586
716, 56449.243444827036
925, 56388.95535752585
1047, 56339.1993706798
317, 56289.28966527347
736, 56261.05286762234
884, 56255.80131555842
447, 56218.45101598057
319, 56171.15888039268
1131, 56144.73665535342
610, 56087.79440659689
988, 56075.03183866459
100, 56044.07819363021
1257, 56030.24246513979
714, 55999.1330072775
101, 55937.786118968594
543, 55936.1950599118
472, 55913.238629677995
672, 55849.95112430722
979, 55785.40938298847
561, 55728.515737775655
1353, 55695.312482362315
1289, 55623.067175305994
82, 55623.067175305994
779, 55594.71045582552
723, 55523.9839295418
737, 55466.47077701888
1207, 55459.94779243565
671, 55335.22504196209
75, 55307.52080199289
1205, 55240.27483509693
1095, 55136.47526126304
1014, 55040.668670631145
907, 54941.94479845297
197, 54938.30043718715
1254, 54902.46722322294
385, 54599.44090745588
998, 54375.840373385676
1244, 54288.74212139233
715, 54281.04852527365
616, 54280.57289833791
677, 54275.602857497084
57, 54113.296342484355
797, 54110.5577214653
1327, 54103.201739184726
894, 54087.604300300154
1153, 53947.880729333076
1226, 53912.20653293814
489, 53892.34211810048
1045, 53768.81877505663
649, 53588.60939365941
585, 53537.95342393435
1053, 53533.17285279194
1033, 53516.005393043095
1335, 53489.18420690038
926, 53379.92980815656
375, 53164.92461613579
118, 53121.72850285337
652, 53069.185921390694
49, 52982.60489488119
9, 52968.06070747073
931, 52829.637591499886
648, 52825.90707531301
393, 52679.516215561474
602, 52528.78989560531
448, 52304.13853442749
1402, 52222.548262995486
300, 52193.8293345124
1142, 52142.21938740625
1073, 52094.70683688774
1331, 52035.02980959826
935, 52029.07116785591
27, 51583.56929438394
1366, 51496.8756442141
181, 51294.18454730841
946, 51286.19269952313
1377, 51250.99601835724
573, 51202.57629517853
541, 51190.07498745952
590, 51112.08809805411
1038, 51029.86917859263
994, 50807.531787113505
1069, 50716.494663840014
126, 50589.425396670595
651, 50574.10229147821
1259, 50504.305985132305
1260, 50404.774386509176
614, 50378.85859025687
639, 50264.57205872814
789, 50208.59039779896
147, 50178.96647316189
1357, 50070.51517846105
928, 50051.39156372039
680, 50035.83724990885
888, 49907.84368616557
631, 49882.250788430036
28, 49746.65961414929
997, 49731.501290901426
873, 49731.501290901426
50, 49665.901356522925
196, 49663.3925589092
1358, 49628.005426857024
1294, 49619.18004414601
837, 49584.63811168243
312, 49577.406214668794
182, 49457.775210171036
572, 49370.50800464737
199, 49362.68719807284
58, 49304.45419898101
1099, 49196.097330745506
97, 49116.71953969262
851, 49003.97484405052
989, 48988.40758632186
403, 48988.40758632186
1325, 48916.27919134183
453, 48905.28787506561
452, 48905.28787506561
127, 48891.43646793614
1143, 48804.954138697765
1165, 48699.39825684086
628, 48621.41915493986
936, 48607.8428620899
718, 48468.690968609255
1231, 48390.12815877038
844, 48352.518359770904
293, 48289.57649999897
1238, 48275.9904401516
849, 48211.48906502318
1089, 48176.24286790157
1164, 48154.3777789762
200, 48154.3777789762
549, 48147.260686982816
491, 48115.66559224416
188, 48109.693584201814
1333, 48039.86738294383
202, 47939.41221302143
245, 47863.990162164686
1258, 47837.68239346611
138, 47714.16950680174
402, 47675.70062409818
1161, 47657.69173644276
232, 47650.87183615867
1091, 47459.5986766406
1090, 47459.5986766406
591, 47441.372624314106
357, 47286.40697138336
214, 47214.7303385305
679, 47178.81350155307
875, 47054.87592439826
567, 46996.416879985445
487, 46994.986974847954
744, 46972.54081058076
1134, 46971.331284198975
1309, 46773.18435870985
1319, 46655.49585051585
493, 46648.29753140353
1048, 46622.4532651516
731, 46551.23460984573
457, 46538.0625405194
