1289, 99917.8886933776
82, 99917.8886933776
1353, 99849.2024905695
779, 99826.42339801416
561, 99742.66312528815
723, 99598.61640446701
979, 99560.92938661556
737, 99413.70844739696
1207, 99392.75587406164
472, 99156.34937013841
543, 99084.23498988227
101, 99079.24298104832
671, 98992.88180455183
75, 98904.2521005302
714, 98887.36310128156
1257, 98790.50306418628
100, 98747.52061130891
1205, 98689.41377789219
988, 98651.57110490745
610, 98612.09499338028
1131, 98436.56802497245
1095, 98358.59995496308
319, 98355.45289652802
447, 98210.79094555086
884, 98097.0117429868
736, 98081.04731443468
1014, 98054.12547736119
317, 97995.34898093838
1047, 97844.44863985099
907, 97741.24519875295
197, 97729.71208273977
925, 97694.73961061145
1254, 97616.37605649412
716, 97514.30541731842
376, 97394.79285677492
859, 97278.06297819494
323, 97138.02122498126
1206, 96850.93057998248
385, 96662.52382584305
1239, 96410.85990902927
1209, 96396.00059850667
79, 96260.67527877886
603, 96180.82329415277
1208, 96124.65051565573
998, 95963.89794630573
355, 95704.77602584384
1244, 95692.95271382076
715, 95669.05134356294
616, 95667.57390299844
677, 95652.13663958137
95, 95624.35520943909
57, 95149.18404752637
797, 95140.7172840744
1327, 95117.97863123211
894, 95069.7796698337
843, 95012.84857309349
60, 94752.7459292056
1261, 94696.39250878645
1153, 94638.94571537855
1226, 94529.21488958377
489, 94468.16103005932
341, 94445.83187281872
171, 94162.42774614455
1045, 94089.26763692882
1359, 93781.0248086165
392, 93751.43887985895
1355, 93749.65103059878
1212, 93646.44450280843
649, 93538.83212626074
585, 93384.60399181029
1053, 93370.06018972622
1033, 93317.84802271344
1335, 93236.3253928844
329, 92958.124686272
650, 92927.36864405948
926, 92904.87494467711
243, 92816.26418013453
375, 92255.52822691387
118, 92125.53530809458
394, 92012.63688759369
406, 91998.18119597994
615, 91971.37784516902
652, 91967.62452902684
49, 91707.91446185388
294, 91672.70402623128
9, 91664.34829453047
1276, 91607.6059051471
810, 91357.3113775705
931, 91250.58398676316
648, 91239.45481953175
324, 91214.86554063762
407, 91187.47563221626
1068, 90986.31712442596
1252, 90924.36935851377
393, 90803.63084556887
678, 90482.3682059036
602, 90356.72747563252
448, 89694.05375147579
52, 89592.78789625278
1402, 89454.3860249182
300, 89370.15246621949
1142, 89218.94462233588
1375, 89193.16410380132
1073, 89079.92945734126
1331, 88905.57757221689
935, 88888.18441440589
1104, 88826.19160363596
629, 88721.53916141269
974, 88493.30437204793
87, 88068.2245233642
499, 87851.18301214595
1291, 87682.23122226466
462, 87624.64809243572
1366, 87346.01740930974
76, 87283.88719177667
1114, 86806.4984153669
181, 86764.48920317522
946, 86741.6254151976
1377, 86640.99021672732
573, 86502.70324522945
541, 86467.02872990827
590, 86244.75127342048
1038, 86010.9160487549
945, 85855.86769219667
848, 85693.47630281065
994, 85381.15535053228
1213, 85368.98760023173
1332, 85327.84079477875
944, 85265.30967112117
1069, 85124.37772617051
126, 84767.01242928306
1292, 84729.35772790377
651, 84724.00017713041
1293, 84697.12910842474
1349, 84695.98353754787
803, 84628.45041800862
1259, 84528.30304881462
735, 84394.59791937553
436, 84372.65697626755
1260, 84249.86264898966
614, 84177.48412853236
1072, 84131.5425137681
121, 84065.92719121855
937, 83996.22976714792
906, 83966.24796523084
262, 83897.58828781241
1194, 83897.47816643426
639, 83858.89582981788
789, 83703.19284951054
147, 83620.89287922948
943, 83523.00263524978
1357, 83320.14968291472
115, 83275.50707953027
928, 83267.20823498438
680, 83224.16776610712
8, 83106.86535821285
888, 82870.66854814113
631, 82800.12838393809
439, 82756.93155849993
1071, 82518.15845218033
1070, 82518.15759727663
263, 82416.5947552063
997, 82385.59400948539
873, 82385.59400948539
50, 82205.72065592412
196, 82198.84777699222
1107, 82195.48420921186
1358, 82101.95277433077
1294, 82077.80170602382
822, 82072.0325489906
837, 81983.33012775201
838, 81969.98883643451
312, 81963.56190337361
916, 81889.93949709782
182, 81637.09906021271
924, 81633.8794565431
982, 81630.77216963956
1295, 81415.16213648858
572, 81399.60172521319
199, 81378.34402474384
58, 81220.19842863716
201, 81123.32869616344
1099, 80926.57221252762
1339, 80867.32733295261
97, 80712.00257261166
823, 80511.73234761955
851, 80408.003081352
989, 80366.09867932338
403, 80366.09867932338
1420, 80332.21435043024
542, 80207.24513767671
539, 80207.24513767671
1325, 80172.16375644428
453, 80142.64298273328
452, 80142.64298273328
127, 80105.45256841913
261, 80083.08203918891
721, 79971.5786891413
627, 79904.72827991434
1143, 79873.5552291728
1165, 79591.2212697469
760, 79482.98085358656
722, 79459.4239548341
628, 79383.14599433572
301, 79353.13304332785
936, 79346.96288930417
893, 78977.15686900869
718, 78976.83525067248
1215, 78879.9017889804
959, 78866.85175211006
35, 78822.74088322786
941, 78814.95351564171
1231, 78768.45765942374
1233, 78701.81099181692
844, 78668.85285187612
293, 78502.37644365811
1238, 78466.47797710684
849, 78296.21815297933
1089, 78203.30126303837
1164, 78145.70255640641
200, 78145.70255640641
549, 78126.96118993267
378, 78058.77458365222
188, 78028.09325666599
1333, 77844.5817043837
1220, 77813.84219940018
202, 77581.15341644865
245, 77383.8188697707
1258, 77315.07731732748
952, 77295.10041069995
1055, 76994.44499043959
138, 76992.96302153486
767, 76947.65382926849
402, 76892.84734273136
1161, 76846.01303725393
232, 76828.28271472352
578, 76608.4655721299
1091, 76332.27497737446
1090, 76332.27497737446
950, 76286.57931442396
591, 76285.13824759329
292, 76122.48857088483
738, 76119.72497288823
357, 75885.24949175569
911, 75763.18399736506
214, 75700.82366575299
679, 75608.53571822637
996, 75363.024294375
875, 75290.72855509349
336, 75212.71958484907
567, 75141.17325681001
744, 75080.1553693966
1134, 75077.06528120552
377, 75017.70892429289
440, 74897.6833632383
265, 74867.06652259863
296, 74838.68317464658
559, 74799.97542060756
66, 74742.80833869772
1154, 74718.33232221911
1309, 74572.12347566414
1275, 74436.35441346168
755, 74311.75185269018
1319, 74273.41728296473
493, 74255.17611567299
1048, 74189.71194006798
731, 74009.53516685504
457, 73976.24664781477
1151, 73401.61149470347
59, 73225.35759039481
763, 73180.8474379625
666, 73149.46562165995
405, 73055.77136372933
1163, 72955.30365771869
1021, 72935.00342792341
624, 72904.41414118708
1050, 72761.16153843673
657, 72621.83966611247
732, 72486.76171523635
630, 72486.57071106492
726, 72461.38764469449
1156, 72457.58752337613
1049, 72336.57414073625
1250, 72279.96797475198
664, 72258.51058914982
344, 72196.15187867133
1064, 71816.37831586075
1087, 71807.88637907009
431, 71792.65361593738
1098, 71755.33727588301
1022, 71679.37312831065
342, 71456.86531330153
1054, 71383.10480338172
175, 71332.51139675168
31, 71310.20645455821
839, 71101.34105708236
874, 71082.17754316815
280, 71046.87186912657
1024, 70651.03358002366
1023, 70651.03358002366
1237, 70651.03024883398
522, 70467.89683182217
340, 70360.59214581894
234, 70120.50275486904
1182, 70112.81073316875
1178, 70112.81073316875
1181, 69985.14898683707
1180, 69985.14898683707
1179, 69985.14898683707
547, 69974.53475801421
548, 69956.35432899246
1177, 69837.06078298921
1129, 69795.31619201243
948, 69745.89690437326
247, 69741.70720623151
1127, 69737.70309979742
1005, 69390.18194020457
806, 69283.54328602595
1372, 69229.7720870176
966, 69107.62519907125
707, 69092.98815281026
880, 68974.73422203292
887, 68812.57501496111
207, 68612.27107344662
287, 68573.91661353844
386, 68568.1833331967
896, 68493.86215915154
990, 68470.4344252363
203, 68423.94602075731
787, 68397.66247444742
746, 68315.54762292688
327, 68248.38839428943
788, 68206.44242217859
669, 68186.45395079622
1214, 68148.37426493187
747, 68100.67173383168
132, 67998.60375324165
328, 67996.15618136857
1097, 67834.22798828167
371, 67829.95801010849
1000, 67805.5386494412
566, 67770.51208476661
198, 67755.68500729903
758, 67701.58842064044
995, 67697.01171608453
863, 67663.65369086487
587, 67298.08332611252
1416, 67236.30866412638
1354, 67229.84730440933
883, 67151.24410387658
599, 67027.24541142125
1322, 66921.51851915712
1096, 66745.17018026917
766, 66707.18735728165
282, 66598.7827652367
1340, 66327.35474537608
1116, 66315.3615541908
938, 66144.29155331591
1374, 65903.47516517721
1198, 65887.00820934611
1195, 65880.37499736369
206, 65793.52427193713
638, 65779.76462321103
225, 65779.76462321103
482, 65570.95115596608
586, 65491.12923230648
1387, 65454.90324980429
1386, 65367.747789206864
1197, 65166.38188691602
1196, 65098.76847555994
511, 65034.956283560365
1298, 64962.02828385165
733, 64827.68898984623
1311, 64816.794853956286
658, 64515.86108525218
1380, 64442.20072969668
821, 64440.24390561632
1130, 64250.274146835916
1146, 64212.3639759266
1124, 64182.575243615735
96, 64039.21633851984
660, 63989.36532263596
1093, 63955.13721273526
510, 63955.13721273526
774, 63921.330192348214
773, 63921.330192348214
1303, 63812.17068163373
588, 63753.87180354962
316, 63730.831655988
1305, 63586.67922823108
337, 63383.277804982274
1367, 63365.3706418501
314, 63328.02951959592
1249, 63223.55776912858
910, 63182.024743896094
1351, 63105.588834362745
32, 62898.8561906746
1158, 62841.50199105544
1128, 62639.42457906386
520, 62588.12527235018
632, 62585.73420431902
784, 62559.64944420849
383, 62387.31111418904
1007, 62376.48020982398
1150, 62100.27223061833
174, 62028.336349105084
942, 61935.68420469698
951, 61824.376549572524
117, 61542.98091634482
1242, 61456.52825842396
1241, 61456.52825842396
351, 61385.97211948485
1185, 61312.822344800545
881, 61138.358221958944
7, 61044.828673741424
1324, 60669.18134124906
980, 60651.694984650174
953, 60607.72829514366
297, 60607.72829514366
1284, 60546.753734030855
1360, 60530.88264167742
1297, 60361.4417877136
1211, 60349.40396047411
91, 60324.57262966712
0, 60178.74766904625
163, 60174.18497569535
458, 60099.882708258345
668, 60076.861991875245
490, 60062.330155173375
1269, 60049.45712717009
1251, 60039.283842632496
92, 59943.2495381736
933, 59898.57690211158
1145, 59800.421692500575
917, 59762.58210336469
1115, 59748.91067865801
626, 59659.41703351439
1118, 59565.56498587012
595, 59565.56498587012
34, 59522.166466151495
1296, 59521.730308877275
1025, 59499.59872919797
1392, 59378.98471554621
339, 59359.35868332554
1, 59347.29960355128
1268, 59308.00517418194
734, 59195.937687362086
119, 58886.64475048543
208, 58816.64253928586
778, 58624.38924587129
1352, 58543.16709143074
524, 58521.7778434677
753, 58414.62548169186
913, 58387.336310794235
71, 58289.04322187284
443, 58145.28660059214
213, 58014.52811206108
148, 57933.56155192165
33, 57919.39510902814
284, 57917.64278064098
1411, 57916.69374606092
892, 57910.12951143282
895, 57872.75851598127
1350, 57844.006846817974
665, 57798.320596741025
688, 57758.65728118179
1125, 57730.62030926203
686, 57662.53772245423
1336, 57488.717659656606
120, 57373.62088889218
1230, 57340.39673760869
882, 57309.5576321377
389, 57219.04839536904
687, 57216.807433193375
592, 57061.54173723763
1368, 57003.45940276224
973, 56993.53500441695
109, 56959.278127299905
804, 56956.97745985111
387, 56935.01397874813
785, 56930.639091787685
1364, 56867.54965470788
1394, 56820.1091319526
70, 56745.788608226314
1301, 56652.63011651198
162, 56612.06899130494
1329, 56576.02880582794
388, 56565.956702855525
625, 56533.585386164676
805, 56488.05478143761
918, 56483.6242613191
667, 56462.89889291315
550, 56399.662391236605
608, 56334.149584370374
496, 56168.191546948045
912, 56049.71409256622
1265, 56019.95667467547
1126, 55987.25102997043
283, 55938.77094330067
311, 55905.531249012965
