12, 99893.24477144405
73, 99379.11981304514
981, 99367.38248363449
929, 99008.15111452904
485, 98141.55637989362
484, 97807.35686925882
1406, 97705.91477399098
483, 97705.91477399098
248, 97648.34764052689
824, 97644.35695128502
589, 97556.40270020824
526, 96894.71449577766
89, 96242.93334868236
379, 96182.8927551002
1417, 96181.48461148805
809, 95887.42948741963
807, 95887.42948741963
295, 95885.960213287
289, 95772.09187464011
1316, 95697.74387376728
637, 95697.74387376728
1235, 94576.89690342291
235, 94485.3161445933
325, 94357.06195667919
720, 94286.07541072306
940, 94113.40120372818
832, 94113.40120372818
552, 93845.51378706719
288, 93658.04137712358
384, 93282.99011022336
1347, 93212.40486440586
13, 92739.89709031089
22, 92739.87539260891
281, 92461.76290895177
185, 92396.58342956862
876, 91592.61136189035
1119, 91290.42436664522
1026, 91073.37769018424
1371, 90984.51359302869
465, 89819.93374491758
356, 89615.83029228143
711, 89542.97296125884
224, 89365.03337047121
1283, 89293.95670296102
742, 89232.27646779099
307, 89179.11429932823
1174, 89085.27720056975
150, 89085.27720056975
1009, 89048.10749152604
152, 88999.03481481792
205, 88027.23082090194
777, 88024.66319949152
67, 87903.02485071497
165, 87744.3839482363
909, 87720.56343768134
1390, 87630.38664105254
1222, 87540.67791053602
1271, 87247.18713598858
1248, 87232.94068670712
1281, 87168.12312716515
310, 86738.57308015312
94, 86467.17109731518
80, 86106.73672551241
47, 85777.77160579826
125, 85502.4726356166
37, 85439.05664584062
1037, 85316.75449889184
343, 85274.40125391784
258, 85081.26741523737
808, 85079.04348320214
743, 84778.33867220761
359, 84624.11904367416
999, 84024.15880426839
259, 83620.48250904624
890, 83608.46435276885
475, 83284.75174828734
438, 83041.43713112906
891, 82953.38316174831
710, 82678.52366859055
1273, 82502.13335288552
530, 82483.75657341532
113, 81706.38048063307
260, 79932.19270904949
1001, 79878.7232056298
1032, 79771.21169569313
223, 79301.9172170524
338, 78814.50382863327
335, 78682.68821646855
577, 78545.68575113748
817, 78492.31057581517
1412, 78435.506346538
477, 78170.17314511271
1063, 78133.2394241517
1221, 78006.16898106143
266, 77996.0569749467
463, 77981.58173986027
184, 77775.73574981297
183, 77775.73574981297
748, 77549.35600584955
1223, 77068.95270648686
98, 76981.97384324386
1062, 76951.69572055608
819, 76916.17336844446
1278, 76889.98889204358
456, 76878.86423389995
1418, 76823.24064892149
1247, 76821.88462982385
1277, 76669.12950991662
236, 76638.277420918
934, 76510.21803780907
1282, 76224.78582877577
1307, 76174.9385969374
1094, 76053.77316762033
455, 75947.13986705088
1326, 75553.6763236019
768, 75008.50973390018
850, 74979.06895671831
331, 74973.08662398571
195, 74816.94792999762
793, 74791.24243707834
833, 74755.69092158087
1315, 74472.98018504224
365, 74472.98018504224
257, 74294.65742342059
960, 74103.47137968444
1384, 74082.0607755045
290, 74068.84811031996
1376, 73952.37127554884
611, 73938.25366869527
816, 73484.21506466198
527, 73413.06198868914
563, 73349.9559033941
90, 73150.435380749
825, 72867.04199845772
240, 72825.8009328423
368, 72747.41184337418
719, 72615.7893885084
786, 72395.90979870471
752, 72369.34698631395
276, 72358.61180863804
1176, 72333.92114172416
640, 72332.9601652559
17, 72303.36863318922
10, 72303.36863318922
792, 72244.47481550649
1083, 72181.78085452721
429, 72105.70516803602
255, 72016.84123047582
1051, 71736.72082928121
430, 71575.8538010061
306, 71461.30082492817
820, 71037.01667769355
623, 70929.3755180507
642, 70905.94097052912
1121, 70848.12455225253
16, 70038.98714425955
1370, 69666.88364794009
1369, 69666.88364794009
1175, 69425.98202142109
949, 69174.58078258298
713, 69041.49531970569
1356, 68823.34362773762
1010, 68761.86080398661
345, 68379.39709235252
717, 68209.10895669238
857, 68086.06347268878
826, 67841.42816004374
1135, 67762.69114852318
1031, 67596.32406009374
334, 67411.78439699828
531, 67216.28638397841
770, 67124.86762338501
313, 67117.57453416736
877, 67105.66552257889
576, 67080.54928481103
14, 67080.52782809902
1383, 66998.83447712984
466, 66933.10088184953
862, 66836.62108009936
18, 66765.4000665578
560, 66763.9440909373
468, 66748.18579891589
469, 66705.94826186898
467, 66674.28897490211
525, 66632.3893189266
1343, 66581.790546093
872, 66249.48708207696
99, 65879.43905212465
1270, 65795.40201001438
1256, 65695.838914863
140, 65558.2815948171
537, 65059.74995955742
476, 65019.80299879291
519, 64903.73404766125
432, 64851.41509049569
1272, 64791.065998596896
275, 64702.7079725586
1120, 64498.880951760715
190, 64405.29910247203
538, 64320.43583434729
814, 64104.68075051442
570, 63776.59907328121
104, 63579.73236575757
237, 63575.56182193061
83, 63550.1400575343
105, 63546.8520276438
103, 63546.8520276438
921, 63511.77547411158
528, 63010.205865372416
408, 62974.63692416029
474, 62724.99098558722
1330, 62555.099318641485
186, 62479.056096164
36, 62479.056096164
1378, 62383.54001303414
226, 62259.902237132446
800, 62014.268174990684
81, 61969.88603550353
1227, 61802.767603758526
78, 61795.09968454729
1363, 61575.02202318662
790, 61549.13393624352
215, 61491.59334091656
597, 61472.78234438296
173, 61347.9741225417
1011, 61145.0365142958
381, 61012.34523834298
641, 60840.100316776305
114, 60826.552866643324
947, 60780.42131654718
1019, 60461.97552521834
445, 60461.97552521834
54, 60357.59685405102
178, 60045.45439996834
244, 59924.81410678656
598, 59903.753219667255
689, 59732.23764545863
569, 59697.876270648834
1052, 59508.0432981449
1132, 59477.701988727786
253, 59413.34315649035
617, 59354.345036171275
977, 59297.85479031084
869, 59242.65655644376
38, 59128.92416358665
605, 59101.82931072973
871, 59101.49449749791
596, 58970.77341642708
1306, 58920.40639923647
655, 58841.05449644325
1112, 58750.216535360356
322, 58583.896215194334
769, 58507.02234194923
927, 58382.29126879214
1133, 58277.80957015066
847, 58138.58153947231
349, 57964.55765861305
395, 57936.1517318806
536, 57587.63395467847
535, 57587.63395467847
131, 57509.83825162328
1217, 57091.16321445271
1216, 57091.16321445271
29, 56850.16979311779
1030, 56625.637019714835
836, 56481.71246828301
534, 56463.99076322477
568, 56418.2414682467
1225, 56303.139567611695
780, 56255.28454673149
557, 56071.67401470881
48, 55925.95141272265
1123, 55759.32396456118
1310, 55458.30614898259
56, 55446.271083664404
1415, 55439.331422138624
1137, 55143.93381411592
1046, 55050.18451673189
870, 54956.56200863327
618, 54933.33088971505
1012, 54914.6191994525
1013, 54884.91309561637
1183, 54844.429713957135
730, 54794.09697280321
332, 54745.63555783989
1078, 54678.97921823366
864, 54476.865426238655
581, 54079.8405981326
622, 53913.66513507908
621, 53913.66513507908
1111, 53905.276384888304
106, 53893.00503460752
221, 53756.710538044026
498, 53702.14036423623
492, 53612.32883361849
771, 53540.34511155024
478, 53454.8440683493
579, 53417.011626617794
1184, 53327.807690799236
278, 53275.16844027871
1122, 53254.58025857525
450, 53235.20606008991
449, 53235.20606008991
1304, 53198.77382718571
1008, 53040.284010340554
279, 52997.20174875852
761, 52919.26633636263
978, 52806.10657957346
380, 52732.65732838276
584, 52675.89608521279
110, 52615.752267833304
107, 52588.01333865337
446, 52477.01877739351
299, 52439.83228331668
354, 52365.16156252504
220, 52342.0175507562
494, 52340.396758789255
956, 52315.36150476857
360, 52296.90447211992
30, 52162.752194930494
231, 51933.83162088541
1328, 51788.20020251044
1279, 51788.20020251044
897, 51712.03178943393
889, 51670.67152755733
153, 51596.46880663973
781, 51571.38851084322
867, 51537.83393779778
1224, 51429.669755944684
885, 51379.70430740075
166, 51373.160571225504
1034, 51313.35519881573
904, 50937.9572370556
902, 50937.9572370556
901, 50937.9572370556
900, 50937.9572370556
756, 50867.91634720721
1079, 50842.7064740404
193, 50842.7064740404
1171, 50793.92240626267
1169, 50680.97954839762
51, 50603.92673733274
1200, 50528.38252246464
286, 50291.631480134725
252, 50246.63796570905
315, 50207.53855206641
1274, 50174.41594137369
277, 50157.441392205794
930, 50030.69801345301
497, 50017.52930674794
509, 49943.80109140456
488, 49915.881976381745
212, 49846.53197699108
211, 49823.06092869595
204, 49812.75594591169
433, 49807.4693947084
1201, 49788.8354980988
495, 49738.396256180255
582, 49701.82497165009
1204, 49509.084444220396
670, 49456.82283734589
540, 49405.87844902909
757, 49325.683599458585
1342, 49207.57884681956
517, 49116.56537344803
846, 49115.540316102815
241, 49079.719247045046
971, 49041.43956241304
983, 49025.654983991684
741, 48973.756343397516
1388, 48909.088822685066
958, 48796.494519769185
370, 48707.21571876642
1040, 48654.82112976871
729, 48640.239516130976
1321, 48611.311909113516
728, 48606.78163757889
827, 48499.077160802015
1290, 48457.30498305203
486, 48417.361105169606
326, 48258.344710869744
858, 48220.68098958601
347, 48149.693818434724
1405, 48127.92679081477
116, 48114.672780554
676, 48096.01550138188
311, 48048.281020906084
496, 47855.943969073276
367, 47684.434701576996
667, 47644.06782046752
1329, 47563.81370276781
1301, 47509.80750482863
70, 47444.48876796131
222, 47395.79689297357
109, 47296.27411307751
1368, 47265.85496777673
592, 47225.99582159952
120, 47014.344732508944
583, 46942.29064958893
1125, 46777.308549512876
665, 46732.95508559372
1350, 46703.13003727617
892, 46660.11411627057
1411, 46655.85344789424
148, 46644.91300182591
213, 46592.55783632402
853, 46429.352145000645
1346, 46421.5380539253
71, 46416.99357086559
753, 46337.6647641558
361, 46311.97013824838
972, 46306.29752338361
967, 46306.29752338361
778, 46206.51488450605
1155, 46162.0410841866
415, 46115.911083955885
208, 46087.77839234942
969, 46048.130377022375
119, 46044.8878130457
420, 46028.79054453232
1287, 45890.77498126114
734, 45857.5379235085
776, 45791.53429015495
1, 45767.113030788976
1025, 45676.94906266581
1066, 45544.74788665068
1115, 45531.0997809434
772, 45514.55077643065
1145, 45501.232398723885
762, 45455.343548736
490, 45350.7620744239
668, 45342.48072788361
458, 45329.376151423894
565, 45315.00349477829
0, 45284.61536101526
1189, 45167.82292941864
1360, 45087.23981720122
1284, 45078.43822061047
980, 45020.443153277265
1324, 45010.813406199675
1191, 44994.336355260486
304, 44956.8740287506
7, 44806.25431002504
1185, 44662.96606900877
970, 44350.05289926158
942, 44338.15956739148
174, 44290.79914348029
1150, 44254.19502987739
346, 44158.32409710327
802, 44148.75000486376
801, 44148.75000486376
783, 44113.713808898596
632, 44010.9179277255
520, 44009.73561102376
1017, 43927.47437074068
441, 43897.11513556178
1249, 43700.89271557082
314, 43651.11790170976
86, 43642.44626608079
1367, 43633.39422661788
337, 43624.90723779265
601, 43611.04137039894
1407, 43609.91850711852
1408, 43606.32851998607
1409, 43597.37452311379
1065, 43597.37452311379
85, 43597.37452311379
1016, 43571.264060715344
1305, 43529.07159303805
588, 43451.06629137525
1303, 43424.02791196669
968, 43352.920134380045
1124, 43254.15910030755
1015, 43132.09140992571
574, 43066.19947797458
1300, 43048.16682100091
122, 43047.34866105157
1410, 43008.32234728795
733, 42966.01379085176
903, 42960.61449893384
647, 42958.88741285435
42, 42867.06497912503
482, 42645.630684147676
638, 42557.767268372234
225, 42557.767268372234
206, 42552.00981016575
187, 42535.05080636736
993, 42443.07381817865
938, 42406.56550034289
410, 42247.40369613082
1027, 42226.76944954466
1322, 42093.1401431405
267, 41996.93125281031
167, 41990.76025230783
417, 41990.55598978168
1354, 41972.064213051366
1416, 41969.54623155121
419, 41924.36032532488
553, 41870.60386918488
72, 41822.905012398
