519, 99963.81907912387
476, 99761.72006275464
1272, 99696.80139174881
1120, 99006.66277667008
190, 98786.32999612797
1256, 98211.08115125708
1270, 97989.4123224795
99, 97803.60648967956
872, 96999.24933974858
104, 96857.2907751713
237, 96847.61234273842
83, 96788.63132835526
105, 96781.00457542094
103, 96781.00457542094
467, 96102.750522442
469, 96037.05242182527
468, 95949.63928085372
862, 95767.48765604869
466, 95570.0994939247
528, 95541.73345175499
408, 95459.97948762697
1383, 95436.40445239488
313, 95196.50523785813
770, 95181.8373723309
1135, 93928.18689847199
81, 93170.11389060483
717, 93083.72861571242
1227, 92792.8658917448
78, 92775.58111243289
345, 92768.45267405223
1356, 91963.65599273425
713, 91577.00840135934
1011, 91318.00773614187
641, 90639.53570311183
114, 90609.47039223903
947, 90507.14166365277
1370, 90499.43829579747
1369, 90499.43829579747
1019, 89802.83407721955
445, 89802.83407721955
54, 89572.76221892622
244, 88622.91598152473
642, 88490.68849091652
820, 88287.38207525118
689, 88202.36949375687
569, 88127.46732245082
1132, 87648.49624968901
306, 87640.678083177
253, 87508.80596199127
430, 87468.9944935851
617, 87380.87672091174
869, 87139.0243059767
38, 86893.18682757342
871, 86833.96286969514
255, 86819.31955232697
429, 86690.521336129
792, 86490.78289263435
17, 86406.52261352334
10, 86406.52261352334
640, 86364.29918826434
276, 86327.75877558773
786, 86274.72955489093
655, 86272.92404308736
368, 85780.79438693634
322, 85721.22188062801
240, 85672.0562074722
825, 85615.0525414664
769, 85556.73356091272
927, 85290.26915267836
1133, 85067.46726967378
527, 84873.35716275843
816, 84778.45346104127
349, 84401.66921446488
1384, 83996.41476539237
257, 83724.77053290802
1315, 83499.45658437037
365, 83499.45658437037
833, 83146.89984647969
793, 83102.96332375651
195, 83071.24994924966
331, 82879.60226882923
768, 82836.35691969545
1326, 82181.48245569535
455, 81720.96622814481
1094, 81597.86200942086
1030, 81592.48383638028
1307, 81458.84661896028
568, 81162.57855435519
934, 81078.90096524726
236, 80935.58532237423
1225, 80924.58420269322
1418, 80730.31639883405
456, 80668.98220994993
1278, 80656.73725632385
98, 80555.76658901708
48, 80147.65162803375
748, 79943.71308181761
1123, 79805.87580924839
184, 79704.55629779132
183, 79704.55629779132
463, 79489.52617655082
266, 79474.49134373885
1063, 79332.56294082322
477, 79294.52291224182
1415, 79151.99124395293
817, 78965.78096118555
1046, 78361.13169550216
870, 78171.5696143342
1183, 77944.88862383664
730, 77843.26539944245
332, 77745.49461697174
1032, 77712.3720859154
1078, 77611.1343609602
864, 77204.56890590409
498, 75657.74702680814
492, 75479.60808388758
530, 75299.98299971368
1273, 75284.67433725989
579, 75093.04037842136
1184, 74916.8711639255
891, 74912.8135078882
438, 74841.1469540392
1122, 74772.43223864074
1304, 74662.46343852783
475, 74644.60886496527
1008, 74350.65989765718
761, 74113.0804665082
110, 73519.13783614845
808, 73259.86477005061
258, 73258.21589627107
446, 73248.55773338643
343, 73115.63139675172
494, 72982.64861463287
125, 72948.7907853361
956, 72933.98153298613
360, 72898.113886455
1328, 71913.45673801497
1279, 71913.45673801497
897, 71766.67046269267
1248, 71734.69829843122
1271, 71725.06721978908
889, 71687.03417925895
1222, 71527.92497152016
165, 71392.49871446464
777, 71208.01895085607
166, 71115.64979269466
1034, 71001.09751050454
152, 70582.89901311017
1174, 70528.74941911557
150, 70528.74941911557
307, 70470.04426818666
1283, 70398.49832866479
904, 70284.38679881235
902, 70284.38679881235
901, 70284.38679881235
900, 70284.38679881235
356, 70199.71621942293
756, 70151.10845725148
1079, 70103.1715230625
193, 70103.1715230625
465, 70074.98038704903
1171, 70010.45904490486
51, 69650.01994051677
1119, 69205.28622099415
286, 69059.77557009835
876, 69032.6293810705
315, 68901.30543336284
185, 68582.85513606535
281, 68546.98799651576
497, 68543.96657081651
22, 68394.93180696366
13, 68394.92000570339
212, 68223.24089812774
211, 68179.28148355271
1347, 68140.18081578173
384, 68102.51007497044
582, 67952.4588958447
288, 67903.99132658416
940, 67666.62016231197
832, 67666.62016231197
720, 67577.63739021264
325, 67541.21856164424
670, 67495.3179288638
235, 67475.6570680143
1235, 67429.02884298949
757, 67251.3078802617
289, 66834.37867915642
241, 66794.91263865959
295, 66779.03741712552
983, 66694.81581947533
1417, 66636.44421792375
89, 66606.98072733851
741, 66598.80334450092
1388, 66479.27087387725
526, 66298.3385681933
958, 66271.42052971391
370, 66106.85487721699
589, 65992.07737331993
729, 65983.54052611925
824, 65951.89154141695
248, 65950.07109296559
1321, 65930.31741664062
728, 65921.98433832293
486, 65574.05473515565
929, 65343.94785499179
326, 65282.71574103362
73, 65183.35978404088
1405, 65044.27799685919
676, 64986.00504241998
12, 64964.05541137803
311, 64898.88815646818
981, 64651.776288190435
496, 64548.481378327175
667, 64163.613036577546
485, 64130.60810566973
1329, 64018.1429478203
484, 63987.737312043166
1406, 63944.303849813514
483, 63944.303849813514
1301, 63920.3458759533
70, 63802.16606929731
109, 63534.42010105435
1368, 63479.5399370172
592, 63407.665429310415
379, 63288.43992087357
809, 63160.380035004215
807, 63160.380035004215
1316, 63078.024302383805
637, 63078.024302383805
120, 63026.70892820219
1125, 62601.44551623789
665, 62522.03344469029
1350, 62468.66221316995
892, 62391.726735928074
1411, 62384.10898480647
148, 62364.55044732257
213, 62270.996458762085
552, 62267.954578323246
71, 61957.79460133345
753, 61816.534220259855
778, 61583.35035079923
208, 61372.61704386366
119, 61296.58343048896
1026, 61035.26138871981
1371, 60995.336395499544
734, 60965.01115156676
1, 60805.29611125084
1025, 60646.24827767364
1115, 60389.40761897635
711, 60344.06931681939
1145, 60336.87736999857
224, 60263.204376499816
742, 60202.80444304776
1009, 60118.916860853955
490, 60072.5743158771
668, 60058.0445531201
458, 60035.0558709045
0, 59956.56683447692
205, 59651.86327944533
1360, 59611.06319088273
1284, 59595.67879002071
67, 59594.800359021116
909, 59510.879380633305
980, 59494.35697150122
1324, 59477.541190794684
1390, 59469.36215622019
1281, 59256.105018877846
7, 59120.87890912431
310, 59057.289439069464
94, 58931.34778982736
1185, 58871.66541507912
80, 58763.701734990325
47, 58610.303248076336
37, 58451.96848223785
1037, 58394.69997236161
942, 58308.62622888171
174, 58226.74587117052
1150, 58163.49959190983
743, 58141.96709503551
359, 58069.39033480734
999, 57786.25378029259
632, 57743.98828776527
520, 57741.95301376827
259, 57595.036997450276
890, 57589.33532769872
1249, 57211.46801445596
710, 57146.59941982619
314, 57126.18897318513
1367, 57095.83754637669
337, 57081.30644714827
1305, 56917.34125681367
588, 56784.04584052881
1303, 56737.87694047988
113, 56680.47119994268
1124, 56448.2232754392
733, 55958.472932462755
260, 55820.95786431511
1001, 55794.87562304891
223, 55512.8408057184
482, 55416.256045894
338, 55273.554158238134
638, 55267.98187855782
225, 55267.98187855782
206, 55258.272246123066
335, 55208.68976687742
577, 55141.20425531471
1412, 55086.88049716336
938, 55013.24851454117
1221, 54874.762330521684
1322, 54486.92917712614
1223, 54409.30779386034
1062, 54350.83948507692
819, 54333.11650604255
1247, 54286.05020595452
1354, 54284.22991232768
1416, 54280.01807492011
1277, 54209.72714997877
863, 54004.6645734337
1282, 53987.20648927622
566, 53936.78661492279
1000, 53914.6208240561
371, 53899.1918737704
328, 53794.709711491785
132, 53793.177855762406
1214, 53699.81571208321
788, 53663.81496731468
787, 53546.03386167015
203, 53529.93635472111
386, 53441.98830836779
287, 53438.50607000268
207, 53415.23723758136
850, 53359.31557780227
1005, 52953.083538265935
960, 52914.367012830575
290, 52896.710854923636
1376, 52837.27876861333
611, 52830.071653932886
247, 52750.18394412851
948, 52747.78732113741
1177, 52695.763993333756
1181, 52611.76246704221
1180, 52611.76246704221
1179, 52611.76246704221
1182, 52539.845865430136
1178, 52539.845865430136
234, 52535.527295149666
563, 52529.04230768911
90, 52426.63704294163
719, 52151.44448828797
752, 52024.21096288281
874, 52008.35966209471
1176, 52005.90124385294
1083, 51927.21075325522
31, 51886.96239789703
342, 51809.59089081025
1051, 51696.48002149391
1087, 51626.6120529461
1250, 51385.32185410268
726, 51294.02293892549
630, 51281.411311276584
732, 51281.315713954304
623, 51275.88338535462
1121, 51233.40769641407
657, 51213.92411946082
1163, 51049.37207337237
405, 51000.295053936316
666, 50954.73287291052
763, 50939.51658097039
59, 50917.97259447291
16, 50808.93728809653
457, 50561.10293727728
731, 50545.564258336395
1175, 50485.560007343214
1048, 50461.866504542006
493, 50431.62526692272
1319, 50423.214686217325
949, 50352.487923418565
1309, 50286.46826295024
1010, 50133.454746223695
1134, 50059.432336294405
744, 50058.05861589732
567, 50030.97123785211
875, 49964.88877953743
679, 49825.90265193623
214, 49785.90494113529
857, 49773.26249308551
357, 49706.45693919943
826, 49642.40011185616
591, 49536.366912970305
1091, 49516.5111996103
1090, 49516.5111996103
1031, 49511.03281265961
334, 49411.9576332895
232, 49309.99973948131
531, 49306.84104669397
1161, 49302.698781265724
402, 49283.440012974956
877, 49247.28952740984
138, 49242.4002024209
576, 49233.761199066794
14, 49233.74964071207
1258, 49111.53700983699
245, 49083.84037249836
18, 49063.783393736834
560, 49062.997116375795
202, 49004.777300108864
525, 48991.91542900783
1343, 48964.55610464404
1333, 48900.25058736386
188, 48828.11242986112
549, 48789.475766262636
1164, 48782.16971886718
200, 48782.16971886718
1089, 48759.75129173321
849, 48723.6991949772
1238, 48657.9967223787
293, 48644.20259451103
844, 48580.499557024224
1231, 48542.59337073607
718, 48463.79099647863
140, 48408.761398196664
936, 48325.461475023534
628, 48312.049933646354
1165, 48235.30539118993
537, 48136.39701015783
1143, 48132.196611026906
127, 48048.37710885156
453, 48035.00678713635
452, 48035.00678713635
1325, 48024.40789809416
432, 48022.25480849248
989, 47955.08826674641
403, 47955.08826674641
275, 47940.664900536765
851, 47940.180182391574
97, 47832.76624984213
1099, 47757.72360720136
538, 47730.4802162383
58, 47656.05161997256
814, 47611.566871337935
199, 47601.77342475714
572, 47594.50291128645
182, 47513.6818818578
570, 47430.34956199776
312, 47403.792142788945
837, 47397.18236448422
1294, 47365.663827338765
1358, 47357.624667146214
196, 47325.44609347878
50, 47323.16816832041
921, 47283.72420770149
997, 47263.76417617293
873, 47263.76417617293
631, 47128.40450027012
888, 47105.582183628496
680, 46992.124057808986
928, 46978.41281112509
1357, 46961.57782397192
147, 46866.57492343681
474, 46846.25500793379
789, 46840.762426068184
639, 46792.14380246287
1330, 46751.42659157744
186, 46708.939382053526
36, 46708.939382053526
614, 46693.53528278285
1260, 46671.29444404805
1378, 46655.53520695859
226, 46586.34660370724
1259, 46586.28467830587
651, 46527.05498414007
126, 46514.0936716663
800, 46448.68253954825
1069, 46407.187847783964
994, 46331.2251752013
1363, 46201.82618643008
790, 46187.24963867145
215, 46154.83986424952
1038, 46147.873268900956
597, 46144.24127784639
590, 46080.839172914035
173, 46073.880213863325
541, 46017.633382299144
573, 46007.53548112946
1377, 45968.512755389514
946, 45940.234500480976
181, 45933.82381571419
381, 45884.31422597132
1366, 45772.490964155666
935, 45360.087132801695
1331, 45355.55909755179
178, 45335.30408229271
1073, 45310.31672224751
1142, 45274.43482741601
598, 45254.48062637697
300, 45235.59671616456
1402, 45214.04684318989
448, 45153.064392372034
1052, 45028.27980556079
602, 44986.972054720805
