530, 98545.41361721617
1273, 98519.19600903615
891, 97883.35657064035
438, 97761.0373701661
475, 97425.95750501167
1032, 97421.7729851115
817, 95521.05019143659
808, 95080.27054253769
258, 95077.49317667756
477, 95044.40125232212
1063, 94989.80665061488
343, 94837.46435154488
266, 94787.12407053343
463, 94765.74633639593
125, 94556.95531651136
184, 94461.92768312007
183, 94461.92768312007
748, 94128.20033312598
98, 93293.59715471798
1278, 93158.53538609591
456, 93142.20565296247
1418, 93060.57154946214
236, 92789.29601134213
934, 92601.63986717357
1248, 92527.09201886097
1271, 92511.06925977167
1222, 92183.36704064315
1307, 92110.95200001977
165, 91958.55510110194
1094, 91933.84629593589
455, 91778.07943807791
777, 91652.70777606762
1326, 91204.10726681091
152, 90619.70168225095
1174, 90530.46428285542
150, 90530.46428285542
307, 90433.76331229159
768, 90410.87899912849
331, 90359.41957961369
1283, 90315.97228292862
195, 90132.71460626091
793, 90095.41018396376
833, 90043.82562565991
356, 89989.05881406221
465, 89784.1868874337
1315, 89633.97471692432
365, 89633.97471692432
257, 89375.7826012465
1384, 89068.2941806328
1119, 88361.44226541434
816, 88205.51259675802
527, 88103.01521268007
876, 88080.16733221603
185, 87349.26058551532
825, 87317.78402256385
281, 87291.08752104739
240, 87258.57004075155
368, 87146.0555058195
22, 87044.65171905156
13, 87044.63260447372
786, 86642.1221635477
1347, 86632.44851713128
276, 86588.70614627414
384, 86571.56585666531
640, 86551.97563578
17, 86509.60997152785
10, 86509.60997152785
792, 86425.31302320286
288, 86251.02555051509
429, 86226.79341226791
255, 86099.74595958364
940, 85868.41592490014
832, 85868.41592490014
720, 85725.1739603317
325, 85666.57716481893
235, 85561.13343274183
1235, 85486.17383192327
430, 85470.17876988904
306, 85306.8857495932
820, 84702.95958362064
289, 84532.64232662036
642, 84516.66689227415
295, 84444.13017458362
1417, 84216.24703508627
89, 84169.19247915666
526, 83676.93561196748
589, 83189.66226593517
824, 83125.81252020565
248, 83122.92055835848
1370, 82762.15410832122
1369, 82762.15410832122
929, 82162.33978561415
73, 81908.60879332705
713, 81881.04766855713
1356, 81574.39279625102
12, 81562.62308863908
981, 81070.98446643425
345, 80951.45007147768
717, 80712.897381814
485, 80253.16081227949
1135, 80088.55632949152
484, 80029.54945168372
1406, 79961.62005000075
483, 79961.62005000075
770, 79199.11513398556
313, 79188.96254480354
1383, 79023.72227798353
379, 78938.65964342098
466, 78932.2917162217
862, 78798.15374759436
809, 78739.53428280792
807, 78739.53428280792
468, 78675.26111611823
469, 78616.58694870007
1316, 78611.58130648862
637, 78611.58130648862
467, 78572.61622904024
872, 77983.3404664254
99, 77471.1077844349
552, 77357.37785519451
1270, 77354.92198805576
1256, 77217.33804244174
476, 76285.07034947666
519, 76125.34657626133
1272, 75970.39726657883
1120, 75568.99600706258
1026, 75463.941069328
190, 75440.566021885
1371, 75402.91785979454
711, 74410.14881742235
104, 74310.33801628118
237, 74304.64098027688
224, 74287.22959857267
83, 74269.91713198394
105, 74265.42632053385
103, 74265.42632053385
742, 74195.46840367804
1009, 74068.09511449622
528, 73533.52062630127
408, 73485.08343879307
205, 73360.43516062055
67, 73274.150359628
909, 73147.32239412218
1390, 73084.6086078028
1281, 72762.78903329487
310, 72463.23796264005
94, 72273.72119325813
81, 72120.59295992805
80, 72021.73206974418
1227, 71894.34236258696
78, 71883.96606750938
47, 71791.44253456003
37, 71554.02656281978
1037, 71468.22595000589
743, 71090.02704198155
1011, 71005.82093369142
359, 70981.55575734317
641, 70594.9311697292
114, 70576.69182417687
999, 70558.96320357086
947, 70514.5932770375
259, 70274.08201232195
890, 70265.59386647145
1019, 70086.33885751928
445, 70086.33885751928
54, 69946.1238443601
710, 69607.61527285942
244, 69365.57475833982
689, 69107.67082395914
569, 69061.68052168672
113, 68917.26997238232
1132, 68767.1895776082
253, 68681.17165392065
617, 68602.3440513687
869, 68453.1835126424
38, 68301.38314500445
871, 68264.78590689592
655, 67917.56360735708
260, 67650.7198812981
1001, 67612.41517105108
322, 67575.18144207653
769, 67472.92062799828
927, 67307.08576953376
223, 67198.69921095551
1133, 67168.25659785741
338, 66848.38367441406
335, 66753.53163481392
349, 66752.48054812312
577, 66654.89615520072
1412, 66575.53424778377
1221, 66265.96187244006
1223, 65588.40000316329
1062, 65503.456077865805
819, 65477.715186486275
1247, 65409.37271195227
1277, 65298.5996557858
1030, 64982.99768954282
1282, 64976.00354509736
568, 64710.01316941728
1225, 64558.637463565785
850, 64068.63945448291
48, 64063.215630187224
1123, 63844.66653155343
960, 63428.23538132024
1415, 63425.4939625734
290, 63402.867426270226
1376, 63317.50150447732
611, 63307.15207673497
1046, 62916.67133768491
563, 62875.3730881438
870, 62794.41013619779
90, 62728.71104186741
1183, 62648.05525625767
730, 62582.38873436147
332, 62519.1798358402
1078, 62432.26499807731
719, 62335.144949421774
864, 62168.90745146496
752, 62153.45622566457
1176, 62127.32429576301
1083, 62015.056699129775
1051, 61686.25426826795
498, 61161.978882064264
623, 61088.34071337
492, 61045.509684734054
1121, 61028.06228130589
579, 60792.405516636
1184, 60676.89450911524
1122, 60582.11141978106
1304, 60509.90155774066
16, 60426.732440837906
1008, 60304.93961281034
761, 60148.550254785194
1175, 59969.89194706378
949, 59782.21793609453
110, 59756.753005050654
446, 59577.87030558077
1010, 59473.71561853615
494, 59401.835165739
956, 59369.59110865074
360, 59345.82211060506
857, 58967.48512234015
826, 58783.9002282612
1328, 58691.60079991475
1279, 58691.60079991475
1031, 58599.78617310159
897, 58593.79152397488
889, 58540.69610451175
334, 58461.04880397822
531, 58313.96286125179
877, 58230.68533980026
576, 58211.77229239491
14, 58211.756134245705
166, 58159.10506294832
1034, 58082.46845363644
18, 57974.29915097989
560, 57973.20135040716
525, 57873.98348159179
1343, 57835.80845800784
904, 57601.95860974078
902, 57601.95860974078
901, 57601.95860974078
900, 57601.95860974078
756, 57512.4087334994
1079, 57480.18485847235
193, 57480.18485847235
1171, 57417.83971868629
51, 57175.177534694085
140, 57061.96670181347
286, 56776.828201103504
537, 56683.907954127586
315, 56669.67216318958
432, 56525.69726236246
497, 56427.72151945549
275, 56412.68838325962
212, 56210.18125839839
211, 56180.33661071587
538, 56121.87780465366
582, 56026.235954827294
814, 55957.54918904046
670, 55715.11034585461
570, 55707.398077027516
757, 55548.73823649619
921, 55505.24146794179
241, 55236.99200948399
983, 55168.52108752186
741, 55102.81066568109
1388, 55020.95756814468
474, 54903.38347375122
958, 54878.50553860386
1330, 54773.17603820602
370, 54765.61003985767
186, 54714.86690219778
36, 54714.86690219778
729, 54680.95057931105
1321, 54644.39437170846
1378, 54641.60118694241
728, 54638.6698954218
226, 54546.72334047002
486, 54399.43552021368
800, 54358.08873045284
326, 54198.779467445514
1405, 54034.33207615706
1363, 54020.30944519948
790, 54000.38311398054
676, 53994.110944822394
215, 53956.086152349635
597, 53941.60252072127
311, 53933.958409486404
173, 53845.478222378166
496, 53691.73342658921
381, 53586.747488346555
667, 53425.1760315068
1329, 53324.28493938815
1301, 53256.41450509259
70, 53174.35235929549
109, 52988.24643299509
1368, 52950.06795340966
592, 52900.05045613835
178, 52839.44702389443
598, 52729.68484036939
120, 52634.62862256787
1052, 52422.837098170705
1125, 52337.71144804938
665, 52282.19296472117
977, 52259.65168090727
1350, 52244.86714544206
892, 52191.04301197912
1411, 52185.712445167796
148, 52172.025267116114
605, 52107.33831347684
213, 52106.53623123607
596, 52005.44012176023
1306, 51966.26467555296
71, 51887.05681092869
1112, 51833.83256266728
753, 51787.949083044616
778, 51624.187329411
208, 51476.01967239075
119, 51422.51976491722
847, 51357.146308662996
395, 51199.122042050236
734, 51188.96379089548
1, 51076.31678308172
1025, 50964.046224504236
536, 50926.7549882217
535, 50926.7549882217
131, 50865.90548842928
1115, 50782.54588715223
1145, 50745.39433517394
490, 50558.31220465461
668, 50548.02001434029
1217, 50538.10337510742
1216, 50538.10337510742
458, 50531.73431837466
0, 50476.11605096911
29, 50349.166922043754
1360, 50231.01403527199
1284, 50220.08986702766
980, 50148.12101406516
1324, 50136.17304472144
836, 50059.945647449786
534, 50046.024147389326
7, 49882.50676119988
780, 49881.99768878508
557, 49737.58038484219
1185, 49704.97645865077
942, 49303.02562388141
1310, 49254.36552672458
56, 49244.8722694399
174, 49244.47177362509
1150, 49199.22603453521
1137, 49006.237361738094
632, 48898.72761564956
520, 48897.26810659805
618, 48839.83622909576
1012, 48825.044942196946
1013, 48801.56045409193
1249, 48516.315495725634
314, 48454.97459523647
1367, 48433.13621748724
337, 48422.67959265306
1305, 48304.63373276505
588, 48208.5925447499
1303, 48175.31133558481
581, 48164.02681425285
622, 48032.17452454847
621, 48032.17452454847
1111, 48025.51610100921
106, 48015.7755244512
1124, 47966.32559658728
221, 47907.55709979843
771, 47735.639324491116
478, 47667.6611078695
733, 47612.23561221058
278, 47524.7319639933
450, 47492.92836996764
449, 47492.92836996764
279, 47303.408682747686
482, 47219.13241090544
978, 47151.10970913555
638, 47111.43653906312
225, 47111.43653906312
206, 47104.3811733341
380, 47092.54073623019
584, 47047.26694841113
107, 46977.149519101
938, 46926.216988799475
299, 46858.866319611545
354, 46799.234627987134
220, 46780.748257627725
30, 46637.500496793225
1322, 46542.724335045605
231, 46454.42243967711
1354, 46394.74307031146
1416, 46391.666501165244
863, 46190.381751329536
153, 46184.30764769253
781, 46164.211921114234
566, 46140.71699368416
867, 46137.32292748581
1000, 46124.49487519904
371, 46113.202001432124
1224, 46050.62046153231
328, 46036.7040451513
132, 46035.58215855726
885, 46010.556174062425
1214, 45967.18904032834
788, 45940.80728332148
787, 45854.46033683157
203, 45842.65479477684
386, 45778.13770883183
287, 45775.58257541844
207, 45758.5075698754
1169, 45449.43647244542
1005, 45418.930177511065
1200, 45326.67896100381
247, 45269.57877715587
948, 45267.81368465572
1177, 45229.49333879089
1181, 45167.595239559436
1180, 45167.595239559436
1179, 45167.595239559436
1182, 45114.57991816834
1178, 45114.57991816834
234, 45111.395711235506
252, 45099.82732843831
1274, 45041.63451630704
277, 45027.95480563156
930, 44925.782964303304
509, 44855.70208331664
488, 44833.180520982445
204, 44749.96941890314
433, 44745.70282338527
1201, 44730.66330571751
874, 44722.14325817151
495, 44689.94778536544
31, 44632.34873537581
342, 44575.08830594213
1204, 44504.73718441202
1087, 44439.57585703211
540, 44421.32314815006
1342, 44260.953021669215
1250, 44260.67397780799
726, 44192.920670150466
517, 44187.30451037728
846, 44186.47487337896
630, 44183.55890356814
732, 44183.487938064194
657, 44133.451497333386
971, 44126.491726658576
1163, 44011.19951018224
405, 43974.71728267724
666, 43940.83921037548
763, 43929.5231743829
59, 43913.499773958756
1040, 43813.236588953616
827, 43686.906003816
1290, 43653.009113342916
457, 43647.8053476493
731, 43636.22493356426
1048, 43573.8312878155
493, 43551.28059116045
1319, 43545.00821935053
858, 43460.886295232915
1309, 43442.98656511552
347, 43403.21317328968
116, 43374.75435541302
1134, 43273.436255324275
744, 43272.409727117534
567, 43252.16681532909
875, 43202.769676906864
679, 43098.818763013864
214, 43068.88904728606
367, 43024.80067443431
357, 43009.41999448175
591, 42882.01669477563
1091, 42867.13641900431
1090, 42867.13641900431
222, 42789.677933886174
