719, 99725.78789056362
90, 99273.76824389554
752, 99261.57376714743
1176, 99194.94002152141
1083, 98909.04922343166
563, 98908.6449332987
1051, 98075.28152563238
611, 97858.7111828997
1376, 97833.99228758563
290, 97630.88343134071
960, 97570.79359968958
623, 96572.4698087824
1121, 96421.91205899841
850, 96093.25546420558
16, 94929.3570599033
1282, 94121.89225597234
1175, 93806.72681774783
1277, 93453.10704905997
949, 93348.33232405862
1247, 93227.14971748751
819, 93088.66673268091
1062, 93036.68905072652
1223, 92865.86405241472
1010, 92598.31553402917
1221, 91540.60344355978
857, 91376.93692792197
1412, 90956.34659482104
826, 90936.8459932243
577, 90808.631281963
335, 90626.19645869575
1031, 90496.99400873057
338, 90451.95430773159
334, 90166.54048924608
223, 89818.38979833653
531, 89817.1294772166
877, 89619.72086677504
576, 89574.93006336637
14, 89574.89180355177
1001, 89089.7581944744
260, 89023.34031961915
18, 89013.86618369781
560, 89011.27818910617
525, 88777.59490486668
1343, 88687.79696576083
113, 86921.24830092053
140, 86881.04915419832
537, 86007.64573458093
710, 85847.4202225947
432, 85643.92860261723
275, 85384.76928227537
890, 84867.29872227748
259, 84854.91952921679
538, 84720.30881198338
999, 84443.24089896049
814, 84346.3908296187
359, 83845.83361183523
570, 83779.32401308052
743, 83694.98493236324
921, 83322.92736628848
1037, 83176.78167657484
37, 83060.86607920786
47, 82743.22834386911
80, 82439.41605955352
94, 82111.71499806784
474, 81973.9602459524
310, 81868.45471470903
1330, 81684.03778236202
186, 81554.42493179775
36, 81554.42493179775
1281, 81489.43508524733
1378, 81391.75773345663
226, 81181.4235672137
1390, 81089.54250084628
909, 81012.47781204864
67, 80857.47560028384
800, 80764.30009453194
205, 80752.66657977174
1363, 80020.87961401707
790, 79977.16337881831
1009, 79912.23627920235
215, 79880.03617019497
597, 79848.29542717931
742, 79764.49810472237
224, 79658.71642526796
173, 79637.84720529162
711, 79517.86168952023
381, 79073.18318218635
1371, 78414.57247455193
1026, 78348.68605492542
178, 77456.71235216355
598, 77221.08037293133
1052, 76564.76577047793
552, 76407.01987341311
977, 76217.16871848154
605, 75893.62666480671
596, 75677.6574753425
1306, 75594.72915474132
1112, 75314.81143345813
1316, 75221.64475969646
637, 75221.64475969646
809, 75104.86115099337
807, 75104.86115099337
379, 74924.58578586389
847, 74312.59562901214
1406, 74025.72074982585
483, 74025.72074982585
395, 73982.18805953352
484, 73967.59748642228
485, 73777.60020655999
536, 73414.83026483314
535, 73414.83026483314
131, 73288.44293975814
981, 73099.69005923296
12, 72704.53603912334
1217, 72609.86899836977
1216, 72609.86899836977
73, 72431.80896066345
929, 72234.54604433401
29, 72220.50062104197
836, 71626.9137235307
534, 71598.41629104396
248, 71508.03853038956
824, 71505.89843764315
589, 71458.71919086584
780, 71263.16611161924
526, 71103.05428717988
557, 70968.77603281423
89, 70751.44815099101
1417, 70718.234288997
295, 70558.34233083717
289, 70496.66494897056
1310, 69989.04185204882
56, 69969.87500606784
1235, 69846.93831653708
235, 69796.97642869195
325, 69726.96479763993
720, 69688.19316922617
940, 69593.81787702888
832, 69593.81787702888
1137, 69489.09175280965
288, 69344.50718673055
618, 69154.99602981767
384, 69138.69251283916
1012, 69125.3443038104
1347, 69099.90995901974
1013, 69078.28087485423
13, 68839.90216793498
22, 68839.89021261965
281, 68686.53322400618
185, 68650.55758877234
876, 68205.73221612397
1119, 68038.02079058165
581, 67807.80100451295
622, 67546.75515686159
621, 67546.75515686159
1111, 67533.58801717551
106, 67514.32854181
221, 67300.56781615608
465, 67217.85691581653
356, 67103.48415088392
771, 66961.78624966247
1283, 66922.85075548131
307, 66858.32294001014
478, 66828.09920607603
1174, 66805.56672705915
150, 66805.56672705915
152, 66757.05582427069
278, 66547.51178102283
450, 66485.16928633169
449, 66485.16928633169
777, 66207.33996146526
279, 66114.35752026901
165, 66048.65441886106
1222, 65933.1649020789
978, 65817.22650942134
1271, 65766.53918684051
1248, 65758.44391931614
380, 65703.16229396054
584, 65615.06751664546
107, 65478.76339967842
299, 65249.19070948641
354, 65133.62553371671
220, 65097.82269591348
30, 64820.767662625636
125, 64770.27393130345
343, 64639.31175059602
258, 64528.27862982097
808, 64526.999376622676
231, 64467.641483465966
153, 63948.60282281874
781, 63910.08122618283
867, 63858.55774410165
1224, 63692.57936661198
885, 63615.963379808716
475, 63489.592853226626
438, 63348.09691851028
891, 63296.84199449443
1273, 63033.770930606406
530, 63023.04318534798
1169, 62548.259382509365
1200, 62315.996162064526
252, 61888.020312672685
1274, 61778.49254887533
277, 61752.760508047686
930, 61560.755012986345
509, 61429.2430256557
1032, 61427.08471548902
488, 61387.01187020577
204, 61231.114911522985
433, 61223.12715034017
1201, 61194.975198703294
495, 61118.796182684695
1204, 60772.9089202369
817, 60665.93781134989
540, 60617.47376080984
477, 60473.32650469839
1063, 60451.22025405193
266, 60369.06986392821
463, 60360.397699275614
1342, 60319.234458568404
184, 60236.99585789261
183, 60236.99585789261
517, 60182.53336517392
846, 60180.99439192478
748, 60101.11412774783
971, 60069.78130398405
98, 59759.76418199263
1278, 59704.31788361436
456, 59697.61019946897
1418, 59664.06509259089
236, 59552.44061409252
1040, 59490.75407079312
934, 59475.086951555204
1307, 59272.28965514903
827, 59258.07949602262
1094, 59198.903992866595
1290, 59195.730087293305
455, 59134.277048628515
1326, 58895.46369279879
858, 58842.99284244667
347, 58737.320366312815
116, 58685.21280360193
768, 58563.66612696308
331, 58542.07043656666
195, 58446.82719195328
793, 58431.1387255858
833, 58409.437189130505
1315, 58236.70268083241
365, 58236.70268083241
257, 58127.60145158383
367, 58046.42177570641
1384, 57997.381789367806
816, 57630.318114117326
222, 57619.272207172304
527, 57586.54591880199
825, 57250.03369765494
240, 57224.572913480406
368, 57176.16121084411
786, 56958.804956713626
583, 56950.39914900696
276, 56935.71480329197
640, 56919.831635904506
17, 56901.50595804523
10, 56901.50595804523
792, 56865.02421948965
429, 56779.01335984151
255, 56723.897604732454
430, 56449.95770700898
306, 56378.68102837732
853, 56197.18283707421
1346, 56185.73543507448
820, 56114.26403885939
642, 56032.442490086156
361, 56025.307152580375
972, 56017.00569943396
967, 56017.00569943396
1155, 55806.04029339561
415, 55738.636365032355
969, 55639.64803156655
420, 55611.41487338044
1287, 55410.07684849692
776, 55265.45905628737
1370, 55255.83761833646
1369, 55255.83761833646
1066, 54906.3929378938
772, 54862.51204822609
713, 54861.68852166225
762, 54776.50984692367
1356, 54723.853850882966
565, 54572.84053620395
345, 54442.80178798487
1189, 54359.52058865069
717, 54334.798922360926
1191, 54108.43634290331
304, 54054.26921955433
1135, 54051.14327274474
770, 53644.55302157995
313, 53639.89495834322
1383, 53564.027611661106
466, 53522.00483051167
862, 53460.29637086469
468, 53403.701857036125
469, 53376.66119474536
467, 53356.38828892107
970, 53179.39852807558
872, 53083.995530103144
346, 52903.96785649466
802, 52890.22647852761
801, 52890.22647852761
99, 52846.14583093156
783, 52839.95024436097
1270, 52792.05704616815
1256, 52727.939872567964
1017, 52572.96536161495
441, 52529.48589208365
476, 52291.566030819224
519, 52216.46604561988
86, 52165.22293176459
1272, 52143.51630435931
601, 52120.36076009168
1407, 52118.7569733828
1408, 52113.62949940691
1409, 52100.841484368866
1065, 52100.841484368866
85, 52100.841484368866
1016, 52063.55661401211
1120, 51954.10284088059
190, 51893.36637239539
968, 51752.10937221359
1015, 51437.73539658598
104, 51356.06803145055
237, 51353.34693267738
574, 51344.05102499181
83, 51336.75885079478
105, 51334.61317578409
103, 51334.61317578409
1300, 51318.42200871956
122, 51317.259292063536
1410, 51261.80744832106
903, 51194.04638446804
647, 51191.59388691197
42, 51061.258546103025
528, 50983.84036129565
408, 50960.550815116025
187, 50590.87768087189
993, 50460.815247168466
81, 50300.58839267929
1227, 50190.426932080976
78, 50185.369691837026
410, 50184.47679177462
1027, 50155.36375428312
267, 49831.4438417318
167, 49822.755927911894
417, 49822.46836271569
1011, 49755.77300704608
419, 49729.30415430741
553, 49653.68725798608
72, 49586.62154059116
641, 49553.66797131943
114, 49544.68029814428
947, 49514.07005398114
390, 49492.624281869495
434, 49467.8867633334
26, 49399.857028755076
1019, 49302.53257240065
445, 49302.53257240065
54, 49233.106282581124
168, 49230.87128360565
1323, 48998.50929861568
244, 48944.772944498036
689, 48816.22703817283
569, 48793.27469428002
1132, 48646.09041169891
253, 48603.029693504715
617, 48563.540764671525
869, 48488.74575345058
1113, 48440.51062266412
233, 48440.39427317306
38, 48412.5293592792
871, 48394.139744653745
442, 48353.11480972313
655, 48219.37928912876
856, 48144.56115431797
854, 48144.56115431797
1059, 48103.62145101535
454, 48065.685364107216
855, 48059.37664264731
322, 48046.54671041459
769, 47994.827827887966
555, 47986.9070651432
927, 47910.85980434904
554, 47891.431523234714
709, 47852.6838924364
1133, 47840.47396276447
571, 47726.98842210285
349, 47629.17541109723
1018, 47564.53009219411
154, 47564.53009219411
437, 47538.358690841684
1232, 47501.68208773901
1088, 47486.77093775574
1400, 47471.41313705171
155, 47402.068368027496
391, 47358.86200561396
409, 47343.23390464438
1102, 47225.88422858636
1106, 47225.8835099436
1105, 47225.8835099436
922, 47044.606098721495
1056, 46902.35408361178
264, 46888.89543553225
1030, 46721.42110821656
568, 46580.14015195425
1225, 46501.65282878964
149, 46453.56944869601
124, 46453.11163473217
861, 46395.44370917187
1395, 46376.438045532166
401, 46363.113273793446
151, 46317.42315503375
1101, 46273.70486394573
48, 46244.05844914171
1123, 46130.07134242655
607, 45926.479974346425
1415, 45910.83944985248
1110, 45832.397352013446
1108, 45832.397352013446
1081, 45674.396085920445
1109, 45661.90047982222
1046, 45643.64197974283
1397, 45636.07126137086
1288, 45603.22977166153
870, 45579.26219542838
1183, 45502.10482716131
730, 45467.45377672499
332, 45434.08078089079
1078, 45388.16141341004
864, 45248.809419010286
1399, 45232.21982777843
1086, 45168.50599948462
1234, 45163.19743937338
451, 45162.22560364288
564, 45082.61910783598
1085, 45039.4133561483
562, 45026.87445117668
860, 45017.88485564557
992, 44944.93446801446
673, 44941.14646534087
302, 44911.79075096418
866, 44889.27819601419
700, 44819.1812210041
498, 44713.03106035716
1061, 44658.9685975339
492, 44650.752477247166
1039, 44576.275049585245
579, 44515.19194132721
1184, 44453.224691902346
1122, 44402.33004089996
1304, 44363.52773835709
1344, 44336.5527859766
1008, 44253.25575107589
761, 44168.98210879815
501, 44117.505210545736
815, 43975.64343108606
1317, 43960.56392263732
110, 43957.34196786776
1228, 43901.25090656211
865, 43901.25090656211
1404, 43891.95540279335
139, 43874.155202161666
446, 43860.46934195995
1188, 43845.08331554221
674, 43843.211358754794
1190, 43830.412632275904
494, 43764.988854082556
956, 43747.483711136505
360, 43734.57643297537
794, 43676.25333422445
273, 43598.654420557024
852, 43489.72365594217
796, 43450.175024024626
1328, 43378.243902095965
1279, 43378.243902095965
897, 43324.79227340119
889, 43295.756767556944
831, 43156.547272980344
166, 43086.67752675199
1034, 43044.60145386076
256, 43013.41941764225
1074, 42906.38783950341
904, 42780.12881277052
902, 42780.12881277052
901, 42780.12881277052
900, 42780.12881277052
756, 42730.71499267076
1079, 42712.92410919988
193, 42712.92410919988
1171, 42678.48864562965
362, 42647.042450304776
51, 42544.27462505248
