32, 99877.89231877009
1158, 99733.35309817374
1351, 99603.0062956881
910, 99413.18169484069
1128, 99225.32654487749
784, 99025.29698866977
383, 98594.18632382678
1007, 98567.13857998466
316, 98084.19856263073
774, 97636.37499242555
773, 97636.37499242555
1093, 97557.60542959916
510, 97557.60542959916
660, 97478.06870028537
96, 97362.6119488192
951, 97195.56654767747
1146, 96965.09144871401
1130, 96878.77250100128
117, 96501.88311265162
821, 96450.04300469132
1380, 96445.65962230161
1242, 96289.48705068773
1241, 96289.48705068773
658, 96281.13880605905
351, 96116.39624541653
1311, 95618.61643422126
881, 95510.71838792031
1298, 95304.29471361914
511, 95147.76422808172
1196, 95011.50722480578
1197, 94867.84859303085
1386, 94444.3093575384
1387, 94262.96427511427
953, 94222.01063608864
297, 94222.01063608864
586, 94187.93480552213
1297, 93628.1129309339
1211, 93599.15325440765
91, 93539.43605614136
1195, 93394.33570529561
1198, 93381.00825343127
1374, 93347.95086318684
163, 93178.34440200134
1269, 92879.61393349984
1251, 92855.27824711737
92, 92625.77488112055
1116, 92533.88309626884
933, 92519.15252049323
1340, 92510.54206980731
917, 92195.09961120538
282, 91987.64472736804
626, 91949.80783855052
766, 91781.63200867498
1118, 91727.05780859498
595, 91727.05780859498
1096, 91709.82507094259
34, 91624.18312794415
1296, 91623.14964295068
1392, 91285.34882932896
339, 91238.97296603308
599, 91182.5691976573
1268, 91117.70369611582
883, 90954.09049137599
587, 90686.08222326329
995, 89971.63687626302
758, 89963.55417090339
198, 89868.20916351573
1097, 89730.40622629221
1352, 89324.80878093914
524, 89275.02316810348
747, 89268.40549913708
669, 89121.43582979085
327, 89015.85349325094
913, 88962.53440904929
746, 88901.86212597419
990, 88640.92437766287
896, 88601.69134925173
443, 88401.82253352342
887, 88074.01222870327
33, 87880.72837291175
284, 87876.69426083278
880, 87809.78688536785
895, 87773.40724697532
707, 87618.8753493329
966, 87595.34804243538
688, 87511.21145003544
1372, 87399.88913819891
806, 87314.33851480605
686, 87290.74990410442
1336, 86893.03057491394
1127, 86603.56325447728
1230, 86554.62747113762
1129, 86514.87750808697
882, 86484.37817433735
389, 86278.42660791945
687, 86273.3315507691
548, 86268.71640849012
547, 86241.08490690308
973, 85766.71285218478
804, 85683.95242083454
340, 85661.8111868591
387, 85634.25637543418
785, 85624.35977096813
522, 85503.2970476207
1364, 85481.72785798054
1394, 85374.57968809742
1237, 85235.21993479814
1024, 85235.21508637526
1023, 85235.21508637526
162, 84905.76436009289
388, 84802.08406769953
625, 84729.34979551655
280, 84666.12233854295
805, 84627.1185394117
918, 84617.17494014703
839, 84588.89853520769
550, 84428.88262006118
608, 84282.15744182812
175, 84264.01900865827
1054, 84193.52830368979
1022, 83785.07635766739
1098, 83681.5248288475
912, 83647.08234428863
431, 83630.83033167511
1064, 83598.65945142967
1265, 83580.82461891661
1126, 83508.04232220985
283, 83400.23285763222
965, 83277.37986710593
1267, 83270.48576849843
964, 83261.27289853811
963, 83261.27289853811
962, 83212.95570355693
1141, 83090.97494771905
1138, 83090.97494771905
344, 83089.8741065534
664, 83007.43009041609
521, 82946.84967589621
1049, 82904.65278272949
1140, 82756.14480534998
1156, 82746.26601220462
954, 82674.45115511095
1139, 82589.51922994824
914, 82390.88885075797
1050, 82353.87995130409
1338, 82328.1904340577
1337, 82328.1904340577
1218, 82245.20768481946
1219, 82207.95450445513
624, 82171.13204553579
1021, 82132.30692524047
646, 81778.30469348433
1151, 81548.53817636368
400, 81490.249726025
505, 81289.65099973665
1393, 81244.27245565491
879, 81166.45376402339
878, 81166.45376402339
77, 81161.27053966677
23, 80948.00786128269
308, 80859.70953056347
24, 80605.99812346634
755, 80453.80557869519
1275, 80308.26262132266
25, 80131.52050392402
1154, 79982.60697963092
66, 79954.57956395681
1391, 79923.29317636129
559, 79889.26546658251
296, 79845.15847917234
265, 79812.87590076191
440, 79778.10964877851
377, 79642.38161945292
333, 79510.03462452162
684, 79470.22522989773
336, 79423.75757061758
996, 79256.83689123833
321, 79140.560587061
84, 79130.51260264669
1266, 78972.68564647611
911, 78819.02795049864
1092, 78770.78456821061
685, 78672.39735340457
975, 78640.61818803639
506, 78621.34662574007
976, 78587.72860900662
635, 78585.78498274289
634, 78585.78498274289
1186, 78484.67249183099
738, 78436.81530926762
292, 78433.88111855055
682, 78303.74858384387
950, 78260.43327000437
725, 78161.6717356048
578, 77924.54560380323
683, 77885.27288115722
1341, 77616.31451564039
767, 77576.70978913641
1006, 77557.9430963702
1055, 77529.20846087918
681, 77366.41409260618
952, 77226.7326218453
818, 77045.841483243
1220, 76715.76346998778
529, 76560.32103465655
378, 76479.17399463248
508, 76271.97660227327
842, 76169.92913359695
507, 75937.9955714312
1233, 75871.80486855573
724, 75805.84571042754
941, 75766.94900358088
35, 75759.75370413822
959, 75719.04912386535
1215, 75707.02392690466
372, 75682.86705757132
893, 75617.65144922865
675, 75489.61623526245
301, 75276.16347652167
722, 75180.76293363889
760, 75159.68683378825
957, 75053.10397020011
841, 74980.98058898377
1210, 74938.2376640089
627, 74786.42502937463
721, 74727.95924003799
261, 74630.86062408495
404, 74623.56594373721
542, 74523.350593465
539, 74523.350593465
1420, 74415.78901691394
823, 74262.40039052104
229, 73976.34543986603
1339, 73962.41271060971
230, 73948.78485982315
201, 73749.5527946345
1295, 73510.00628277271
111, 73444.41392699219
143, 73436.92525217014
982, 73335.11498246065
924, 73332.6073370952
916, 73127.19955528533
838, 73063.48309512131
822, 72982.60034843719
1107, 72885.25553851109
523, 72800.31089560509
991, 72738.59377570769
263, 72712.27619163308
1070, 72633.40565351017
1071, 72633.40499115495
439, 72449.41136958325
8, 72183.32882896614
115, 72056.58657390224
1345, 71914.40092781586
943, 71872.30611495524
1194, 71597.3098945006
262, 71597.2296960131
906, 71547.30251819761
937, 71525.54809115424
121, 71475.08744388363
764, 71465.3228078751
1072, 71427.72349396195
436, 71254.84383980437
735, 71239.20255733037
1365, 71190.03314886385
373, 71182.30045866477
803, 71073.42060711134
1349, 71025.85847486043
1293, 71025.05287660645
1292, 71002.40519634513
130, 70670.46430991622
944, 70630.36993556551
1332, 70587.51976979025
1213, 70559.38599857865
848, 70339.24335671721
1361, 70311.34009806662
945, 70230.208112066
1229, 69689.32246862218
1114, 69606.66795743408
303, 69521.65428251513
76, 69302.72851304256
1243, 69225.64980411595
462, 69089.39890321861
1291, 69053.64237103454
499, 68949.21376045652
551, 68881.39377326392
87, 68816.10845161373
1167, 68643.53367900396
974, 68558.77631184965
629, 68422.41103606406
1042, 68361.13128629375
1104, 68360.29816848131
1203, 68357.8061423883
1041, 68149.02659306172
1375, 68144.52579945234
52, 67913.0896591274
678, 67410.71172814163
1252, 67167.45383364812
1068, 67133.68868542681
407, 67024.59444297079
324, 67009.80464262342
810, 66933.13554508386
1202, 66874.21737956164
1276, 66799.41739609111
294, 66764.84596124564
1320, 66744.16108614783
615, 66607.31200511665
406, 66593.2609367794
394, 66585.68871483921
243, 66171.08587330299
650, 66114.73115515009
329, 66099.17172423948
1212, 65755.50320695169
1355, 65704.71360062939
392, 65703.83544690793
1359, 65689.31173169089
171, 65503.466933190626
341, 65367.01845721054
1261, 65247.53180978683
60, 65220.80511309511
843, 65098.13878909627
532, 65011.54198694733
95, 64814.15812386764
355, 64777.26386159316
1208, 64586.31625518101
603, 64560.98170006109
79, 64525.052560827644
1209, 64464.390188834164
1239, 64457.74650918261
1206, 64262.52593696987
323, 64136.75197392407
128, 64128.64854175504
859, 64075.84672970403
376, 64025.30182644761
716, 63973.75962192321
925, 63896.3389065388
1047, 63832.45989603061
317, 63768.398609070566
736, 63732.16213094906
884, 63725.423310481136
447, 63677.5000196692
319, 63616.832713048934
1131, 63582.94364488667
610, 63509.92404876095
988, 63493.56072768125
100, 63453.87810278761
1257, 63436.14254976247
714, 63396.2686143544
101, 63317.65559356637
543, 63315.6170322691
472, 63286.205565263044
979, 63122.490690119026
561, 63049.65696640108
1353, 63007.160073529725
1289, 62914.71618396921
82, 62914.71618396921
779, 62878.44000119931
723, 62787.982097307206
737, 62714.446074590545
1207, 62706.10707806913
708, 62599.6632936577
671, 62546.71055027943
75, 62511.317051866536
1205, 62425.42630356075
1095, 62292.90038909169
1014, 62170.636965042104
907, 62044.70832430165
197, 62040.060827109744
1254, 61994.368514760776
298, 61691.642397178446
385, 61608.27582039149
144, 61331.61172946333
998, 61323.73387009785
1244, 61212.97824862488
715, 61203.197119412835
616, 61202.59245039224
677, 61196.27407131359
57, 60990.01596088325
797, 60986.53708721634
1327, 60977.192995342644
894, 60957.38108706552
1153, 60779.968547222226
1226, 60734.690259480354
489, 60709.481298023384
1045, 60552.776581765145
649, 60324.32144881666
585, 60260.13860551489
1053, 60254.082246136
1033, 60232.33443583543
533, 60207.387714431585
1335, 60198.36074910505
926, 60060.01524124522
375, 59787.96759342006
118, 59733.34429870887
652, 59666.916905372535
49, 59557.49179444897
9, 59539.11453046471
931, 59364.273063091474
648, 59359.56263714355
393, 59174.78364604567
602, 58984.6645614727
448, 58701.54865024318
1402, 58598.79848366848
300, 58562.64081882247
1142, 58497.67513725187
1073, 58437.88104188394
1331, 58362.79688102868
935, 58355.301015208395
1366, 57686.6494093219
181, 57432.42448478665
946, 57422.405651571906
1377, 57378.2864239047
573, 57317.60387986784
541, 57301.93870638341
590, 57204.23529918402
1038, 57101.26840195905
129, 56890.383019418114
994, 56823.02169471477
1069, 56709.175411611555
126, 56550.349930847835
651, 56531.20374000301
1259, 56444.01067414724
1260, 56319.719798532584
614, 56287.36669295853
639, 56144.73871149399
789, 56074.90206927145
147, 56037.95383859306
1357, 55902.73217573364
928, 55878.89511989549
680, 55859.50866270011
1385, 55793.075121872185
888, 55700.03435396065
631, 55668.15812564304
318, 55599.37399394744
997, 55480.47497535904
873, 55480.47497535904
50, 55398.84411247886
196, 55395.72272374103
1358, 55351.69873903022
1294, 55340.72049434637
837, 55297.75674025385
312, 55288.762475520416
182, 55140.021996547606
572, 55031.572446567014
199, 55021.85544418585
58, 54949.51464528373
1099, 54814.958793570615
97, 54716.43165661809
851, 54576.550470309696
989, 54557.242084169935
403, 54557.242084169935
1325, 54467.7979721557
453, 54454.17062135349
452, 54454.17062135349
127, 54436.9982372253
1143, 54329.80608375199
1165, 54199.031118797415
628, 54102.46260230171
936, 54085.65342984733
718, 53913.426722480974
1231, 53816.23948701112
844, 53769.726276777394
293, 53691.90225106542
1238, 53675.10683981032
849, 53595.38312387902
1089, 53551.82887986593
1164, 53524.81344178809
200, 53524.81344178809
549, 53516.02050007403
593, 53470.432121547354
188, 53469.61233728738
1333, 53383.374653203144
202, 53259.35807622979
245, 53166.28395035238
1258, 53133.82665076729
138, 52981.49502565996
402, 52934.068140693125
1161, 52911.86853954612
232, 52903.46211416075
1091, 52667.80074463282
1090, 52667.80074463282
591, 52645.355902495416
357, 52454.59669607387
214, 52366.41059842082
679, 52322.23192982741
875, 52169.84169609365
567, 52097.992346952335
744, 52068.65293787187
1134, 52067.16673289301
1309, 51823.80584557061
1319, 51679.36806434713
493, 51670.53619469845
1048, 51638.82937794404
731, 51551.47494929915
457, 51535.32167410629
59, 51169.776969578976
763, 51148.03781514823
666, 51132.70587070425
405, 51086.90690483868
1163, 51037.75772435425
