439, 99772.38605480903
8, 99720.12164460085
115, 99478.39617471867
1071, 99425.53756434252
1070, 99425.53632322176
263, 99278.12794181527
943, 99127.50940808181
1107, 98957.46485262061
822, 98778.58347030534
838, 98630.80486727676
1194, 98605.15860043059
262, 98605.00648549557
916, 98514.93061126492
906, 98510.3330171085
937, 98469.09716875917
121, 98373.48461048819
1072, 98283.78587068843
924, 98144.58328376601
982, 98140.09200708375
436, 97956.76235491547
735, 97927.20424256343
1295, 97828.61775781996
803, 97614.21644527011
1349, 97524.52221426595
1293, 97523.00337660323
1292, 97480.30974809547
201, 97407.55912269947
1339, 97038.69955407678
944, 96780.42906738815
1332, 96699.99369217356
1213, 96647.20256077054
823, 96527.11472236601
1420, 96269.1883678698
848, 96234.65646912882
542, 96089.77113062123
539, 96089.77113062123
945, 96030.67686478647
261, 95911.62083296449
721, 95751.7278821245
627, 95655.90828481059
760, 95052.1272650665
722, 95018.43980305306
1114, 94868.63369573849
301, 94866.48747562229
893, 94329.63405931697
76, 94304.9402604213
1215, 94190.92601286236
959, 94172.31871957294
35, 94109.43242680063
941, 94098.33184867803
1233, 93937.09972133124
462, 93910.35820326729
1291, 93844.30729149152
499, 93651.54305579167
87, 93406.14769500642
378, 93022.45162151678
974, 92932.68603652589
629, 92682.30140809242
1220, 92674.82169123027
1104, 92568.37125272233
1375, 92173.16117314331
952, 91939.95518014772
52, 91750.2409902721
1055, 91514.89175502703
767, 91448.79520280233
578, 90970.11507928601
678, 90835.68174303457
950, 90516.58672569775
1252, 90394.54033389063
1068, 90333.39549565128
292, 90285.66227426963
738, 90281.77465651839
407, 90135.98344385682
324, 90109.23753987302
810, 89970.65420042767
911, 89780.6602340929
1276, 89729.21307409412
294, 89666.8449578985
615, 89382.92829099776
406, 89357.62696037491
394, 89343.99340446288
996, 89219.27844876886
336, 89008.69989332347
377, 88735.71778181355
243, 88599.1277949001
440, 88567.83117948403
265, 88525.02137717172
650, 88498.12641500491
296, 88485.34024701595
329, 88470.25039370984
559, 88431.23400249408
66, 88351.34371174898
1154, 88317.14558337463
1275, 87923.45719937875
1212, 87855.67003328567
1355, 87765.02635991159
392, 87763.45954203015
755, 87749.66327570328
1359, 87737.5481038366
171, 87406.32565049667
341, 87163.53975717326
1261, 86951.21183501763
60, 86903.75385848313
843, 86686.1038724524
1151, 86483.40149352617
95, 86183.27202281378
355, 86118.05161342061
1021, 85836.38578347438
624, 85794.0207101109
1208, 85780.89175999815
603, 85736.20720203828
79, 85672.85585821806
1050, 85595.70456766334
1209, 85565.94659280099
1239, 85554.24200312492
1206, 85210.66178018568
1156, 85175.89745690348
1049, 85008.72227642687
323, 84989.6649491917
664, 84900.93256406256
859, 84882.74987778718
344, 84814.85727960547
376, 84794.07179148057
716, 84703.69075742201
925, 84568.01950786536
1047, 84456.1586595146
317, 84344.05124182334
1064, 84291.20694293943
736, 84280.6694879962
884, 84268.88508109468
431, 84258.52609228813
1098, 84207.13030169648
447, 84185.1031443823
1022, 84102.5335478856
319, 84079.09970227137
1131, 84019.91394085661
610, 83892.45733444122
988, 83863.90785545054
100, 83794.6922304916
1257, 83763.7663192242
1054, 83694.96188186793
714, 83694.25740658559
175, 83625.41965380216
101, 83557.29984367787
543, 83553.74976116458
472, 83502.53886081801
839, 83307.88493072437
280, 83233.11785080796
979, 83217.75809827316
561, 83091.2154896365
1353, 83017.42355307365
1289, 82857.01239143594
82, 82857.01239143594
779, 82794.10578305775
1024, 82690.36092878932
1023, 82690.36092878932
1237, 82690.3563655621
723, 82637.34262685457
737, 82510.01020357343
1207, 82495.5766368035
522, 82439.60197865737
340, 82292.77850162795
671, 82219.91759483525
75, 82158.76831796863
1205, 82010.46549520659
1095, 81781.89131675748
547, 81765.16921856796
548, 81740.34693368754
1014, 81571.28705764769
1129, 81520.57158258925
1127, 81441.9860069462
907, 81354.63935382254
197, 81346.64903395146
1254, 81268.11127304821
806, 80823.26378639345
1372, 80750.09831544475
385, 80605.91403908186
966, 80583.96557439712
707, 80564.06418016623
880, 80403.3304662626
887, 80183.06801173443
998, 80119.52483030876
1244, 79930.57566240769
715, 79913.8990959542
616, 79912.86820475939
677, 79902.0964670031
896, 79750.65669251175
990, 79718.89737983086
57, 79550.83523109087
797, 79544.91684746045
1327, 79529.02136303188
746, 79509.01815573857
894, 79495.32369864275
327, 79418.06255986735
669, 79334.20899747369
747, 79218.10886073961
1153, 79193.86303394164
1226, 79117.01122331344
489, 79074.23853941607
1097, 78857.8004686605
1045, 78808.59449498267
198, 78751.6755878306
758, 78678.6051483284
995, 78672.42407771401
649, 78422.06178550665
585, 78313.62616464938
1053, 78303.39764046994
1033, 78266.67305986694
1335, 78209.31906209576
587, 78134.17128421775
926, 77975.96561273384
883, 77936.30757184568
599, 77769.32934283165
375, 77518.02495111815
118, 77426.22592780362
1096, 77389.85177810364
766, 77338.79232410624
652, 77314.65611568093
282, 77193.1174254406
49, 77131.02851933193
9, 77100.2089361828
1340, 76828.70113672293
1116, 76812.61010274994
931, 76807.27154479777
648, 76799.38649532192
393, 76490.36428088516
1374, 76260.54864094216
1198, 76238.50011875578
1195, 76229.61903186004
602, 76173.00024338867
586, 75708.95645408607
448, 75701.50083072457
1387, 75660.54899832554
1386, 75544.12056507093
1402, 75530.70695106316
300, 75470.64594153174
1142, 75362.78610619964
1197, 75275.3064905254
1073, 75263.5734645142
1196, 75185.10352806246
1331, 75139.07372385546
935, 75126.64961487112
511, 75099.99839254146
1298, 75002.76731738854
1311, 74809.23567992725
658, 74408.64991113826
1380, 74310.6847544871
821, 74308.08272889124
1130, 74055.5915431074
1366, 74022.06376839361
1146, 74005.23193081495
96, 73775.33904044052
660, 73709.18550976375
1093, 73663.7730263972
510, 73663.7730263972
774, 73618.92647048211
773, 73618.92647048211
181, 73603.99450846006
946, 73587.54002387666
1377, 73515.0998005591
573, 73415.51510951415
541, 73389.81697954255
316, 73366.35593672427
590, 73229.62718781279
1038, 73060.97345270784
910, 72640.00042902508
994, 72606.07093176355
1351, 72538.98600461743
1069, 72420.3014101339
32, 72265.96016909294
1158, 72190.26148827594
126, 72161.4817159688
651, 72130.30846576339
1259, 71988.41700389175
1128, 71923.71425626129
784, 71818.55820482549
1260, 71786.36392304928
614, 71733.80936253887
383, 71591.52488439348
1007, 71577.26275778348
639, 71502.32120705837
789, 71389.09218372231
147, 71329.21764599654
1357, 71110.27478613329
928, 71071.70911569177
680, 71040.35060818536
951, 70851.21960706313
888, 70782.61770257099
631, 70731.14915088737
117, 70481.8986053227
997, 70428.43202213253
873, 70428.43202213253
1242, 70368.53128535276
1241, 70368.53128535276
50, 70296.94043830826
196, 70291.91455132033
351, 70276.04370088708
1358, 70221.04579232102
1294, 70203.37799347659
837, 70134.25252590688
312, 70119.78507450018
881, 69951.70578652677
182, 69880.71605843134
572, 69706.62346708862
199, 69691.03382628951
58, 69575.01874534092
1099, 69359.44365845363
953, 69257.93215158042
297, 69257.93215158042
97, 69201.76903531606
851, 68978.17287551952
989, 68947.33271420945
403, 68947.33271420945
1297, 68936.51293274564
1211, 68920.81237011736
91, 68888.4284498258
1325, 68804.54392174991
453, 68782.80002176538
452, 68782.80002176538
127, 68755.40371848988
163, 68692.38038607582
1143, 68584.49530007229
1269, 68529.88811158868
1251, 68516.63881947499
92, 68391.59868987025
1165, 68376.22564124658
933, 68333.45254671611
628, 68222.60116990491
936, 68195.87519232678
917, 68156.51614615075
626, 68022.36837848689
718, 67922.29042613535
1118, 67900.38701591433
595, 67900.38701591433
34, 67843.99928593622
1296, 67843.43264480386
1231, 67768.10737905517
844, 67694.36739615412
1392, 67658.044631419
339, 67632.56542816787
293, 67571.06248975453
1268, 67565.90761142848
1238, 67544.46384919708
849, 67418.26524027916
1089, 67349.3619672713
1164, 67306.63776848894
200, 67306.63776848894
549, 67292.73435967955
188, 67219.37320417976
1333, 67083.13721533596
202, 66887.41704818416
245, 66740.68269492856
1258, 66689.54356050251
1352, 66575.0323738691
524, 66547.37288869245
138, 66449.7454050986
402, 66375.15825550041
913, 66373.5834175588
1161, 66340.25712287927
232, 66327.04289002107
443, 66060.9671442797
1091, 65957.03508995633
1090, 65957.03508995633
591, 65921.83840664125
33, 65769.5392843177
284, 65767.2797690528
895, 65709.4106988555
357, 65623.00625551805
688, 65562.35522631484
214, 65485.04345294237
686, 65438.53572589837
679, 65415.97185979802
1336, 65214.765120586984
875, 65177.93962162671
567, 65065.83179181234
1230, 65023.965070306396
744, 65020.07511390079
1134, 65017.757623853046
882, 64984.31025012389
389, 64867.96089633084
687, 64865.08077035935
1309, 64638.72004789659
973, 64578.27802511841
804, 64531.34682300726
387, 64503.15478358767
785, 64497.53958074727
1364, 64416.57652975784
1319, 64414.17241056726
493, 64400.45213495345
1394, 64355.711530168235
1048, 64351.20523610715
731, 64215.60367219994
457, 64190.5410728642
162, 64088.960336995115
388, 64029.86974287679
625, 63988.39511153308
805, 63930.0711956041
918, 63924.396437389085
550, 63816.8774340731
608, 63733.012972984325
59, 63624.41026643929
763, 63590.80415733772
666, 63567.107000250544
405, 63496.340384077055
1163, 63420.43143593092
912, 63369.197388120716
1265, 63331.16314794193
1126, 63289.366734515286
283, 63227.422975781854
657, 63168.2848421006
965, 63156.788465909245
1267, 63152.82320153447
964, 63147.5240066235
963, 63147.5240066235
962, 63119.727567644855
732, 63066.060739008644
630, 63065.91615608136
1141, 63049.51846750755
1138, 63049.51846750755
726, 63046.85266086773
521, 62966.49942652316
1250, 62909.46769944603
1140, 62856.542731515576
954, 62809.40248142198
1139, 62760.36988779127
914, 62645.6027285183
1338, 62609.34850627531
1337, 62609.34850627531
1218, 62561.34489518448
1087, 62551.55173281842
1219, 62539.78724665586
646, 62290.819480009115
342, 62285.02620288973
31, 62173.570548185264
400, 62123.55183614146
505, 62006.90214961084
874, 62000.1597592082
1393, 61980.49523739813
879, 61935.194304511155
878, 61935.194304511155
77, 61932.1762405155
23, 61807.91939547676
308, 61756.427315011264
24, 61608.324940524915
25, 61330.761191829784
234, 61267.26137836143
1182, 61261.38900838944
1178, 61261.38900838944
1391, 61208.70704707086
1181, 61163.90361545042
1180, 61163.90361545042
1179, 61163.90361545042
1177, 61050.7639424696
948, 60981.08453893919
247, 60977.88167143227
333, 60966.03058107727
684, 60942.622368942415
321, 60748.566858555256
84, 60742.64626025265
1005, 60708.98140993889
1266, 60649.60363208813
1092, 60530.45242492839
685, 60472.33828794538
975, 60453.560180159984
506, 60442.171026202384
976, 60422.30027963212
635, 60421.15133188473
634, 60421.15133188473
1186, 60361.3619600869
682, 60254.29004747257
725, 60170.12808935407
207, 60112.70281573977
287, 60083.260303248964
386, 60078.85884338898
683, 60006.195958049226
203, 59968.09734895801
787, 59947.90769451918
1341, 59846.42017041097
1006, 59811.710910288064
788, 59800.964663203995
1214, 59756.32209242661
681, 59697.73845518816
132, 59641.13585720472
328, 59639.25294878931
371, 59511.358295964965
818, 59506.68785843402
1000, 59492.56036313369
566, 59465.59414585094
863, 59383.304999458174
529, 59216.64368621572
1416, 59053.898408729954
1354, 59048.9139452367
508, 59043.99536930341
842, 58982.82304588842
507, 58843.65289530311
1322, 58810.925381888694
724, 58764.27165748446
372, 58690.34357056282
675, 58574.06262458998
957, 58310.917216854206
