252, 100000.0
1274, 99714.34753558483
277, 99647.32762309475
930, 99148.32322423707
1200, 98902.46033282488
509, 98807.63109500296
488, 98698.41617367245
1169, 98322.9944579993
204, 98296.03729559347
433, 98275.45383159921
1201, 98202.93567351613
495, 98006.90413629061
1204, 97120.52920656942
540, 96724.17135719938
1342, 95967.04500811908
885, 95795.61609411055
1224, 95622.40737009414
517, 95621.48513262496
846, 95617.60010089717
971, 95337.15972681087
867, 95250.72536349823
781, 95136.32395043883
153, 95051.09103927102
231, 93927.06921719658
1040, 93886.85104075007
827, 93308.65040636159
30, 93187.42638588074
1290, 93154.1539510749
220, 92620.72937005549
354, 92548.3486989
299, 92316.02560913983
858, 92283.60546762492
347, 92023.96135537038
116, 91896.12450349313
107, 91860.3562256575
584, 91593.42624508242
380, 91422.31567747104
978, 91202.3869355572
279, 90637.9325954308
367, 90339.33901101601
450, 89950.15998558843
449, 89950.15998558843
278, 89836.29731645831
478, 89329.97585814046
222, 89308.93258647759
771, 89092.21511256405
221, 88499.48835907689
106, 88132.55234295764
1111, 88099.7549197718
622, 88077.357081604
621, 88077.357081604
583, 87712.1932229749
581, 87637.42410582684
853, 85938.18932755366
1346, 85911.42209780822
1013, 85602.61696632935
361, 85536.90207324596
1012, 85530.454302233
972, 85517.55306243479
967, 85517.55306243479
618, 85485.1018971833
1155, 85026.84692823284
1137, 84980.0475387125
415, 84870.47443355668
969, 84641.18625179995
420, 84575.8672793491
56, 84271.9038746976
1310, 84244.11749937233
1287, 84111.06026399414
776, 83778.27528451447
1066, 82955.88804396676
557, 82867.121323429
772, 82855.7620699105
762, 82659.76192730211
780, 82469.32074429803
565, 82196.8440318982
534, 82024.85491508483
836, 81987.48525775918
1189, 81713.86288849007
29, 81223.33989425564
1191, 81147.81725274025
304, 81026.04669908198
1217, 80736.42296197655
1216, 80736.42296197655
131, 79913.69408566182
536, 79763.96293634926
535, 79763.96293634926
395, 79104.85593926153
970, 79076.02288641573
847, 78730.56707243552
346, 78468.55807621387
802, 78438.33138347173
801, 78438.33138347173
783, 78327.80417236016
1017, 77742.56068365682
441, 77647.52098543373
1112, 77636.04330586648
1306, 77340.8335350921
596, 77254.2221971726
605, 77030.45136428927
86, 76854.24148775589
601, 76756.90467851247
1407, 76753.42643188313
1408, 76742.30679215865
1409, 76714.57870991855
1065, 76714.57870991855
85, 76714.57870991855
977, 76699.98266738951
1016, 76633.77111725969
1052, 76351.15958326712
968, 75960.89844449396
598, 75709.48745041918
178, 75484.35063030597
1015, 75285.53380515969
574, 75085.01275538176
1300, 75030.21560618929
122, 75027.73021274379
1410, 74909.25815653523
903, 74764.64805445453
647, 74759.41744040966
42, 74481.77366348065
381, 74009.9129965995
173, 73521.99307601262
187, 73485.14022310251
597, 73343.53376897937
215, 73316.77424606
790, 73235.1424151346
993, 73211.04495851877
1363, 73198.52435843763
410, 72630.79506915371
800, 72587.3361717833
1027, 72569.83048140875
226, 72253.67219912444
1378, 72087.86826102434
186, 71960.74358625662
36, 71960.74358625662
267, 71893.64876209316
167, 71875.56636125503
417, 71874.96789140072
1330, 71860.13223327103
419, 71681.23888891152
474, 71637.23965532331
553, 71524.23381848354
72, 71385.15989683745
390, 71190.51623558703
434, 71139.345189195
26, 70998.73712997828
168, 70650.19854178689
921, 70637.8445687638
570, 70313.12019879527
1323, 70172.64079373324
814, 69918.60837435539
538, 69663.7365320692
275, 69220.79687068776
432, 69051.40251281057
1113, 69033.77891415192
233, 69033.5426107825
442, 68856.41571339952
537, 68816.7653081034
856, 68434.26827513328
854, 68434.26827513328
1059, 68351.58039199044
454, 68275.01192282348
140, 68267.65197114303
855, 68262.28361476464
555, 68116.17161631158
554, 67923.95772613233
709, 67846.04138877036
571, 67593.6470045502
1018, 67268.25208722556
154, 67268.25208722556
437, 67215.91833625738
1343, 67192.07466526546
1232, 67142.61793688923
525, 67140.62263190933
1088, 67112.83048614782
1400, 67082.15885909054
560, 67007.58070161789
18, 67006.11414432652
155, 66943.76989767447
391, 66857.62882227173
409, 66826.48681297613
14, 66691.68351063492
576, 66691.6623019708
877, 66666.85495633021
1102, 66592.91494590852
1106, 66592.91351698522
1105, 66592.91351698522
531, 66558.03368777117
334, 66367.44916934434
922, 66233.03457746297
1031, 66189.54940556025
826, 65956.21559782862
1056, 65951.42153540374
264, 65924.8136803545
857, 65726.62031032289
1010, 65108.89942986682
149, 65067.50237990008
124, 65066.60417087916
861, 64953.51916787472
1395, 64916.274287002874
401, 64890.169371500284
151, 64800.70215503212
949, 64743.140069737994
1101, 64715.16195341631
1175, 64524.45609571505
607, 64038.054510381546
16, 64003.82215413721
1110, 63855.28294048375
1108, 63855.28294048375
1081, 63549.001456036334
1109, 63524.814419238675
1397, 63474.83467654511
1288, 63411.318059941455
1121, 63342.737911458404
623, 63277.93072947409
1399, 62696.24509617526
1051, 62648.92075385468
1086, 62573.90048876811
1234, 62563.71288433713
451, 62561.84794406312
564, 62409.189040033976
1085, 62326.421426619025
1083, 62313.380690334685
562, 62302.41253337481
860, 62285.202844782936
1176, 62200.44026911687
752, 62174.268824460334
992, 62145.644007529874
673, 62138.40204702946
302, 62082.2951850547
866, 62039.28648158537
719, 61993.515344588945
700, 61905.47647222466
90, 61609.09230214127
1061, 61600.24057757101
563, 61468.27156512502
1039, 61443.018289532694
611, 61061.13135094474
1376, 61051.50634467401
1344, 60988.48773938607
290, 60972.3508277955
960, 60948.90892794658
501, 60574.76898077778
850, 60369.07131300653
815, 60307.648972344985
1317, 60279.292495419926
1228, 60167.8265180588
865, 60167.8265180588
1404, 60150.36774509829
139, 60116.943132913584
1188, 60062.37451727826
674, 60058.8617275275
1190, 60034.84745970378
794, 59746.00497601548
273, 59600.89447969385
1282, 59585.03748300586
852, 59397.51278798901
796, 59323.76478738757
1277, 59316.30906238625
1247, 59225.19803858384
819, 59169.27896117541
1062, 59148.27485475494
1223, 59079.18446404591
831, 58777.754815951266
1221, 58540.0230602629
256, 58512.57789209767
1074, 58314.692730497416
1412, 58300.535771108116
577, 58239.81211780062
335, 58164.71790851406
338, 58092.89480618616
362, 57836.66958288153
223, 57830.90125580148
1001, 57527.96314179962
260, 57500.261715643166
227, 57332.7377079787
1245, 56842.36075039558
113, 56615.899626772494
1396, 56505.65470542554
1077, 56396.59933718746
274, 56266.872604558506
271, 56266.872604558506
710, 56158.354077137854
890, 55737.266600209354
259, 55731.92680432988
999, 55554.043112417276
1314, 55313.38617484489
359, 55294.84938525544
743, 55229.20251254761
1080, 55228.27360368327
1037, 55003.07451983003
654, 54992.38597154388
828, 54956.173305046905
37, 54952.36183085214
481, 54860.37646610727
1162, 54854.012455431075
829, 54854.012455431075
47, 54813.150590586825
80, 54679.6606506025
94, 54535.30248483289
740, 54494.59339515076
739, 54462.07128036186
310, 54427.891492500225
1060, 54415.39888786826
123, 54398.49327982489
765, 54342.8643687978
515, 54342.8643687978
514, 54342.8643687978
502, 54328.58908068127
1281, 54260.109256933334
690, 54253.409994890666
141, 54243.19356231165
1390, 54082.52077979083
909, 54048.230023371856
67, 53979.19433243864
205, 53932.464064346
932, 53907.717963114155
133, 53674.04110834109
1009, 53556.28703833875
742, 53489.8895015014
224, 53442.29855453843
711, 53378.86370566528
74, 53057.06980396649
1172, 52965.179330240084
1371, 52879.423002771044
1026, 52849.4524597829
6, 52849.22216850322
269, 52789.346016329684
516, 52694.9936515577
1029, 52327.69961386479
661, 52298.756866056305
1035, 52071.7855151115
353, 52027.61887561279
552, 51958.79814350502
145, 51557.656343014605
1004, 51540.01988233659
1147, 51516.693717930684
464, 51516.693717930684
1373, 51504.567666207004
1003, 51481.87635576486
1316, 51407.90330033448
637, 51407.90330033448
369, 51370.02417904115
809, 51353.33134291503
807, 51353.33134291503
379, 51268.984792541065
919, 51139.972655555735
503, 51080.22771556708
5, 51063.17670637929
1199, 51009.064948736836
1334, 50988.49608332429
1406, 50846.50753210832
483, 50846.50753210832
484, 50819.07829396649
485, 50729.32153053022
19, 50725.32931323175
142, 50545.50590066771
93, 50510.01364525651
981, 50407.88913871432
1302, 50391.53590230846
920, 50363.75083375006
12, 50219.67088687166
73, 50089.39708500967
929, 49994.98156559214
830, 49804.29579710805
248, 49645.88149556078
824, 49644.849938418425
589, 49622.10403007754
745, 49482.09134375352
526, 49450.33615198694
45, 49337.344211975964
43, 49324.36256815822
89, 49280.01330015138
1417, 49263.897487167844
295, 49186.25144257376
289, 49156.27144119718
701, 49124.11294679523
1235, 48839.48634248817
235, 48815.05317843122
325, 48780.79727024884
720, 48761.817853662884
940, 48715.59291718866
832, 48715.59291718866
288, 48593.29964778261
384, 48492.143826241154
1347, 48473.06245402444
13, 48344.970928533796
22, 48344.96503218487
281, 48269.27932537466
185, 48251.50985321178
399, 48129.45788691478
876, 48031.338806875334
1119, 47948.10758573162
546, 47907.17318178485
465, 47539.32836105629
840, 47537.62218381459
1075, 47514.247700608816
356, 47482.09150501526
1076, 47418.956749136654
238, 47405.58237282033
1283, 47391.5787966404
1414, 47380.769862501795
307, 47359.21028871662
134, 47349.881591027275
1174, 47332.73312164172
150, 47332.73312164172
152, 47308.37582135508
558, 47280.89291065637
1057, 47215.845185368016
777, 47031.64143335826
165, 46951.50925650895
1222, 46893.11994522601
1271, 46808.772972449384
1248, 46804.67195939586
1313, 46587.23488450688
1136, 46575.119147755286
418, 46557.349908834025
471, 46545.42611477399
423, 46486.58870429008
424, 46479.17086944697
1028, 46388.34849720628
125, 46301.87552749544
659, 46271.28618619246
343, 46234.91142480229
1382, 46188.57664205744
834, 46180.3325788927
258, 46178.07698071923
808, 46177.421846194535
1398, 46171.36150288826
1044, 46157.960577434715
270, 45906.941174115
268, 45906.941174115
475, 45643.69938408355
438, 45570.522705337666
891, 45543.99283720174
309, 45536.13473897413
1273, 45407.635741769336
530, 45402.068496916014
868, 45213.68665302603
64, 45019.6652124397
645, 44959.95025072068
644, 44959.95025072068
63, 44959.95025072068
250, 44916.50349038585
61, 44841.56469800581
504, 44817.273607039235
500, 44769.272622707635
228, 44626.78856704202
1403, 44614.82100897307
1032, 44567.88805068938
398, 44557.54184065427
545, 44548.15502209226
1002, 44542.903610874026
600, 44519.044313537146
835, 44495.435518065926
397, 44489.52164523717
172, 44443.49318964183
556, 44434.83650622964
759, 44403.18546774933
1401, 44398.89313228474
366, 44362.531195554686
444, 44357.27717302546
1058, 44231.71735967096
699, 44192.14165363776
817, 44165.8452715695
477, 44063.67131090553
1063, 44051.93337288846
266, 44008.292887753756
463, 44003.68412344856
184, 43938.06412739687
183, 43938.06412739687
194, 43875.15541579607
619, 43874.587652162765
905, 43873.21711731628
899, 43873.21711731628
748, 43865.723635574264
749, 43801.81707250573
192, 43798.05124764314
191, 43798.05124764314
1264, 43732.40732576994
1263, 43732.40732576994
460, 43706.78582033301
98, 43683.60590956303
209, 43670.21611874366
1278, 43653.97123378335
456, 43650.38513907374
1418, 43632.447839875604
236, 43572.72075816441
249, 43566.626517029836
934, 43531.29575935001
1043, 43463.81838093449
330, 43455.4871070354
1307, 43422.55500542225
1094, 43383.15626236731
180, 43360.71558429582
455, 43348.43821719598
604, 43337.83433253709
1326, 43219.97009047952
620, 43044.011107300306
