9, 99802.96082351447
49, 99751.36621031436
931, 99703.63757366723
648, 99690.35113878756
652, 99445.9073230414
118, 99261.92910483704
393, 99170.28341635544
375, 99111.45774485105
602, 98637.47213722987
926, 98372.79765724271
1335, 98003.89370175515
1033, 97913.98197041266
1053, 97856.56582302322
448, 97848.30165901959
585, 97840.59585321174
649, 97671.868704889
1402, 97563.14511105436
300, 97462.95695431251
1142, 97283.15187477163
1073, 97117.89401556055
1045, 97078.84980909718
1331, 96910.6944991707
935, 96890.02851065494
489, 96678.76946112754
1226, 96614.90829112598
1153, 96500.55026809598
894, 96056.68117144104
1327, 96007.52642749893
797, 95984.37160245045
57, 95975.75555657901
677, 95469.40294637745
616, 95454.02956673664
715, 95452.55875992558
1244, 95428.77731101456
998, 95160.8411628476
1366, 95060.56505454669
385, 94483.67738494427
181, 94372.18219018969
946, 94345.13375683679
1377, 94226.0946552979
573, 94062.5576074588
541, 94020.37663031698
590, 93757.62779112645
1254, 93589.78441119433
197, 93485.84195574076
1038, 93481.34410291226
907, 93475.29116901658
1014, 93190.90739162067
1095, 92917.54174482718
994, 92737.910464164
1205, 92624.23430252343
75, 92435.78653699596
1069, 92435.05514196366
671, 92358.50470609582
126, 92013.82316711696
1207, 92013.12943613324
737, 91995.17998234594
651, 91963.14443488834
723, 91837.40407261762
1259, 91732.62185631391
779, 91644.56521495464
1289, 91567.61387378033
82, 91567.61387378033
1260, 91404.78811534143
1353, 91372.49761652731
614, 91319.60029501354
561, 91283.27165467227
979, 91131.03362565285
639, 90944.77706050663
472, 90791.94861657647
789, 90761.67803173813
543, 90731.48388394044
101, 90727.29802975261
147, 90664.92052801723
714, 90566.37769145193
1257, 90485.12592138226
100, 90449.06547670295
988, 90368.55841483903
610, 90335.43190700197
1357, 90311.48254022279
928, 90249.28710357677
680, 90198.72819118852
1131, 90188.11092042613
319, 90120.0155632254
447, 89998.54992490014
884, 89902.99401194068
736, 89889.58502290695
317, 89817.59826219613
888, 89783.64437807606
631, 89700.85046596041
1047, 89690.81615054887
925, 89565.00273757776
716, 89413.32567029553
376, 89312.83503194289
859, 89214.66441895804
997, 89214.54351159067
873, 89214.54351159067
323, 89096.86259085011
50, 89003.65301811915
196, 88995.59650213248
1358, 88882.02624024458
1206, 88855.2766674125
1294, 88853.72231189861
837, 88743.01922631066
312, 88719.85721241853
1239, 88484.72888452027
1209, 88472.21221177185
79, 88358.20694292651
182, 88337.48069366018
603, 88290.92302513785
1208, 88243.58590347502
572, 88059.46459359114
199, 88034.58664733432
355, 87889.61155012836
58, 87849.54178217244
95, 87821.7839975545
1099, 87506.12809117194
843, 87305.72979632702
97, 87255.30396510512
60, 87086.06420513478
1261, 87038.4589498843
851, 86900.12462795692
989, 86851.18241307317
403, 86851.18241307317
341, 86826.73923702244
1325, 86624.72989226948
453, 86590.26702221535
452, 86590.26702221535
171, 86587.15805492185
127, 86546.85343832114
1143, 86276.22521272507
1359, 86264.54848125891
392, 86239.51444095532
1355, 86238.00161737886
1212, 86150.66356051665
1165, 85946.90656770529
628, 85704.32377815581
936, 85662.15034823497
329, 85567.78171850393
650, 85541.7209204272
243, 85447.56633719803
718, 85230.92166679604
1231, 84988.28568851469
844, 84872.3411242872
394, 84766.00564813022
406, 84753.73711239497
615, 84730.98832324088
293, 84678.60662661407
1238, 84636.83878136177
294, 84477.42446154357
849, 84438.7824946973
1276, 84422.14116829835
1089, 84330.72457872416
1164, 84263.75012807404
200, 84263.75012807404
549, 84241.959765053
810, 84209.52607220154
188, 84127.02074246346
324, 84088.48338076875
407, 84065.2055469433
1333, 83913.7395256968
1068, 83894.21369619897
1252, 83841.54403310284
202, 83607.71430904412
678, 83465.580405915
245, 83378.57607755385
1258, 83298.77696122631
138, 82924.99456115231
402, 82808.86910710711
1161, 82754.55338547436
232, 82733.99211009557
52, 82708.04432774743
1375, 82367.36198577481
1091, 82159.08366706427
1090, 82159.08366706427
591, 82104.47850012999
1104, 82054.30928226832
629, 81964.99743304281
974, 81770.1630245307
357, 81641.43757295204
214, 81428.01112491127
87, 81407.08669128147
679, 81321.24059997308
499, 81221.60130022216
1291, 81077.16588411441
462, 81027.92898598762
875, 80953.71117669609
567, 80780.83806500296
76, 80736.45900809538
744, 80710.32144879761
1134, 80706.7505514754
1114, 80327.83708991257
1309, 80123.53713513991
1319, 79778.8048567279
493, 79757.75966143399
1048, 79682.23865668087
945, 79513.14289910642
731, 79474.43345654331
457, 79436.04863030616
848, 79373.83954809065
1213, 79095.36844757266
1332, 79060.04579163589
944, 79006.36088244169
59, 78570.87907830649
1292, 78545.99232856437
763, 78519.6354310775
1293, 78518.29524818552
1349, 78517.31072321188
666, 78483.50890766548
803, 78459.2680674432
405, 78375.66219237898
1163, 78260.04128273459
735, 78258.22679104417
436, 78239.36016633449
1072, 78031.98315160314
121, 77975.53400102194
937, 77915.56600794331
906, 77889.76730767789
657, 77876.44796247347
262, 77830.68209846296
1194, 77830.58732769529
732, 77721.13639756806
630, 77720.91681206915
726, 77691.96615421907
943, 77508.20854812552
1250, 77483.44754351019
115, 77295.03010317287
8, 77149.71968192371
1087, 76941.20338160888
439, 76848.06373398729
1071, 76642.12787014717
1070, 76642.12713266206
263, 76554.50597962507
342, 76538.34249546102
31, 76370.1079789497
1107, 76363.69449003825
822, 76257.1278769508
838, 76169.02399980575
874, 76108.63018831381
916, 76099.8990550536
924, 75878.71954173467
982, 75876.03492906486
1295, 75689.7184420086
201, 75437.42396719025
1339, 75216.00209368017
234, 75007.19407808223
1182, 74998.39265339925
1178, 74998.39265339925
823, 74908.2766417036
1181, 74852.33818825935
1180, 74852.33818825935
1179, 74852.33818825935
1420, 74752.85314921793
1177, 74682.96076595447
542, 74644.62853905348
539, 74644.62853905348
948, 74578.71591658315
247, 74573.92549867262
261, 74537.07886641576
721, 74440.4753414309
627, 74382.54899777046
1005, 74172.14045919024
760, 74016.94743527845
722, 73996.51872189323
301, 73904.33211600743
893, 73578.11009358757
1215, 73493.69052591035
959, 73482.36172264261
35, 73444.06695848382
941, 73437.30606686606
1233, 73339.06690928196
207, 73284.00335281456
287, 73240.24971936586
386, 73233.70964886335
203, 73069.1996700978
787, 73039.22702268508
788, 72821.21478982574
378, 72780.36683606559
1214, 72755.02697059228
132, 72584.34925867757
328, 72581.56043932005
1220, 72567.39440377266
371, 72392.22211099336
1000, 72364.40804426197
566, 72324.51454351952
863, 72202.82531178033
952, 72116.0419354535
1055, 71854.25855332348
767, 71813.50479342352
1416, 71716.42686174551
1354, 71709.07578932395
578, 71517.98264172502
1322, 71358.40031678356
950, 71237.3742277235
292, 71094.26572432066
738, 71091.85515790546
911, 70780.76296867587
938, 70475.37690840175
996, 70431.38278351886
336, 70300.08872717097
377, 70129.69207036805
206, 70077.3078936007
638, 70061.69835910821
225, 70061.69835910821
440, 70024.7872864335
265, 69998.02404259524
296, 69973.21190064133
559, 69939.37240196163
66, 69889.39103328162
1154, 69867.9900532784
482, 69824.86358869036
1275, 69621.37268908272
755, 69512.35700868983
733, 68982.65435107973
1151, 68715.35196781326
1021, 68306.2562827325
624, 68279.42571506303
1124, 68252.66232639241
1050, 68153.75654934032
1156, 67887.3409208482
1303, 67833.9436495055
1049, 67781.10068917104
588, 67768.06839781012
664, 67712.55515216441
344, 67657.7929254108
1305, 67579.18996672257
337, 67349.49025879664
1367, 67329.27225148406
1064, 67324.15461419972
431, 67303.30468810494
314, 67287.11471369241
1098, 67270.50830700735
1022, 67203.7387639116
1249, 67169.1842664629
1054, 66943.24592352711
175, 66898.74841099077
839, 66695.3813756545
280, 66647.45137286835
520, 66452.4149766383
632, 66449.71954352625
1024, 66298.99787333794
1023, 66298.99787333794
1237, 66298.9949399044
522, 66137.70256403531
340, 66043.17141926789
1150, 65902.72513419138
174, 65821.71590388697
942, 65717.39437623616
547, 65702.92389075019
548, 65686.89511437055
1129, 65544.89362910326
1127, 65494.08140728339
806, 65093.35342035653
1372, 65045.88735673513
1185, 65016.57849090004
966, 64938.046681330954
707, 64925.12242690533
880, 64820.69416992382
7, 64715.30876716243
887, 64677.458761103626
896, 64395.82108674778
990, 64375.11246336546
1324, 64293.285937187014
980, 64273.64840865687
746, 64238.18107474901
327, 64178.79583086059
1284, 64155.81148780658
1360, 64137.99220123862
669, 64124.0244022691
747, 64048.15351739421
1097, 63812.42230379341
198, 63742.9118885744
0, 63742.77545621212
758, 63695.03094321865
995, 63690.97988947597
458, 63654.29934353104
668, 63628.4757170433
490, 63612.175144553126
587, 63337.74525464907
1145, 63318.468510629296
1115, 63260.72138108447
883, 63207.66312156418
599, 63097.78896708752
1025, 62981.30948521383
1096, 62847.75578292646
766, 62814.07815223988
1, 62810.690378593245
282, 62717.94845096331
734, 62641.17184353992
1340, 62477.174812218385
1116, 62466.53346224824
119, 62294.934509209146
208, 62216.59989191877
1374, 62100.93820754303
1198, 62086.31646028736
1195, 62080.42641529874
778, 62001.51801222631
753, 61766.93911364132
586, 61734.67084695414
1387, 61702.480380601846
71, 61626.54668629248
1386, 61625.02552830741
1197, 61446.026892852766
1196, 61385.90966182826
511, 61329.16568227187
213, 61319.7780403217
1298, 61264.30784529444
148, 61229.330079843494
1411, 61210.48881910997
892, 61203.15676825184
1311, 61135.121154227665
1350, 61129.30502982587
665, 61078.28411864055
1125, 61002.68706620473
658, 60867.332654708036
1380, 60801.763830196476
821, 60800.02184620888
1130, 60630.880446270705
120, 60604.21231876642
1146, 60597.12001720967
96, 60442.89701314182
660, 60398.48591365745
1093, 60367.99064579856
510, 60367.99064579856
774, 60337.86874714325
773, 60337.86874714325
592, 60256.1052329463
1368, 60191.341119363286
316, 60168.102037438606
109, 60142.08218191246
70, 59904.11691291328
1301, 59800.30938785403
1329, 59714.965920536364
910, 59678.704089986044
1351, 59610.50505014617
667, 59588.9484577327
32, 59426.00443458624
1158, 59374.80623897067
496, 59260.79984013156
1128, 59194.37733251247
784, 59123.13086085879
383, 58969.18293566413
311, 58968.494491892634
1007, 58959.50625216189
676, 58896.75527099113
1405, 58848.97282732684
326, 58655.14652737077
951, 58465.99484217584
486, 58421.93477915212
117, 58214.2781935169
728, 58148.506410886155
1321, 58142.02426595123
1242, 58136.91875188971
1241, 58136.91875188971
729, 58100.69564228855
351, 58073.77509717938
370, 58005.42010203469
958, 57879.30754717544
881, 57852.11302417611
1388, 57721.691440316004
741, 57631.87929855891
983, 57560.17353945388
241, 57485.82581469811
953, 57376.7719984438
297, 57376.7719984438
1297, 57155.99647588388
757, 57152.023477823466
1211, 57145.20310507098
91, 57122.938085850794
163, 56988.072166714
670, 56976.97259299248
1269, 56876.190585587094
1251, 56867.06400884202
92, 56780.90241845162
933, 56740.817346136384
582, 56655.22842511615
917, 56618.768845071856
626, 56526.16388415711
211, 56498.51516930411
212, 56468.36363819301
1118, 56441.904040107715
595, 56441.904040107715
34, 56402.936383349
1296, 56402.5447413531
1392, 56274.35195246468
339, 56256.72425929825
497, 56250.51050205059
1268, 56210.59672455121
315, 56012.11830672279
286, 55907.82668342425
51, 55526.882499680665
1352, 55523.098057502284
524, 55503.85834157158
913, 55382.91102578766
1171, 55299.908851513836
1079, 55242.20125462248
193, 55242.20125462248
756, 55212.47048120488
443, 55165.08415476586
904, 55130.19075130713
