1187, 89900.10791283802
320, 88434.98448368997
1253, 87436.02841600502
1157, 85770.5288687371
487, 78082.83521006789
491, 75173.69581941185
28, 71510.68029562861
27, 68028.32425531387
672, 61802.18100263613
1160, 60707.84897763139
593, 57249.26595180104
318, 54994.65998513267
1385, 54806.45367872827
923, 53803.89843831317
129, 53787.34348637345
533, 51124.37777280743
144, 50340.82711712024
298, 50100.83658401693
708, 49517.523912124154
898, 48959.60115333489
128, 48600.918106103614
532, 48105.80130418634
1320, 47199.16906578564
1202, 47134.34575364822
1041, 46520.98886811621
1203, 46424.198190126765
1042, 46422.66467676195
1167, 46293.33207763922
551, 46185.773094680786
1243, 46032.28195450104
303, 45902.32237232992
1229, 45829.52020720333
1361, 45564.43689154013
130, 45414.880304051156
373, 45205.99149980016
1365, 45202.87331796573
764, 45092.580692344345
1345, 44915.60524594998
991, 44599.974039064684
523, 44576.80270506025
143, 44341.434732769514
111, 44338.704972781554
230, 44156.88496529545
229, 44147.06376221533
404, 43919.73992419999
1210, 43811.46552534197
841, 43796.86930215902
957, 43772.29966539811
675, 43625.177824893704
372, 43560.89860499164
724, 43520.26196520705
507, 43476.82552645637
842, 43401.1631266026
508, 43368.10140521576
529, 43275.42811002856
818, 43121.82744101112
681, 43022.054437927785
1006, 42963.05578336125
1341, 42945.16495736421
683, 42863.26640361452
725, 42780.01085112276
682, 42737.568676915056
1186, 42683.86523658972
635, 42654.01830745236
634, 42654.01830745236
976, 42653.44573809899
506, 42643.549176350265
975, 42637.88184648368
685, 42628.54566421515
1092, 42599.71475634173
1266, 42540.89680524819
84, 42495.23982121362
321, 42492.34256562021
684, 42397.90953611321
333, 42386.58730326485
1391, 42270.07066074622
25, 42212.05697463411
24, 42081.56812002885
308, 42012.74831083613
23, 41988.9508693796
77, 41931.79795711465
879, 41930.41455880794
878, 41930.41455880794
1393, 41909.67697907357
505, 41897.61201232742
400, 41844.52171685936
646, 41768.9735330997
1219, 41657.77155406386
1218, 41648.21213923454
1338, 41626.96503449762
1337, 41626.96503449762
914, 41610.95430057546
1139, 41560.47309661719
954, 41538.9991820369
1140, 41518.40647526563
521, 41470.57185414616
1141, 41434.63914406092
1138, 41434.63914406092
962, 41404.3730560358
964, 41392.421216242044
963, 41392.421216242044
1267, 41390.14465901444
965, 41388.44157780084
283, 41358.16326062442
1126, 41331.702284614745
1265, 41313.89612560051
912, 41297.7264476513
608, 41144.66061091493
550, 41109.78381040351
918, 41065.28963868151
805, 41062.9481042168
625, 41038.92183504948
388, 41021.88024148838
162, 40997.66286051137
254, 40931.46724689733
1394, 40889.24415184266
1364, 40864.711730832714
785, 40832.195720579846
387, 40829.94551146216
804, 40818.65763293061
973, 40799.90240564934
687, 40686.24633723027
389, 40685.113275874566
882, 40639.4771407965
1230, 40623.98381530444
1336, 40549.864564598734
686, 40463.82862420367
688, 40416.63014549523
895, 40360.94741488087
284, 40339.145376587774
33, 40338.29536502097
443, 40229.4467414609
913, 40114.38905663699
524, 40051.175136059464
1352, 40041.16306927753
1268, 39691.073234988995
339, 39668.10635928984
1392, 39659.34649128232
1296, 39595.92295999379
34, 39595.72994650255
1118, 39576.54824236983
595, 39576.54824236983
626, 39535.22526429186
917, 39490.050465768225
933, 39430.89419941857
92, 39411.55916116018
1251, 39370.155251409175
1269, 39365.782018441656
163, 39312.363459678265
91, 39248.44014753956
1211, 39237.93598792716
1297, 39232.848873388604
953, 39129.49966619977
297, 39129.49966619977
881, 38911.461860080104
351, 38811.82186838624
1242, 38783.66978268014
1241, 38783.66978268014
117, 38749.3183569715
951, 38638.58858613332
1007, 38426.02604038386
383, 38421.91688949045
784, 38356.84203913755
1128, 38326.91441905861
1158, 38251.65211503516
32, 38230.43260612178
1351, 38154.46070072248
910, 38126.573227423505
316, 37929.47575239666
774, 37862.3204482583
773, 37862.3204482583
1093, 37850.46919849984
510, 37850.46919849984
660, 37838.49063466186
96, 37821.08106868391
1146, 37760.945876202
1130, 37747.848112173546
821, 37682.58238714978
1380, 37681.91327664492
658, 37656.772829744135
1311, 37555.00096078818
1298, 37506.41701075627
511, 37482.149907162646
1196, 37460.98639511209
1197, 37438.6334031095
1386, 37372.49238873658
1387, 37344.063326894386
586, 37332.281799018594
1195, 37206.96935888005
1198, 37204.853961670065
1374, 37199.605365565185
1116, 37069.644755987974
1340, 37065.898297784486
282, 36981.6702448873
766, 36948.32836560257
1096, 36936.685832390074
599, 36850.8636937231
883, 36813.48997326262
587, 36769.50745211172
995, 36651.50192785345
758, 36650.16054676613
198, 36634.32659349763
1097, 36611.40644754315
747, 36534.25892873931
669, 36509.61809733029
327, 36491.88660288101
746, 36472.71501190871
990, 36428.71996543809
896, 36422.09193732924
887, 36332.60872120668
880, 36287.56459461566
707, 36254.91961942497
966, 36250.89078768289
1372, 36217.37116338738
806, 36202.67228213451
1127, 36079.89532336582
1129, 36064.49349167974
548, 36021.6466624299
547, 36016.82822786485
340, 35915.39774164595
522, 35887.50303394093
1237, 35840.191029518355
1024, 35840.19017227729
1023, 35840.19017227729
280, 35739.179049666964
839, 35725.41171206654
175, 35667.33330621889
1054, 35654.69763337453
1022, 35581.24059171834
1098, 35562.55209939782
431, 35553.39329460247
1064, 35547.57777810372
344, 35455.26158518307
664, 35440.24153314528
1049, 35421.49310335787
1156, 35392.54832079484
1050, 35320.566869301874
624, 35286.90871069312
1021, 35279.74696997265
1151, 35171.59655635228
755, 34966.39144408649
1275, 34938.87172068607
1154, 34877.0911447289
66, 34871.76076329044
559, 34859.33085054039
296, 34850.930376326214
265, 34844.77862525634
440, 34838.150450167326
377, 34812.24276223684
336, 34770.40725438604
996, 34738.37833427838
911, 34654.00992668453
738, 34579.92470941626
292, 34579.35440648317
950, 34545.59983628307
578, 34479.99475777423
767, 34411.72281378285
1055, 34402.37298057442
952, 34342.68589999144
1220, 34241.26523095941
378, 34194.051536347295
1233, 34072.102435493915
941, 34050.94024819828
35, 34049.48689825054
959, 34041.26227898355
1215, 34038.83158003871
893, 34020.75305456144
301, 33951.458818215404
722, 33932.03855856088
760, 33927.744544143505
627, 33851.47723377838
721, 33839.493355217506
261, 33819.56812366775
542, 33797.473304368024
539, 33797.473304368024
1420, 33775.333000923005
823, 33743.6991972383
1339, 33681.625287905845
201, 33637.41340021613
1295, 33587.492297179095
982, 33550.933495031495
924, 33550.408615742825
916, 33507.348152670565
838, 33493.96436808743
822, 33476.956545840076
1107, 33456.46004411378
263, 33419.965090886886
1070, 33403.293926153405
1071, 33403.29378606676
439, 33364.32623127615
8, 33307.78403027924
115, 33280.7724510155
943, 33241.406856587244
1194, 33182.46057384463
262, 33182.44334761616
906, 33171.715222628285
937, 33167.03821788819
121, 33156.183759542386
1072, 33145.98794528318
436, 33108.71137650737
735, 33105.33400240404
803, 33069.488355141584
1349, 33059.18787988449
1293, 33059.013348904446
1292, 33054.105915656626
944, 32973.25094124504
1332, 32963.90907642825
1213, 32957.77227893572
848, 32909.66254373792
945, 32885.77471036283
1114, 32748.405984764806
76, 32680.973209538795
462, 32633.456380948344
1291, 32625.476850620937
499, 32602.14728442278
87, 32572.357226763404
974, 32514.5917504409
629, 32483.88819447738
1104, 32469.881747807805
1375, 32421.12108023077
52, 32368.640430669326
678, 32254.07405122912
1252, 32198.278909876437
1068, 32190.517691847264
407, 32165.41361664004
324, 32162.00700953901
810, 32144.334899159243
1276, 32113.462662730748
294, 32105.47052326035
615, 32068.997744966633
406, 32065.74024954738
394, 32063.984466238453
243, 31967.53280202016
650, 31954.374397814234
329, 31950.73934532452
1212, 31870.22418596987
1355, 31858.288324457455
392, 31858.08186947906
1359, 31854.666914494646
171, 31810.90055287259
341, 31778.685591081317
1261, 31750.4184429161
60, 31744.088389793025
843, 31715.001437513845
95, 31647.44702322054
355, 31638.64823331119
1208, 31593.027708987644
603, 31586.96451054014
79, 31578.361592090325
1209, 31563.82540955073
1239, 31562.232573654142
1206, 31515.353117549017
323, 31485.073326255377
859, 31470.388791551235
376, 31458.191392289962
716, 31445.743234188383
925, 31427.02587916394
1047, 31411.565025047534
317, 31396.044261780036
736, 31387.257878858592
884, 31385.623334771466
447, 31373.994171475555
319, 31359.259777399217
1131, 31351.022864538143
610, 31333.259938833562
988, 31329.276518616163
100, 31319.612021113473
1257, 31315.29063950752
714, 31305.57062956968
101, 31286.38910915249
543, 31285.89138114393
472, 31278.708575208082
979, 31238.66468776909
561, 31220.816161085015
1353, 31210.39231416826
1289, 31187.692696766782
82, 31187.692696766782
779, 31178.775879070086
723, 31156.518387525244
737, 31138.400763402635
1207, 31136.344871409976
671, 31096.994341394708
75, 31088.2429932561
1205, 31066.985037122296
1095, 31034.12716885004
1014, 31003.751456806218
907, 30972.402464004434
197, 30971.244284909964
1254, 30959.85290794612
385, 30863.260945837585
998, 30791.687165596955
1244, 30763.738165823983
715, 30761.26749600903
616, 30761.114746407224
677, 30759.51852738587
57, 30707.321139403943
797, 30706.439243499546
1327, 30704.07026506767
894, 30699.046221299435
1153, 30653.984336179306
1226, 30642.462987918225
489, 30636.04471801892
1045, 30596.087975149654
649, 30537.652582886658
585, 30521.196230377478
1053, 30519.642498669018
1033, 30514.061925200753
1335, 30505.34016358088
926, 30469.773751151657
375, 30399.598685665667
118, 30385.470672546722
652, 30368.27247876166
49, 30339.90104747121
9, 30335.131226037283
931, 30289.678758795413
648, 30288.45240413699
393, 30240.27005512606
602, 30190.541425838685
448, 30116.197303290846
1402, 30089.129437108957
300, 30079.593297653173
1142, 30062.445000548378
1073, 30046.645421193778
1331, 30026.783439423238
935, 30024.799198887857
1366, 29846.79832833948
181, 29778.59781281447
946, 29775.904121565312
1377, 29764.036717399904
573, 29747.69967640481
541, 29743.479573625104
590, 29717.13380325312
1038, 29689.32188883815
994, 29613.92451885958
1069, 29582.973212461035
126, 29539.69399875259
651, 29534.4689059109
1259, 29510.65208331763
1260, 29476.641216699965
614, 29467.776396751993
639, 29428.638068710126
789, 29409.43977300413
147, 29399.273396205615
1357, 29362.01249238371
928, 29355.43521569177
680, 29350.084013003285
888, 29305.99767626779
631, 29297.171211062094
997, 29245.104861016545
873, 29245.104861016545
50, 29222.40711754934
196, 29221.538577220897
1358, 29209.283779444006
1294, 29206.22637073517
837, 29194.25558238691
312, 29191.74844116843
182, 29150.23129583702
572, 29119.893733080487
199, 29117.1727606319
58, 29096.90152808298
1099, 29059.12961486513
97, 29031.41621371091
851, 28991.990305157524
989, 28986.54073930209
403, 28986.54073930209
1325, 28961.27258260278
453, 28957.419414399523
452, 28957.419414399523
127, 28952.5625928915
1143, 28922.213256116214
1165, 28885.110984626644
628, 28857.659732914577
936, 28852.876765220735
718, 28803.7904710912
1231, 28776.026638641182
844, 28762.72252456588
293, 28740.43866258132
1238, 28735.62558366165
849, 28712.759971526724
1089, 28700.254804818192
1164, 28692.493466965807
200, 28692.493466965807
549, 28689.966534973977
188, 28676.623286239566
1333, 28651.799733181277
202, 28616.036302480592
245, 28589.14527591896
1258, 28579.757457225023
138, 28535.626766344867
402, 28521.863217498903
1161, 28515.416859526315
232, 28512.975136323992
1091, 28444.37924320433
1090, 28444.37924320433
591, 28437.831310016863
357, 28382.07647585118
214, 28356.23861504853
679, 28343.279591520575
875, 28298.501570544093
567, 28277.347962757776
