386, 99862.9521572593
287, 99850.79372717201
203, 99830.09465452781
787, 99774.15572769288
207, 99769.58460662565
788, 99367.77751771199
1214, 99244.57785700665
132, 98927.26067357209
328, 98922.08030905334
371, 98570.71290642646
1000, 98519.15252331723
566, 98445.2248684337
863, 98219.90132159472
1005, 98169.27589676835
247, 97474.20161530365
948, 97466.01858030047
1416, 97321.99742936534
1354, 97308.46051915614
1177, 97288.54524429861
1181, 97002.60602143058
1180, 97002.60602143058
1179, 97002.60602143058
1182, 96758.41501806793
1178, 96758.41501806793
234, 96743.76932758269
1322, 96663.84489538094
938, 95050.56956427835
874, 94971.06302333873
31, 94567.0377053511
206, 94327.90217599976
342, 94310.34603846846
638, 94299.62200642466
225, 94299.62200642466
482, 93871.07698064197
1087, 93705.78131729779
1250, 92913.87477236989
726, 92615.79985790572
630, 92574.69229137214
732, 92574.38075432986
733, 92355.20275087084
657, 92354.99434470583
1163, 91821.25595187164
405, 91662.6021452067
666, 91515.52870117867
763, 91466.45756244527
59, 91397.02006798434
1124, 91051.41563201747
1303, 90307.76752139362
457, 90253.56687317441
731, 90204.06689606204
588, 90191.04930021825
1048, 89937.84972634695
1305, 89856.80907937675
493, 89841.83134467357
1319, 89815.14306071222
337, 89451.16035103607
1367, 89415.49890917186
1309, 89382.19589955141
314, 89341.16211753596
1249, 89133.3762909734
1134, 88667.41555638977
744, 88663.10587252011
567, 88578.1636449898
875, 88371.23532572512
679, 87937.38907604577
520, 87875.58913885459
632, 87870.87570037978
214, 87812.87875956968
357, 87566.01487065472
591, 87039.52022041827
1091, 86978.23744911922
1090, 86978.23744911922
1150, 86916.90384123973
174, 86776.05085407001
942, 86594.82663734362
232, 86343.05696965495
1161, 86320.67406659992
402, 86261.65539742711
138, 86136.00391184102
1258, 85736.3862579653
245, 85652.01243471769
202, 85411.54797554541
1185, 85382.11279429063
1333, 85094.52117355257
188, 84876.31244094986
7, 84863.29942274683
549, 84759.63708879189
1164, 84737.58953478995
200, 84737.58953478995
1089, 84669.96752973109
849, 84561.31748065384
1238, 84363.61407402936
293, 84322.1563158174
1324, 84139.06214492841
844, 84130.92261424423
980, 84105.43345305421
1231, 84017.30398782407
1284, 83903.77428046429
1360, 83873.29924826216
718, 83781.51912674637
936, 83368.97144054476
628, 83329.06452442263
0, 83198.72554424372
1165, 83101.0146507196
458, 83048.06015847738
668, 83004.10933097731
490, 82976.37197068594
1143, 82795.44676109546
127, 82547.73746805369
453, 82508.2819276884
452, 82508.2819276884
1145, 82477.33562995786
1325, 82477.01602628124
1115, 82379.38234301929
989, 82272.77235764044
403, 82272.77235764044
851, 82228.90230963545
97, 81913.39105516465
1025, 81906.19366863665
1099, 81693.56369185232
1, 81617.86727709162
58, 81396.51115283043
734, 81331.86484740762
199, 81238.29500775572
572, 81217.12146411915
182, 80982.05790981335
119, 80749.14481244984
312, 80663.35175965165
837, 80644.21489586637
208, 80617.57314737028
1294, 80553.0127816878
1358, 80529.76425910472
196, 80436.76207023581
50, 80430.18178751713
997, 80258.73676396965
873, 80258.73676396965
778, 80256.82267387844
631, 79869.19869322167
753, 79864.20965154454
888, 79803.67372405156
71, 79629.6535176489
680, 79478.57809746462
928, 79439.36425700199
1357, 79391.23821953597
147, 79120.10022884351
213, 79118.2144887827
789, 79046.56208421082
148, 78967.70471982649
1411, 78936.3681641463
892, 78924.17509630455
639, 78908.20197534785
1350, 78801.40814500675
665, 78716.64394409038
614, 78628.18450038995
1125, 78591.12503823548
1260, 78565.1392040459
1259, 78324.54306645594
651, 78157.26343433597
126, 78120.69601580636
120, 77930.9900871195
1069, 77819.61268044291
994, 77606.24583359122
592, 77356.32472957975
1368, 77249.61807168397
109, 77168.50161559622
1038, 77093.18059371138
590, 76906.2839609669
70, 76777.16490948679
541, 76730.39383359283
573, 76702.32309684418
1301, 76606.72640644303
1377, 76593.92266594607
946, 76515.44567030785
181, 76497.66386304672
1329, 76466.72800552988
667, 76260.21265435767
1366, 76051.24742629887
496, 75723.59300259699
311, 75246.97605939608
676, 75130.20133505353
1405, 75052.46615297398
935, 74919.51037049276
1331, 74907.1587582569
1073, 74783.83441003115
326, 74737.49469745556
1142, 74686.13926709683
300, 74580.50858335444
1402, 74521.94865263352
486, 74359.27681574828
448, 74356.42997910581
728, 73916.88418871078
602, 73907.08467607497
1321, 73906.41011117234
729, 73839.64475526201
370, 73685.82749379914
393, 73610.75355983221
958, 73482.4354653032
648, 73326.81178898246
931, 73319.62512445492
1388, 73228.57076288328
741, 73084.08116851833
9, 73054.66221136146
49, 73027.01358494017
983, 72968.8077419262
652, 72863.16655239096
241, 72849.36827578997
118, 72764.35141322932
375, 72683.46016670749
757, 72314.13149304148
926, 72285.41530558177
1335, 72086.0283521508
1033, 72037.37225411249
670, 72034.1078600959
1053, 72006.28891576624
585, 71997.64155187985
649, 71906.23418558596
1045, 71584.30616634824
582, 71520.60756719127
489, 71366.53323172232
1226, 71331.728446416
211, 71271.04867542777
1153, 71269.37242676418
212, 71223.07521965228
894, 71026.97734160344
1327, 71000.09823295075
797, 70987.43408063018
57, 70982.72126923215
497, 70876.85113047269
677, 70705.36860477367
616, 70696.93595892919
715, 70696.12915125999
1244, 70683.08299740196
998, 70535.98055958298
315, 70498.7834049599
286, 70333.64823142976
385, 70163.24653112474
51, 69731.81033465832
1254, 69669.10631092491
197, 69611.49074190724
907, 69605.64058461771
1014, 69447.82947881894
1171, 69374.22736145393
1095, 69295.90109832835
1079, 69283.43168926815
193, 69283.43168926815
756, 69236.67285968682
1205, 69132.63673151702
904, 69107.33474803674
902, 69107.33474803674
901, 69107.33474803674
900, 69107.33474803674
75, 69027.60219355898
671, 68984.49649824007
1207, 68791.63228230739
737, 68781.5989719955
723, 68693.3635291132
779, 68585.41548160325
1289, 68542.3074615942
82, 68542.3074615942
1353, 68432.92193351887
1034, 68428.16395014552
561, 68382.86123593438
166, 68322.09956161949
979, 68297.39057963979
472, 68106.76143585115
543, 68072.73157341665
101, 68070.37533393859
714, 67979.7512399015
1257, 67933.96287255763
100, 67913.63491599823
988, 67868.23698273566
610, 67849.55109557087
889, 67802.90269396812
1131, 67766.4094421398
897, 67731.81595715461
319, 67727.9565152926
447, 67659.32993923398
884, 67605.3097130626
1328, 67601.58863537789
1279, 67601.58863537789
736, 67597.72698634153
317, 67557.0091843935
1047, 67485.25819471761
925, 67414.00576606671
716, 67328.04001998862
376, 67271.04543047324
859, 67215.33610080146
323, 67148.44663652622
1206, 67011.13449773738
1239, 66800.16620677228
1209, 66793.03238277967
360, 66753.98525165657
79, 66728.03279168849
956, 66723.9372544393
603, 66689.6518971658
494, 66683.25694666302
1208, 66662.64071412297
446, 66462.80699119605
355, 66460.4334343622
95, 66421.64170675648
110, 66241.59643691182
843, 66126.02272035579
60, 65999.93101837291
1261, 65972.58450129264
341, 65850.87578966953
761, 65766.71394199676
171, 65712.97764330213
1008, 65580.75729107732
1359, 65526.99910149753
392, 65512.55345119583
1355, 65511.68042642973
1212, 65461.26663523482
1304, 65340.071786802735
1122, 65256.08204115063
1184, 65146.465785077504
329, 65124.18249838168
650, 65109.08575278551
243, 65054.52468143315
579, 65013.83408484489
492, 64726.83112958983
394, 64658.713839358665
406, 64651.575152556485
615, 64638.33702865877
498, 64596.4038258951
294, 64490.66730372939
1276, 64458.44374027673
810, 64334.421455798285
324, 64263.74898314853
407, 64250.152393691715
1068, 64150.221574252544
1252, 64119.42112732464
678, 63899.298428816976
864, 63509.992457336564
52, 63454.3541064346
1375, 63253.632734908824
1078, 63237.48393756981
332, 63148.56185872602
730, 63084.204692783984
1104, 63068.850041629
1183, 63017.62114664941
629, 63016.07294373202
974, 62900.84702142527
870, 62870.22516316258
1046, 62748.14423058498
87, 62685.783665953866
499, 62575.743552887165
1291, 62489.97660190765
462, 62460.723309097375
76, 62287.38422662392
1415, 62250.08880045363
1114, 62043.89204915849
1123, 61851.5278184863
48, 61647.78441003417
945, 61556.74029168928
848, 61473.21715210632
1213, 61306.053830122444
1332, 61284.831083373196
944, 61252.567663855596
1225, 61195.874701220375
568, 61060.47656897371
1292, 60975.49149738872
1293, 60958.79863520782
1349, 60958.20521951092
803, 60923.214522893635
1030, 60819.392198436806
735, 60801.9283922681
436, 60790.53921726057
1072, 60665.27159743308
121, 60631.14740813184
937, 60594.88399541949
906, 60579.27937346294
262, 60543.532390474655
1194, 60543.47504378475
943, 60348.22090151428
115, 60218.90814534352
8, 60130.6733702838
439, 59947.268831119945
1071, 59821.87939278357
1070, 59821.87894348168
263, 59768.48365424239
1107, 59652.11261867374
822, 59587.06496871931
838, 59533.25684830089
916, 59491.020789234
924, 59355.76522104512
982, 59354.122473560055
349, 59347.01142133666
1295, 59240.05125426131
201, 59085.39070879032
1133, 59022.191863276
1339, 58949.470683389525
927, 58915.40935881863
769, 58788.93281067096
823, 58760.285476820274
322, 58711.52025267285
1420, 58664.60592345759
542, 58597.931673279636
539, 58597.931673279636
261, 58531.632046466264
721, 58472.0452021735
655, 58455.49049187593
627, 58436.29924663813
760, 58210.413304786765
871, 58200.70053849499
722, 58197.77742053399
38, 58174.125117485906
301, 58140.73820006573
869, 58064.45460165851
617, 57957.56343728265
893, 57938.64874413983
253, 57901.41974123866
1215, 57886.290084777735
959, 57879.26179639945
35, 57855.50065959092
941, 57851.305115048934
1132, 57840.42524141949
1233, 57790.32323672924
569, 57633.71517826661
689, 57601.72512433459
378, 57442.85091391029
244, 57423.76819612634
1220, 57310.10083754282
54, 57031.89927021406
952, 57028.22139163438
1019, 56939.018608115635
445, 56939.018608115635
1055, 56864.39347159089
767, 56838.8667601394
947, 56659.460632088645
578, 56653.58125714554
114, 56619.43123260067
641, 56607.69806074816
950, 56477.35150880669
292, 56387.36465172747
738, 56385.848241877204
1011, 56346.24224708625
911, 56189.97146473951
996, 55969.56336700346
336, 55886.61979401204
78, 55805.26321238965
1227, 55799.011237403436
377, 55778.87882236002
440, 55712.49474095946
265, 55695.552365821524
296, 55679.842763802924
81, 55663.482121771536
559, 55658.41389694144
66, 55626.7554422096
1154, 55613.19712634443
1275, 55456.8334937161
755, 55387.64206179338
1151, 54880.44609894819
408, 54877.02873152903
528, 54850.04748789174
1021, 54619.18575476173
624, 54602.029064066526
1050, 54521.63449299737
105, 54449.77459304105
103, 54449.77459304105
83, 54447.360810603626
237, 54428.714029290604
104, 54425.65759160566
1156, 54351.00365002777
1049, 54282.88561863631
664, 54238.91371444448
344, 54203.77106052553
1064, 53989.420144190946
431, 53976.01082683317
1098, 53954.91499655769
1022, 53911.95380245888
190, 53834.94012994787
1120, 53769.729270184886
1054, 53744.184638785366
175, 53715.500482511416
839, 53584.30947433582
1272, 53568.33981920546
280, 53553.36717605808
519, 53491.566649760505
476, 53412.98287669603
1024, 53328.1520079335
1023, 53328.1520079335
1237, 53328.15011002445
522, 53223.74548397372
340, 53162.509204420996
1256, 52965.244755051455
547, 52941.81716038406
548, 52931.40959273364
1270, 52900.70646760562
99, 52846.50599528038
1129, 52839.16419901718
1127, 52806.13731455614
872, 52610.775015179446
806, 52545.324185081765
1372, 52514.38996797141
966, 52444.07653492698
707, 52435.64674849045
880, 52367.5102001403
467, 52345.92311543565
469, 52326.42547283793
468, 52300.464487532336
