915, 99019.9329597303
512, 98730.04487016193
108, 98459.72744998391
643, 98054.48368898612
1262, 98031.8299028436
177, 97997.71109879775
427, 97802.72513439733
421, 97611.33759758454
1413, 97495.05833881526
575, 97338.43813260009
1255, 97295.70301546111
1348, 97261.85638002466
775, 97017.06840636418
613, 97009.90172313213
272, 96572.92360984684
1362, 95422.15851443908
1285, 95075.41563186632
1193, 95023.7569876817
156, 94901.48107882816
217, 94756.89955650293
908, 94724.72035523524
1149, 94681.44339707782
1286, 94499.50729719302
698, 94441.08262472239
459, 94193.74673787755
544, 94135.30390996428
705, 94027.34417945983
703, 94027.34417945983
696, 93742.34472877673
518, 93462.2113746013
461, 93385.50592460526
1036, 92611.49836076621
285, 92407.18768437226
1236, 92188.27739473224
135, 92041.37879369009
169, 91288.74713746876
612, 91239.89195992306
1067, 91232.98412903905
102, 91051.64338065898
136, 91048.13654649134
1379, 90943.54958326132
1419, 90875.27533289355
158, 90709.78715923557
157, 90709.78715923557
218, 90328.93930123023
170, 90303.98533825933
53, 90303.98533825933
88, 90146.58313194803
65, 90050.49950018965
62, 90050.49950018965
112, 89856.16810563942
137, 89839.94373255772
4, 89628.75024897972
1299, 89529.00657795322
1084, 89343.32497758926
1082, 89343.32497758926
1240, 89009.53601932587
1152, 88723.9649442115
750, 88620.37187690656
751, 88420.92842176257
210, 88408.03499104586
146, 88408.03499104586
15, 87949.94281205324
159, 87800.31472719046
160, 87787.93316920983
161, 87779.45149845441
216, 87730.87916004099
363, 87716.01497385668
1020, 87628.86139609489
782, 87479.0721337195
1318, 87473.01990796301
364, 87456.62945130073
845, 87363.59151454714
799, 87340.12816900847
798, 87340.12816900847
594, 87140.28887241441
633, 86980.84374632413
704, 86742.65160779022
702, 86742.65160779022
239, 86712.55758202125
21, 86712.55758202125
692, 86632.51492914265
609, 86611.30745087187
1173, 86556.59172663862
305, 86500.0350123524
1170, 86065.00862639978
620, 85953.50302143482
350, 85527.25767010292
425, 85480.30530033704
348, 85469.44911002558
416, 84902.34037504169
604, 84805.37191797067
180, 84717.89073820581
3, 84701.7978090065
2, 84701.7978090065
396, 84484.47449073182
44, 84484.47449073182
330, 84358.43910170058
1043, 84327.06044052777
291, 84223.01750298022
754, 84063.13920345771
249, 83942.73797868505
1148, 83848.19932749089
1308, 83763.84968517278
209, 83560.82646910122
712, 83526.75856342935
1144, 83481.17937682444
460, 83427.25985653994
1264, 83334.0669308308
1263, 83334.0669308308
192, 83096.74224043732
191, 83096.74224043732
749, 83083.19002288113
905, 82827.51126297213
899, 82827.51126297213
619, 82822.62697606832
194, 82820.6038485854
1246, 82741.92001158939
811, 82721.79459632265
411, 82091.26699813925
426, 81995.63699605687
414, 81995.63699605687
1100, 81922.58531696851
352, 81877.85798214035
479, 81852.53105080234
699, 81714.20266762892
422, 81634.0026204322
413, 81634.0026204322
219, 81587.61926095861
1058, 81579.23585210282
955, 81515.27916908216
444, 81155.5442969483
366, 81137.96291422095
412, 81068.30551169814
1401, 81016.60818573686
759, 81002.31994033558
556, 80897.20094472206
172, 80868.52400696295
984, 80788.52748448902
480, 80751.1575021501
397, 80716.57330408847
835, 80697.11434950352
600, 80619.57698145323
1002, 80541.45140059292
545, 80524.28757376547
398, 80493.63577871567
1117, 80319.01088802851
1403, 80307.37847216372
228, 80268.63200915219
636, 80120.97638913715
428, 79908.23186883258
500, 79811.75080250094
504, 79659.65055999457
61, 79583.02394114525
987, 79445.4327840778
985, 79445.4327840778
250, 79348.07320347692
645, 79212.84799855712
644, 79212.84799855712
63, 79212.84799855712
986, 79191.64978815922
64, 79028.16258853655
382, 78757.6146843373
1103, 78510.27417657907
868, 78437.30598017879
470, 78340.84473723137
179, 77992.9654430373
1312, 77916.5251698873
812, 77878.42298326349
41, 77531.39769920585
309, 77485.43851307756
189, 77406.03347675396
813, 77132.85305862219
435, 77128.39829917182
961, 76783.85329202299
176, 76566.5584591251
46, 76486.07030116978
270, 76434.87002640337
268, 76434.87002640337
513, 76268.52591283048
11, 76233.71723028108
473, 76209.08143688341
1192, 76182.5997309739
20, 76161.08139448597
1044, 75748.98601389075
1398, 75712.92297379319
834, 75688.81190292178
1382, 75666.67657181574
246, 75488.11024206661
242, 75465.25096550009
659, 75445.74951185028
662, 75377.54678859562
663, 75144.46349759177
1028, 75136.58981819756
424, 74899.53098840351
423, 74880.27624897422
471, 74728.11630658012
418, 74697.40213987295
1136, 74651.70680755294
1313, 74620.60200780236
358, 74406.40809790918
795, 73179.1819619526
1057, 73062.55556848549
558, 72907.34374163668
251, 72826.04648633755
134, 72743.91020135616
1414, 72671.1270035845
238, 72612.83427429589
1076, 72581.47750930364
55, 72380.46869098191
1075, 72359.3530972655
840, 72305.20976618055
697, 72160.35702246729
695, 71909.7965849616
546, 71466.69699773761
791, 71411.28026347252
39, 71392.01314916718
399, 70977.68042406636
656, 70656.19608143614
694, 70431.1709608579
691, 70402.54479316936
40, 70282.70376320966
606, 69819.97316554033
1381, 69744.4340659305
701, 68919.74257794324
43, 68529.40880205561
45, 68504.36572589198
745, 68227.24930325926
706, 68001.0081993463
1280, 67968.45110345253
693, 67927.32289757683
830, 67624.02949264331
920, 66619.2264339644
1302, 66570.67317959237
93, 66365.02545685282
142, 66303.85360888667
19, 65996.95038485096
1334, 65556.7249917256
1199, 65522.754630256255
5, 65433.68493330419
503, 65405.7075906872
919, 65308.01313153911
369, 64936.63944142107
1003, 64758.78332987356
1373, 64722.91458243656
1147, 64703.77584084421
464, 64703.77584084421
1004, 64667.01688047528
145, 64639.27390858537
164, 64350.628393680156
1389, 64122.89245446845
353, 63915.44091272732
1035, 63848.910959236004
653, 63688.7664171032
661, 63510.94011036157
1029, 63468.30943397824
516, 62936.23721544277
269, 62802.17308466399
6, 62717.6387045438
1172, 62555.11337909565
74, 62427.41806201133
133, 61594.36291832803
932, 61289.48400406722
141, 60861.53344839341
690, 60848.67699993468
502, 60754.385976506375
765, 60736.54405425881
515, 60736.54405425881
514, 60736.54405425881
123, 60667.20542876811
1060, 60646.19283616979
739, 60588.32508808659
740, 60548.12556900615
1162, 60110.51236260472
829, 60110.51236260472
481, 60102.87208091778
828, 59988.31082409555
654, 59945.22219617354
1080, 59667.42171950758
1314, 59568.39436827142
274, 58500.79295430794
271, 58500.79295430794
1077, 58361.217233394134
1396, 58244.88920033735
1245, 57891.41405893037
227, 57391.4752922408
362, 56895.238248178306
1074, 56440.11245435641
256, 56255.97483196584
831, 56013.01687753243
796, 55525.99975749464
852, 55461.54697775238
273, 55285.39269923327
794, 55161.11859468972
1190, 54917.1746519315
674, 54897.095452454014
1188, 54894.160858084426
139, 54848.65831092699
1404, 54820.8648204321
1228, 54806.370827864404
865, 54806.370827864404
1317, 54714.21112933762
815, 54690.86974018283
501, 54473.02924679742
1344, 54142.74536361766
1039, 53789.49678186869
1061, 53669.578656845144
700, 53440.00671133764
866, 53340.69101824448
302, 53308.938332667014
673, 53267.63818456604
992, 53262.31748327103
860, 53160.230896415036
562, 53147.70079446671
1085, 53130.24171436099
564, 53070.24429372334
451, 52960.35231716133
1234, 52959.0159567009
1086, 52951.71841983624
1399, 52864.42256454176
1288, 52366.5030900765
1397, 52323.26490993759
1109, 52289.35261870906
1081, 52272.97612127628
1110, 52067.5481707624
1108, 52067.5481707624
607, 51946.6559371474
1101, 51509.478076591564
151, 51455.41475211071
401, 51399.14276322358
1395, 51382.77598351688
861, 51359.465655912674
124, 51288.98194492199
149, 51288.42386221425
264, 50768.02644239298
1056, 50752.25823054773
922, 50586.73993218932
1106, 50378.79982111371
1105, 50378.79982111371
1102, 50378.79900331109
409, 50245.93948985011
391, 50228.34823187189
155, 50179.838674597864
1400, 50102.361867683685
1088, 50085.265950234214
1232, 50068.68895873696
437, 50028.00573639521
1018, 49999.054003571706
154, 49999.054003571706
571, 49820.788575092694
709, 49684.555893638135
554, 49642.853672768506
555, 49540.68205396035
855, 49463.679834902745
454, 49456.998822754016
1059, 49416.8989618047
856, 49373.767771449486
854, 49373.767771449486
442, 49156.336554168985
233, 49066.460461810755
1113, 49066.341085951724
1323, 48506.80521493506
168, 48281.21226348605
26, 48119.780622355356
434, 48055.40586355627
390, 48032.08385391068
72, 47943.88258846521
553, 47881.35320203708
419, 47811.247804705745
417, 47725.4469609827
167, 47725.18309649565
267, 47717.21403882969
1027, 47423.92934005154
410, 47397.930279998705
993, 47154.03918687165
187, 47041.0280862968
42, 46641.511021709106
647, 46533.29080398902
903, 46531.26452567958
1410, 46475.425854302266
122, 46429.93960591838
1300, 46428.987852421626
574, 46408.029803043035
1015, 46331.757460993766
968, 46079.627518173955
1016, 45835.49060760576
1409, 45806.631406379725
1065, 45806.631406379725
85, 45806.631406379725
1408, 45796.75110699685
1407, 45792.7920670111
601, 45791.554047029415
86, 45756.981246578835
441, 45480.34321050664
1017, 45447.80038820889
783, 45250.151351341796
802, 45213.34594665068
801, 45213.34594665068
346, 45203.30895674329
970, 45004.14836454276
304, 44396.0589913027
1191, 44359.58589014013
1189, 44192.241032609076
565, 44052.25218669853
762, 43920.42973808473
772, 43865.2947666369
1066, 43837.28293536927
776, 43611.05929051241
1287, 43521.42402164771
420, 43398.015237995445
969, 43380.83698724764
415, 43320.852600735096
1155, 43280.22378593323
972, 43154.179689243836
967, 43154.179689243836
361, 43149.25423664433
1346, 43054.57315731764
853, 43047.853654969294
583, 42616.102379521326
222, 42249.09876721679
367, 42022.35540030487
116, 41693.801552929544
347, 41667.53958310949
858, 41614.52494531303
1290, 41439.89057408397
827, 41409.38973297108
1040, 41296.52345455733
971, 41022.034951949885
846, 40970.33059300708
517, 40969.61735804739
1342, 40906.50709251164
540, 40770.47249914483
1204, 40700.4582478627
495, 40546.782459788716
1201, 40513.32452858098
433, 40500.99516063755
204, 40497.500288369134
488, 40429.59297197982
509, 40411.29582182003
930, 40354.582918727574
277, 40272.499621543866
1274, 40261.563086065486
252, 40215.17985799671
1200, 40036.506696343706
1169, 39941.2176127484
885, 39517.68937111584
1224, 39488.18250116122
867, 39424.652539700546
781, 39405.039885250495
153, 39390.409824808805
231, 39196.02632143283
30, 39066.629993111375
220, 38966.6795415534
354, 38953.862444844664
299, 38912.64435392751
107, 38831.451278500186
584, 38783.6722324383
380, 38752.959806998086
978, 38713.38765925036
279, 38611.31993169782
450, 38485.962540258035
449, 38485.962540258035
278, 38465.10337940774
478, 38371.98007302634
771, 38328.042705559914
221, 38217.92484703375
106, 38149.333821764405
1111, 38143.18725484526
622, 38138.98818329498
621, 38138.98818329498
581, 38056.26486137106
1013, 37667.453427384535
1012, 37653.47442902638
618, 37644.68222409855
1137, 37546.41632171119
56, 37407.53329872201
1310, 37402.057290782206
557, 37128.146177537514
780, 37048.07804685968
534, 36958.11255554774
836, 36950.52404635408
29, 36794.51447217328
1217, 36694.264147241774
1216, 36694.264147241774
131, 36523.36691902704
536, 36492.05905754364
535, 36492.05905754364
395, 36353.482285036174
847, 36274.23130858516
1112, 36040.13045592645
1306, 35976.38307610203
596, 35957.630875361414
605, 35909.07809143368
977, 35837.09844407415
1052, 35760.76165046517
598, 35619.36466056328
178, 35569.45292718166
381, 35238.644948338355
173, 35127.64835218279
597, 35086.858356443016
