1363, 99846.18522047503
790, 99778.13331537608
215, 99627.0038650977
597, 99577.63512269378
173, 99250.55447477916
800, 99013.57725722903
226, 98393.77818532687
381, 98375.0481577235
1378, 98086.55791593106
186, 97851.35193866373
36, 97851.35193866373
1330, 97665.41273998306
474, 97254.15158451148
178, 95885.51701943447
598, 95524.6826343334
921, 95421.35338504508
570, 94829.74918655322
1052, 94522.38316199348
814, 94113.56012706977
977, 93993.1764982784
538, 93652.35595538821
605, 93501.60351604308
596, 93174.01198449354
1306, 93048.33750682785
275, 92853.59169550256
1112, 92624.60335844847
432, 92549.04038697605
537, 92128.02902428927
140, 91146.54158517432
847, 91113.38587210618
395, 90617.18998261151
536, 89767.47038856313
535, 89767.47038856313
131, 89578.58107237426
1343, 89239.3031996855
525, 89148.56927940887
560, 88914.16552171455
18, 88911.58332119841
1217, 88566.90454259841
1216, 88566.90454259841
14, 88358.81016984457
576, 88358.77294185133
877, 88315.2333769482
531, 88124.36457260254
29, 87988.27474079664
334, 87790.57259838039
1031, 87479.55478286932
836, 87108.77787572912
826, 87072.43727448607
534, 87066.63348770828
857, 86672.74185045641
780, 86571.38108896694
557, 86137.31444411626
1010, 85601.77523513518
949, 84970.65360353475
1310, 84698.26167000268
56, 84670.19347041719
1175, 84594.37520054271
1137, 83967.18309538925
16, 83701.7314995663
618, 83479.85439781134
1012, 83436.65003026367
1013, 83368.09150674746
1121, 82574.7013904893
623, 82464.60106279167
581, 81524.62489663255
1051, 81399.52383980474
622, 81147.57658394544
621, 81147.57658394544
1111, 81128.57383093031
106, 81100.78133469351
1083, 80833.98125998312
221, 80792.52680776357
1176, 80644.0305917414
752, 80600.04291249123
771, 80304.78874589286
719, 80296.54072506865
478, 80112.59227490412
278, 79709.6997302158
90, 79652.79230195328
450, 79620.27401602473
449, 79620.27401602473
563, 79417.56465101193
279, 79089.05574546807
611, 78739.24257595917
1376, 78723.2383757991
978, 78664.23439839581
290, 78591.67610304528
960, 78552.73288998344
380, 78501.35055201825
584, 78375.62647293406
107, 78181.22996979144
299, 77854.16879230825
354, 77689.69681988828
220, 77638.7651657847
850, 77592.21511947476
30, 77245.00260310477
231, 76744.05867268694
1282, 76301.7807702708
153, 76009.64570463977
781, 75955.22925079735
867, 75882.465371953
1277, 75861.67268047605
1247, 75712.70862630851
1224, 75648.2131715901
819, 75621.34561964995
1062, 75587.04060620564
885, 75540.15912791603
1223, 75474.24629369054
1221, 74596.54065733886
1412, 74208.09790656476
577, 74109.74391419103
1169, 74039.40228858542
335, 73988.19122256881
338, 73872.01323186552
1200, 73714.18051120467
223, 73448.88426319121
252, 73116.07604188702
1274, 72963.2499984382
1001, 72960.91726900918
277, 72927.35985365734
260, 72916.36512528663
930, 72659.72812215981
509, 72476.59041944663
488, 72417.81111339116
204, 72200.95218834581
433, 72189.84621983583
1201, 72150.70864116856
495, 72044.83490103834
1204, 71564.71297768527
113, 71500.07127794361
540, 71349.27122149999
1342, 70936.44225249934
710, 70771.87454550968
517, 70747.45785773663
846, 70745.33113992197
971, 70591.69553092272
890, 70104.42503480866
259, 70095.97782149693
999, 69814.8155145345
1040, 69793.404113629
827, 69473.37854094095
359, 69405.96127618296
1290, 69387.69542162208
743, 69302.56457808592
1037, 68946.88205452831
858, 68903.53404137076
37, 68867.21652059782
347, 68758.68285827558
116, 68687.28883284277
47, 68648.71818318061
80, 68439.46263334848
94, 68213.45948725672
310, 68045.4944301491
367, 67813.81634353705
1281, 67783.4548606564
1390, 67506.53969500145
909, 67453.12182526993
67, 67345.6295457825
205, 67272.90664040792
222, 67231.54152945177
1009, 66688.62331807114
742, 66585.70266185496
224, 66511.97196678852
711, 66413.74488321088
583, 66322.64577529166
1371, 65642.36187268286
1026, 65596.18439698362
853, 65303.33733824064
1346, 65287.88001593308
361, 65071.362475555274
972, 65060.16409972476
967, 65060.16409972476
1155, 64775.75871821042
415, 64684.96338940767
969, 64551.68668957476
420, 64513.687826237685
1287, 64242.88697547685
552, 64229.640283803994
776, 64048.56868951991
1066, 63566.801169231454
772, 63507.993283133736
762, 63392.77863455728
1316, 63389.91853361895
637, 63389.91853361895
809, 63306.96350924888
807, 63306.96350924888
379, 63178.82872583315
565, 63120.155613589865
1189, 62834.95617376585
1406, 62538.494836649086
483, 62538.494836649086
1191, 62499.714337253376
484, 62497.00588424001
304, 62427.45492075725
485, 62361.31339460635
981, 61876.280129661565
12, 61592.916356632864
73, 61397.06984780644
970, 61263.469174609345
929, 61255.27439472992
346, 60898.22202664211
802, 60880.014708753835
801, 60880.014708753835
783, 60813.410906125886
248, 60732.03358361738
824, 60730.48989227036
589, 60696.45502832125
1017, 60460.04097048996
526, 60439.66220455701
441, 60402.544354775615
89, 60185.420854639015
1417, 60161.38487865632
295, 60045.62819894711
289, 60000.954846607616
86, 59921.40814984137
601, 59862.22110595589
1407, 59860.10549673011
1408, 59853.34180234645
1409, 59836.473884543586
1065, 59836.473884543586
85, 59836.473884543586
1016, 59787.30062406372
1235, 59529.64536133481
235, 59493.34954464995
325, 59442.47528153471
720, 59414.29522162217
968, 59376.9553174729
940, 59345.681888592764
832, 59345.681888592764
288, 59164.29454209114
384, 59014.40861560466
1347, 58986.15032592909
1015, 58963.491218478615
574, 58840.42067009958
1300, 58806.763967726416
122, 58805.237173764835
13, 58796.57982697456
22, 58796.57110560508
1410, 58732.433612424116
281, 58684.66123143599
185, 58658.39803359675
903, 58643.50024770419
647, 58640.2820967718
42, 58469.32145880716
876, 58333.33200239658
1119, 58210.61377716221
187, 57853.37540920488
993, 57683.35361152327
465, 57609.22062152792
356, 57525.188961728265
1283, 57392.391150864496
307, 57344.92692801713
410, 57322.531184695115
1174, 57306.111763831694
150, 57306.111763831694
1027, 57284.55042889102
152, 57270.41237490624
777, 56865.35826327037
267, 56862.388178672896
167, 56851.07595272614
417, 56850.701533749016
165, 56748.25539256448
419, 56729.43087667226
1222, 56662.97943827781
553, 56631.04834615231
72, 56543.826686080465
1271, 56539.87113779343
1248, 56533.88787116315
390, 56421.63517056678
434, 56389.488491399155
26, 56301.10629088362
168, 56081.712137632654
125, 55801.96928263025
1323, 55780.378641602416
343, 55704.73596898935
258, 55622.25638426138
808, 55621.30587851888
1113, 55058.3634348479
233, 55058.21312289515
442, 54945.48453603353
475, 54848.779861572424
438, 54743.14565659075
891, 54704.865325862374
856, 54676.34493736847
854, 54676.34493736847
1059, 54623.5491738272
454, 54574.6377398272
855, 54566.50484645046
1273, 54508.2551540679
530, 54500.23289964472
555, 54473.10136248308
554, 54350.10449811743
709, 54300.20652575033
571, 54138.414798326376
1018, 53929.472460408826
154, 53929.472460408826
437, 53895.83052871777
1232, 53848.69305866272
1088, 53829.53174500519
1400, 53809.798150792085
155, 53720.71667273615
391, 53665.23060452063
409, 53645.16415168984
1102, 53494.54370103681
1106, 53494.54277894995
1105, 53494.54277894995
1032, 53302.639523798454
922, 53262.06510935804
1056, 53079.80096692367
264, 53062.564259367406
817, 52728.57799911315
477, 52583.01047045069
1063, 52566.29575529386
149, 52505.73699352782
124, 52505.15211750968
266, 52504.16720465269
463, 52497.6073499144
861, 52431.49099793537
1395, 52407.219664042605
184, 52404.236319878604
183, 52404.236319878604
401, 52390.20470089778
151, 52331.870713790006
748, 52301.364917603256
1101, 52276.068209286044
98, 52042.67406829997
1278, 52000.618253415945
456, 51995.52981605917
1418, 51970.08034324924
236, 51885.36826622661
607, 51833.351794103364
934, 51826.64040404865
1110, 51713.54339394406
1108, 51713.54339394406
1307, 51672.580869319565
1094, 51616.798486055726
455, 51567.659165699966
1081, 51512.48049570545
1109, 51496.58692645506
1397, 51463.7374236173
1288, 51421.976597039386
1326, 51385.95731788409
768, 51133.19607334598
331, 51116.73201946819
195, 51044.10239214236
793, 51032.13596452853
833, 51015.58170725481
1399, 50950.737530105995
1315, 50883.761690655934
365, 50883.761690655934
1086, 50869.90958949699
1234, 50863.17640094658
451, 50861.94378075697
257, 50800.451669058864
564, 50760.99823970731
1085, 50706.2296982989
1384, 50700.96392957229
562, 50690.33758738257
860, 50678.94464212831
992, 50586.51227685493
673, 50581.71368674317
302, 50544.52971011841
866, 50516.01788226635
700, 50427.26402223575
816, 50420.224768949396
527, 50386.716875928774
1061, 50224.53986797645
825, 50128.90179602241
1039, 50119.974956448554
240, 50109.37995876101
368, 50072.25474351588
786, 49905.475643608384
276, 49887.74913193207
640, 49875.55445287674
17, 49861.483431840716
10, 49861.483431840716
792, 49833.46828863792
1344, 49817.12176843081
429, 49767.40102893429
255, 49725.05213573158
501, 49540.74170123344
430, 49514.41617698435
306, 49459.56942475396
815, 49361.92960780954
1317, 49342.930692954724
1228, 49268.21675239123
865, 49268.21675239123
1404, 49256.50986107655
820, 49255.95420300217
139, 49234.09372341398
1188, 49197.48771094496
674, 49195.130830201146
642, 49192.89971111455
1190, 49179.017295908285
794, 48985.021669314454
273, 48887.433376456036
852, 48750.51326383392
796, 48700.82328839809
1370, 48593.30028466782
1369, 48593.30028466782
831, 48332.242979262475
713, 48288.208378198
1356, 48181.39317412535
256, 48152.7977244923
1074, 48018.701071185445
345, 47963.39197714652
717, 47879.54707356276
362, 47694.10536285902
1135, 47659.1505094345
227, 47350.896272088954
770, 47342.757924379715
313, 47339.129937933445
1383, 47280.02935549641
466, 47247.28520029431
862, 47199.19103570799
468, 47155.07113074672
469, 47133.98693019224
467, 47118.178059753365
1245, 47015.908997936276
872, 46905.629099842685
1396, 46785.31854438424
99, 46719.826464419275
1077, 46710.53145706072
1270, 46677.54650499798
1256, 46627.41458509766
274, 46621.50381479521
271, 46621.50381479521
476, 46285.84765676313
519, 46226.997904492426
1272, 46169.81452930042
1120, 46021.252697046286
190, 45973.5893331429
1314, 45964.98840218568
1080, 45906.19880497522
654, 45743.10475704492
828, 45718.046275025095
481, 45651.729894840246
1162, 45647.32296367321
829, 45647.32296367321
104, 45551.38576907288
237, 45549.245016060755
83, 45536.19422357145
105, 45534.50602874956
103, 45534.50602874956
740, 45398.154657416155
739, 45375.581536306236
1060, 45343.179055473076
123, 45331.43998828325
765, 45292.80330144972
515, 45292.80330144972
514, 45292.80330144972
502, 45282.886371798435
528, 45258.30707929286
408, 45239.95375138648
690, 45230.64573491375
141, 45223.54465548915
932, 44990.1201263095
133, 44827.243171778544
81, 44719.08643820617
1227, 44631.995101990506
78, 44627.99593763201
74, 44396.07763270477
1172, 44331.720605978015
1011, 44287.95335066752
6, 44250.45610575008
269, 44208.471290072746
516, 44142.28052286259
641, 44127.7560092168
114, 44120.62866112581
947, 44096.35219357505
1019, 43928.49557546274
445, 43928.49557546274
1029, 43884.246902952655
54, 43873.371054830204
661, 43863.88902364008
1035, 43704.11481703818
353, 43672.99813571576
244, 43644.25296838214
689, 43542.01239326918
569, 43523.75084151317
1132, 43406.602636756055
253, 43372.31493449057
145, 43341.36970401152
617, 43340.8655716775
1004, 43328.90580162345
1147, 43312.4188285884
464, 43312.4188285884
1373, 43303.84717508317
1003, 43287.80543355366
869, 43281.28302737853
38, 43220.547882917585
369, 43208.69804425371
871, 43205.89053794225
655, 43066.53901769678
919, 43045.82206544387
503, 43003.48483254476
5, 42991.399053131405
1199, 42953.036112077774
1334, 42938.4502868772
