344, 99986.36845298413
664, 99894.21071721065
1049, 99745.39988022407
1156, 99516.2190243455
1064, 99259.4264964381
431, 99214.11144985195
1098, 99142.85901467933
1022, 98997.89918256064
1050, 98949.2134679297
624, 98685.5106244996
1021, 98629.51684062272
1054, 98433.6574676483
175, 98337.47992607605
839, 97898.68385300548
280, 97795.44964066698
1151, 97788.88268862506
1024, 97047.01282911257
1023, 97047.01282911257
1237, 97047.00654380319
522, 96701.80358627532
340, 96499.84650332028
755, 96218.89898233105
1275, 96010.80244407289
547, 95775.14062635002
548, 95741.08506192287
1154, 95545.71551218626
66, 95505.72244006973
1129, 95439.71315899225
559, 95412.54515923622
296, 95349.63874748908
1127, 95332.01824843665
265, 95303.60513593916
440, 95254.03799186196
377, 95060.60722979461
336, 94749.30667879235
996, 94511.84951256526
806, 94485.34813722697
1372, 94385.37210691032
966, 94158.47568515608
707, 94131.30585000776
880, 93911.95136296726
911, 93889.94719858318
887, 93611.59676513473
738, 93348.09781023393
292, 93343.94199442136
950, 93098.38559808703
896, 93022.75451286267
990, 92979.54770629629
746, 92694.16241225318
578, 92623.44356864657
327, 92570.56225283157
669, 92456.65462425232
747, 92299.00861678211
767, 92132.42030845721
1055, 92065.42905418082
1097, 91810.25108932533
198, 91666.43275345229
952, 91639.20732693431
758, 91567.44608744417
995, 91559.07412994481
1220, 90920.60921699522
587, 90830.86254973868
378, 90588.48316284957
883, 90563.57893750934
599, 90338.18791056103
1096, 89826.54166615594
766, 89757.76019641235
1233, 89737.58715941219
941, 89590.94089710007
35, 89580.88061997756
282, 89561.60373122577
959, 89523.97511775732
1215, 89507.16587936202
893, 89382.26841619436
1340, 89071.42330691672
1116, 89049.79615854347
301, 88905.53573333129
722, 88772.49217361724
760, 88743.10812698379
1374, 88308.67149882583
1198, 88279.10727367729
1195, 88267.19964433546
627, 88223.2039852823
721, 88141.85335428812
261, 88006.79860260921
542, 87857.33604252616
539, 87857.33604252616
1420, 87707.87901684718
586, 87569.86796059372
1387, 87505.11142208798
823, 87494.87866213174
1386, 87349.41368104084
1339, 87078.75900600864
1197, 86990.21955774061
1196, 86869.77821014587
201, 86783.85911295199
511, 86756.18478480185
1298, 86626.45524979921
1295, 86452.34673751058
1311, 86368.39278115593
982, 86210.55192361226
924, 86207.08646746809
916, 85923.36313065757
838, 85835.41024752616
658, 85834.89136818104
822, 85723.7999958912
1380, 85704.55526960628
821, 85701.09416665608
1107, 85589.53096683722
1130, 85365.41789100319
263, 85351.09236725907
1146, 85298.50874177106
1070, 85242.44089465107
1071, 85242.4399823674
96, 84993.24322909424
439, 84989.13089914531
660, 84905.4542107308
1093, 84845.20344578654
510, 84845.20344578654
774, 84785.7145871336
773, 84785.7145871336
8, 84623.20137549464
316, 84450.88552527037
115, 84449.06274537739
943, 84196.05686987635
1194, 83818.91718067939
262, 83818.8072657268
906, 83750.38840455926
937, 83720.58181700221
121, 83651.45561954455
1072, 83586.58672414007
910, 83489.90492220735
1351, 83356.48845016347
436, 83349.93778888563
735, 83328.53659743535
803, 83101.80336450993
1349, 83036.78761180223
1293, 83035.68651429584
1292, 83004.73322993737
32, 82996.16219459113
1158, 82896.3303179268
1128, 82545.05323917902
944, 82496.738509004
1332, 82438.286581231
784, 82406.57599805603
1213, 82399.91577181677
383, 82107.8055622835
848, 82099.84699751715
1007, 82089.0462357316
945, 81951.34111137486
951, 81135.51218133206
1114, 81103.55638187128
76, 80691.21961147222
117, 80651.5595762493
1242, 80503.15152882248
1241, 80503.15152882248
462, 80402.16267097226
351, 80382.12793994701
1291, 80353.74195312263
499, 80212.3739686246
87, 80032.28689273557
881, 79958.08096693557
974, 79684.44678814028
629, 79500.29130847713
1104, 79416.44992282006
1375, 79125.3867742472
953, 79052.91088686817
297, 79052.91088686817
52, 78813.52416454605
1297, 78634.4223405665
1211, 78613.99423565016
91, 78571.86343888745
163, 78316.92788332689
678, 78137.73732469855
1269, 78105.78183588441
1251, 78088.57158246337
92, 77926.19568556175
933, 77850.71586160264
1252, 77811.08822496103
1068, 77765.777681279
917, 77621.14377092892
407, 77619.42991641647
324, 77599.59548885887
810, 77496.79763611482
626, 77447.19952207184
1276, 77317.59738338242
1118, 77289.11348017259
595, 77289.11348017259
294, 77271.28540162258
34, 77216.062357002
1296, 77215.32835031634
615, 77060.34803331606
406, 77041.54131216522
394, 77031.40675099527
1392, 76975.27423138698
339, 76942.29603298618
1268, 76856.0357794147
243, 76477.05921023482
650, 76401.79326569973
329, 76381.0159978764
1212, 75922.48628974301
1355, 75854.78458327784
392, 75853.61416106625
1359, 75834.25734126038
171, 75586.68498559803
1352, 75576.52232273732
524, 75540.87961150601
341, 75405.05335709959
913, 75317.02169537259
1261, 75246.0958530611
60, 75210.55254935611
843, 75047.47825564635
443, 74914.73858876932
95, 74670.31065605495
355, 74621.34659996831
33, 74540.18061315487
284, 74537.27829798234
895, 74462.95536281675
1208, 74368.0667281378
603, 74334.4790922785
79, 74286.8523825107
688, 74274.16617153569
1209, 74206.45816679487
1239, 74197.65486544394
686, 74115.29446835445
1206, 73939.09745172715
1336, 73828.37851432552
323, 73772.64297551067
859, 73692.07369357314
376, 73625.22717298416
1230, 73583.9423367153
716, 73557.07799872826
882, 73533.16378306542
925, 73454.74312827966
389, 73384.22384363548
687, 73380.53785603544
1047, 73370.33564052513
317, 73285.71264620264
736, 73237.85660614437
884, 73228.95781561424
447, 73165.68193803902
319, 73085.5997544086
1131, 73040.87533222321
973, 73013.70253683915
804, 72953.71565644712
610, 72944.53327360257
988, 72922.9480206239
387, 72917.68641610148
785, 72910.5107145693
100, 72870.60857086451
1257, 72847.21938126527
1364, 72807.06565688211
714, 72794.64174834553
1394, 72729.32182315105
101, 72691.01160771569
543, 72688.32481923357
472, 72649.56386522907
979, 72433.9037366709
162, 72388.82184041655
561, 72338.01355761163
388, 72313.44410833476
1353, 72282.07880034376
625, 72260.54857518205
805, 72186.17895260679
918, 72178.94392628883
1289, 72160.44174986875
82, 72160.44174986875
779, 72112.72414175462
550, 72041.89403698478
723, 71993.77123435945
608, 71935.03689532784
737, 71897.10776814398
1207, 71886.14821122849
671, 71676.74274321062
75, 71630.26605286998
1205, 71517.51121690973
912, 71471.89463808523
1265, 71423.51578226667
1126, 71370.3600734355
1095, 71343.62374323039
283, 71291.59792389022
965, 71201.80940739167
1267, 71196.76963805924
964, 71190.03459634377
963, 71190.03459634377
1014, 71183.29700799326
962, 71154.70891316456
1141, 71065.49985005149
1138, 71065.49985005149
907, 71018.25953106218
197, 71012.17054491596
521, 70960.04681181615
1254, 70952.31312028984
1140, 70820.43116337949
954, 70760.5945823969
1139, 70698.36805400593
914, 70552.76684387522
1338, 70506.7863336455
1337, 70506.7863336455
385, 70447.0360701483
1218, 70445.91464075191
1219, 70418.58197447273
646, 70103.09086771053
998, 70075.2389921925
1244, 69930.6531230556
715, 69917.88793368812
616, 69917.09880925462
677, 69908.85312965825
400, 69891.30745196297
505, 69743.69758228488
1393, 69710.2915872012
879, 69652.9920287556
878, 69652.9920287556
77, 69649.17495675456
57, 69639.81298955048
797, 69635.27740943096
1327, 69623.0954167159
894, 69597.268170593
23, 69492.06235016216
308, 69426.97784418403
1153, 69366.09523763639
1226, 69307.127040846
489, 69274.30151717829
24, 69239.85583467895
1045, 69070.33672282138
25, 68889.46402244068
649, 68773.2484394986
1391, 68735.50862192543
585, 68689.8403015864
1053, 68681.9711068482
1033, 68653.71540101513
1335, 68609.58101089078
926, 68429.93158583675
333, 68429.62806888756
684, 68400.13904814018
321, 68155.77996812834
84, 68148.32760950079
375, 68076.99859803641
1266, 68031.236516092
118, 68006.1883516935
652, 67920.10017011344
1092, 67881.35246905175
685, 67808.27486616788
975, 67784.66533650478
49, 67778.34585709203
506, 67770.3467321137
9, 67754.54615674897
976, 67745.36651673468
635, 67743.92219495289
634, 67743.92219495289
1186, 67668.77122482401
682, 67534.23450702026
931, 67528.21692978084
648, 67522.12190187603
725, 67428.52487479594
393, 67283.13312379288
683, 67222.72418774758
602, 67037.45096430513
1341, 67022.27147193233
1006, 66978.74263268984
681, 66835.85248624685
448, 66671.99375003825
818, 66596.47380627097
1402, 66539.47812260679
300, 66492.86100455344
1142, 66409.12205688613
1073, 66332.07136700877
1331, 66235.34805541317
529, 66233.41002474517
935, 66225.69373444578
508, 66017.49692518768
842, 65941.03090803792
507, 65767.13651347751
724, 65667.99225807449
372, 65575.68708386738
675, 65430.55614040072
1366, 65365.845775094356
957, 65102.371692062356
841, 65048.09820586639
181, 65039.622787401306
946, 65026.77439359724
1210, 65015.92724653722
1377, 64970.20189344089
573, 64892.409649983085
541, 64872.331149667116
404, 64778.93626833637
590, 64747.13462691156
1038, 64615.254517392365
229, 64290.66058478191
230, 64269.84351636318
994, 64259.1887261172
1069, 64113.633826224584
126, 63910.69950045268
111, 63888.5228633798
651, 63886.24606990066
143, 63882.85605027577
1259, 63774.91071977978
1260, 63616.283012734144
614, 63575.00685492592
523, 63400.56835182035
639, 63393.115001743616
991, 63353.75464556626
789, 63304.09662523099
147, 63257.011542296845
1357, 63084.759614033945
928, 63054.40591244623
680, 63029.72197946535
888, 62826.75370225663
631, 62786.20159342063
1345, 62727.60357375684
997, 62547.556330050094
873, 62547.556330050094
50, 62443.8241864397
196, 62439.85846390463
764, 62385.66024043707
1358, 62383.9320700038
1294, 62369.9874865713
837, 62315.42161529772
312, 62303.99986267119
1365, 62175.77527610961
373, 62169.87678930194
182, 62115.18374029693
572, 61977.595475309725
199, 61965.2710058843
58, 61873.53549280669
130, 61779.08764772589
1099, 61702.98587521321
97, 61578.16938722377
1361, 61504.46931147534
851, 61401.06141530142
989, 61376.623376186915
403, 61376.623376186915
1325, 61263.444875466565
453, 61246.20551815081
452, 61246.20551815081
127, 61224.483028873
1143, 61088.92716889756
1229, 61027.98698496892
1165, 60923.63843059009
303, 60899.36768119763
628, 60801.64732109796
936, 60780.41848175975
1243, 60672.11289125285
718, 60563.00195112395
1231, 60440.389776447555
551, 60407.511177754546
844, 60381.727632289214
293, 60283.604405409984
1238, 60262.43275056715
1167, 60224.49724473805
849, 60161.95824923158
1089, 60107.08301221741
1164, 60073.05097978256
200, 60073.05097978256
549, 60061.975194691375
1042, 60007.00956195404
1203, 60004.447447577455
188, 60003.525814575696
1333, 59894.94553143992
1041, 59843.516071106016
202, 59738.873533022816
245, 59621.799967745785
1258, 59580.98516083785
138, 59389.51010954683
402, 59329.92350328932
1161, 59302.03660594461
232, 59291.477283554625
1091, 58995.627527531826
1090, 58995.627527531826
591, 58967.466817438755
1202, 58858.25503345966
1320, 58757.48533371833
357, 58728.24467225687
214, 58617.72496006623
679, 58562.37450553266
875, 58371.53374568915
567, 58281.60160845164
744, 58244.88662685502
1134, 58243.02693852612
1309, 57938.6792141256
1319, 57758.204407811994
493, 57747.17284865233
1048, 57707.57269961943
731, 57598.50116260764
457, 57578.33678585619
532, 57410.52722917768
59, 57122.417799219416
763, 57095.3279056398
666, 57076.22386259941
405, 57019.164965487136
1163, 56957.94539845212
657, 56754.48526137354
128, 56720.92198624423
732, 56671.952403646916
630, 56671.83565225837
726, 56656.44131553343
1250, 56545.47098170356
1087, 56256.14013957298
342, 56040.47061504211
31, 55950.22704374955
