1256, 99293.81115100718
476, 99136.08486604437
1270, 99067.23343379647
99, 98877.32159046242
519, 98866.50857842623
1272, 98605.31320505538
872, 98055.28080597447
1120, 97930.15208188564
190, 97714.57944301206
467, 97139.24752481794
469, 97072.12512946106
468, 96982.81845949484
862, 96796.72672601187
466, 96595.07746377433
1383, 96458.50136642352
313, 96213.44272761588
770, 96198.45983371141
104, 95826.77020380241
237, 95817.2966145412
83, 95759.56349271376
105, 95752.09804840748
103, 95752.09804840748
1135, 94918.06637374066
528, 94538.87178866008
408, 94458.82437247079
717, 94055.79704232063
345, 93733.91328358337
1356, 92912.3522367746
713, 92517.70330911108
81, 92216.17353498992
1227, 91846.59572161893
78, 91829.66164128877
1370, 91418.01444737389
1369, 91418.01444737389
1011, 90401.43016241358
641, 89736.4601127228
114, 89706.99082378115
947, 89606.68922473975
642, 89368.74145622848
820, 89161.3851160306
1019, 88916.27273591826
445, 88916.27273591826
54, 88690.71543036254
306, 88501.8614480904
430, 88326.79062336148
244, 87759.38661275976
255, 87664.35891010077
429, 87533.04312209591
689, 87346.97662109126
792, 87329.40796435412
569, 87273.51961327698
17, 87243.50657928821
10, 87243.50657928821
640, 87200.46139452278
276, 87163.21015502128
786, 87109.14989075623
1132, 86803.76120660915
253, 86666.74844156292
368, 86605.64204805795
617, 86541.26759995737
240, 86494.80396457684
825, 86436.70054829335
869, 86304.03427977239
38, 86062.87907354535
871, 86004.78115862685
527, 85680.76359923283
816, 85584.04668600584
655, 85454.37198930807
322, 84913.05634890117
1384, 84787.14484193137
769, 84751.65202631423
257, 84510.37052349816
927, 84490.17117490097
1315, 84280.81423629951
365, 84280.81423629951
1133, 84271.52448356742
833, 83921.64262131193
793, 83876.88372451061
195, 83844.57703442003
331, 83649.34876428949
349, 83618.0795079915
768, 83605.29661372796
1326, 82938.25675010735
455, 82469.24427770407
1094, 82343.87705934419
1307, 82202.31033517105
934, 81815.41407864395
236, 81669.48522124041
1418, 81460.4815908714
456, 81398.03333987425
1278, 81385.56607409671
98, 81282.76354687609
1030, 80859.9609814057
748, 80659.6556365104
568, 80437.72030179115
184, 80416.2026170801
183, 80416.2026170801
1225, 80203.95187261376
463, 80197.32081075037
266, 80182.0170638377
1063, 80037.55265937603
477, 79998.83370546618
817, 79664.23822829014
48, 79440.72958532868
1123, 79104.94364170471
1415, 78462.44848951648
1032, 78388.73740797462
1046, 77685.24061920003
870, 77498.93062107755
1183, 77276.12830898236
730, 77176.24032294574
332, 77080.1368882221
1078, 76948.06458889823
864, 76548.39854502364
530, 75934.83638167984
1273, 75919.26852339464
891, 75541.12799231766
438, 75468.25480729183
475, 75268.41365828965
498, 75027.49917639703
492, 74852.31231918253
579, 74472.12710378155
1184, 74298.85582418824
1122, 74156.78786395397
1304, 74048.62117161695
808, 73860.6464973528
258, 73858.97046917523
1008, 73741.9130498411
343, 73714.0401636924
125, 73544.46055750223
761, 73508.20194647998
110, 72923.8765335967
446, 72657.6523631031
494, 72396.00852191627
956, 72348.12041859872
360, 72312.82655061445
1248, 72310.62723922486
1271, 72300.84090224135
1222, 72100.5252470913
165, 71962.92414968974
777, 71775.48849538613
1328, 71343.8121518114
1279, 71343.8121518114
897, 71199.33979235066
152, 71140.40990051736
889, 71120.95692792055
1174, 71085.40184218413
150, 71085.40184218413
307, 71025.76675821978
1283, 70953.0885374133
356, 70751.16662406312
465, 70624.46515064726
166, 70558.52539660785
1034, 70445.75948037801
1119, 69741.16426095074
904, 69740.16077850138
902, 69740.16077850138
901, 69740.16077850138
900, 69740.16077850138
756, 69608.93652070235
876, 69565.82658481796
1079, 69561.7374475085
193, 69561.7374475085
1171, 69470.45061565118
51, 69115.53628981205
185, 69109.10052002182
281, 69072.68098819022
22, 68918.28621697321
13, 68918.27423441672
1347, 68659.6289992998
384, 68621.38188514904
286, 68534.27825193506
288, 68419.83106766776
315, 68378.20791153498
940, 68178.8461749922
832, 68178.8461749922
720, 68088.51203110347
325, 68051.54063236126
497, 68026.26041604286
235, 67984.98515636426
1235, 67937.65059164571
212, 67710.3501044187
211, 67667.04895449756
582, 67443.61622579218
289, 67334.03577367826
295, 67277.86429829671
1417, 67133.13516224363
89, 67103.23090668615
670, 66993.27327925639
526, 66789.9834003591
757, 66752.87326390993
589, 66479.17376319999
824, 66438.39269117767
248, 66436.54528658037
241, 66303.19550214484
983, 66204.56591494854
741, 66109.95875832229
1388, 65992.17306613958
929, 65821.48874915196
958, 65787.35273639491
73, 65658.54783665726
370, 65625.17944330853
729, 65503.65390831575
1321, 65451.20184047458
728, 65442.98942750002
12, 65436.03979968137
981, 65119.21764461116
486, 65100.08447866447
326, 64812.93264764751
485, 64590.516795252115
1405, 64577.90803832164
676, 64520.467357745074
484, 64445.59179113727
311, 64434.593328066745
1406, 64401.53475613075
483, 64401.53475613075
496, 64089.16898138286
379, 63736.306630048944
667, 63709.7423261389
809, 63606.4297347738
807, 63606.4297347738
1329, 63566.32066643081
1316, 63522.90744252567
637, 63522.90744252567
1301, 63469.898132720446
70, 63353.376569185224
109, 63089.376253215276
1368, 63035.26191455097
592, 62964.389389387776
552, 62701.445142249504
120, 62588.72494174367
1125, 62169.331793143
665, 62091.01155416144
1350, 62038.373350331545
892, 61962.49345388727
1411, 61954.980150842195
148, 61935.68972546085
213, 61843.417041670764
71, 61534.49090548282
1026, 61451.70117668674
1371, 61411.22969400139
753, 61395.151978714224
778, 61165.1304291181
208, 60957.24480266914
119, 60882.23627439987
711, 60751.09913997692
224, 60669.14036899215
742, 60607.92439420729
734, 60555.119548775474
1009, 60522.90480887914
1, 60397.54216646941
1025, 60240.61754433683
205, 60049.57782079357
67, 59991.75182582829
1115, 59987.19396030941
1145, 59935.36081885443
909, 59906.70995328383
1390, 59864.63879211856
490, 59674.556109411045
668, 59660.218223285956
1281, 59648.54245988967
458, 59637.53303033211
0, 59560.07931427806
310, 59447.08923077685
94, 59319.481368808505
1360, 59219.11713904814
1284, 59203.93435391466
80, 59149.62292379258
980, 59103.93909140743
1324, 59087.34325507472
47, 58994.205645284455
37, 58833.79271284651
1037, 58775.773943498796
7, 58735.33148690392
743, 58519.73895025642
1185, 58489.351044885974
359, 58446.2166013335
999, 58159.40251613726
259, 57965.712373612056
890, 57959.937080723714
942, 57933.56638226216
174, 57852.73526826919
1150, 57790.29844949577
710, 57511.50679102225
632, 57376.13422385639
520, 57374.124797955
113, 57039.4312659585
1249, 56850.346217027334
314, 56766.13955738695
1367, 56736.16941660824
337, 56721.82079145669
1305, 56559.911403166116
588, 56428.282933095674
1303, 56382.690502527
260, 56169.08036597721
1001, 56142.671868037396
1124, 56096.6428831831
223, 55857.11897263789
338, 55614.86159382072
733, 55612.948095849715
335, 55549.19414572113
577, 55480.87413665611
1412, 55425.87938207725
1221, 55211.1475648711
482, 55077.37450847135
638, 54930.90585242227
225, 54930.90585242227
206, 54921.3142854441
1223, 54739.99351311649
1062, 54680.8127205363
938, 54679.263145582845
819, 54662.87392529291
1247, 54615.234834364266
1277, 54537.98400132445
1282, 54312.765915116914
1322, 54159.28477636839
1354, 53959.01147114464
1416, 53954.84994711668
863, 53682.7773436224
850, 53677.32398731083
566, 53615.70562532315
1000, 53593.80289742279
371, 53578.55699421448
328, 53475.31302846721
132, 53473.7993087323
1214, 53381.54153481885
788, 53345.966130668065
787, 53229.57460649551
960, 53227.07842586384
203, 53213.66678287134
290, 53209.21299909233
1376, 53149.07701424239
611, 53141.78459460033
386, 53126.754065226225
287, 53123.312785214126
207, 53100.31757467648
563, 52837.202685479424
90, 52733.593565242074
1005, 52643.57394235589
719, 52455.17764371793
247, 52443.03481233881
948, 52440.66601715714
1177, 52389.24643678993
752, 52326.45960009848
1176, 52307.936550459264
1181, 52306.21852855627
1180, 52306.21852855627
1179, 52306.21852855627
1182, 52235.134251501615
1178, 52235.134251501615
234, 52230.865626139035
1083, 52228.33008178298
1051, 51994.921648682976
874, 51709.76419429558
31, 51589.755275900076
623, 51569.47480399653
1121, 51526.511518399406
342, 51513.26694078384
1087, 51332.37155100647
16, 51097.19081759544
1250, 51093.81757655197
726, 51003.55067432666
630, 50991.081461332054
732, 50990.986943393626
657, 50924.35576706776
1175, 50770.14571524282
1163, 50761.656290268795
405, 50713.130648073835
666, 50668.07988458675
763, 50653.03428857229
949, 50635.571155099016
59, 50631.7318954403
1010, 50414.07364929271
457, 50278.84941671573
731, 50263.48371416641
1048, 50180.71677593715
493, 50150.81147955502
1319, 50142.49429408478
857, 50049.85245069533
1309, 50007.26420320328
826, 49917.53355744442
1031, 49784.708015165
1134, 49782.73677879537
744, 49781.3782022654
567, 49754.58935076718
875, 49689.23450648602
334, 49684.53562868279
531, 49578.25735225072
679, 49551.77560079054
877, 49518.04880968256
214, 49512.2166152226
576, 49504.37133684292
14, 49504.35965107955
357, 49433.639022878146
18, 49332.523113676245
560, 49331.72819935634
591, 49265.40781894484
525, 49259.86628314736
1091, 49245.76868607602
1090, 49245.76868607602
1343, 49232.206952858156
232, 49041.50468863357
1161, 49034.283016190944
402, 49015.233335307836
138, 48974.63881294063
1258, 48845.193048710426
245, 48817.79592434801
202, 48739.58692240038
140, 48670.354312670075
1333, 48636.187252109296
188, 48564.82552049378
549, 48526.60423730325
1164, 48519.37670010785
200, 48519.37670010785
1089, 48497.19910679796
849, 48461.53407562789
1238, 48396.53627312706
537, 48395.04671768716
293, 48382.88996980648
844, 48319.86906553882
1231, 48282.36835854904
432, 48279.67605744924
718, 48204.407921888975
275, 48197.20983765894
936, 48067.5530543054
628, 48054.28426353807
538, 47984.77459537702
1165, 47978.3558234975
1143, 47876.34147712702
814, 47864.5923976368
127, 47793.40995335401
453, 47780.18113397283
452, 47780.18113397283
1325, 47769.694388558
989, 47701.107601823285
403, 47701.107601823285
851, 47686.356987979925
570, 47681.44756279831
97, 47580.0762071911
921, 47533.26804420045
1099, 47505.82372261585
58, 47405.22032245455
199, 47351.511673739995
572, 47344.31740158548
182, 47264.34311352255
312, 47155.60237087069
837, 47149.061619604945
1294, 47117.87210455819
1358, 47109.916830424554
474, 47091.19068441747
196, 47078.07388840962
50, 47075.819714078265
997, 47017.03469822242
873, 47017.03469822242
1330, 46995.36906899066
186, 46952.437521520165
36, 46952.437521520165
1378, 46898.47541464763
631, 46883.08255831814
888, 46860.49716467504
226, 46828.56493081036
680, 46748.21518006895
928, 46734.64587771577
1357, 46717.98511689671
800, 46689.4677573014
147, 46623.96424589072
789, 46598.418227210605
639, 46550.30112873433
614, 46452.7082176146
1363, 46440.05228579637
1260, 46430.69615234079
790, 46425.32505511229
215, 46392.580421103594
597, 46381.872380914414
1259, 46346.55981635406
173, 46310.78532600809
651, 46287.937741552
126, 46275.10929293396
1069, 46169.29793856925
381, 46119.268937061555
994, 46094.11143014715
1038, 45912.627761087235
590, 45846.274863965045
541, 45783.710468971345
573, 45773.71495769007
1377, 45735.087701859404
946, 45707.09582054339
181, 45700.75003239776
178, 45564.65586779751
1366, 45541.04742570874
598, 45483.01330622136
1052, 45254.527880387606
977, 45132.86746924647
935, 45132.78499976126
1331, 45128.30222908231
1073, 45083.511873577954
1142, 45047.988158953194
605, 45019.21902287704
300, 45009.53742005368
1402, 44988.20234375108
