740, 99573.9789475541
739, 99465.44906897962
1060, 99309.88516978867
123, 99253.59133717696
1162, 99231.42341031172
829, 99231.42341031172
481, 99210.60387512016
765, 99068.5566172336
515, 99068.5566172336
514, 99068.5566172336
502, 99021.12394232198
828, 98898.8404217789
654, 98781.78015607264
690, 98771.66343974459
141, 98737.80687993162
1080, 98029.6801808203
1314, 97762.66704731784
932, 97631.8461227172
133, 96868.05860980737
274, 94919.76949692081
271, 94919.76949692081
74, 94876.9330710798
1172, 94583.49747999042
1077, 94552.86321715561
1396, 94247.8992116709
6, 94214.34911336836
269, 94024.2299740971
516, 93725.32448587635
1245, 93325.83648730606
1029, 92569.64230484073
661, 92479.1047098725
227, 92033.41932384166
1035, 91771.76198058049
353, 91634.66534260011
362, 90763.94248508067
145, 90186.76482208003
1004, 90132.81383152491
1147, 90061.5001472625
464, 90061.5001472625
1373, 90024.4469808852
1003, 89955.14495440111
369, 89614.20087989488
1074, 89611.17116275245
256, 89147.87452071522
919, 88916.42862133778
503, 88735.9733631276
5, 88684.5290922608
831, 88539.29051586363
1199, 88521.43705082539
1334, 88459.50952144062
19, 87670.4104372749
796, 87328.54975857196
852, 87169.22886314515
142, 87134.63516071717
93, 87029.21360011378
273, 86734.87092920704
1302, 86678.0770661481
920, 86595.90155454814
794, 86429.38420990118
1190, 85831.99221300517
674, 85782.95350390505
1188, 85775.78813962397
139, 85664.74023483937
1404, 85596.96178168031
1228, 85561.63138501202
865, 85561.63138501202
1317, 85337.22900852298
815, 85280.46150361923
830, 84955.05903446572
501, 84751.96565956909
745, 84021.80911188333
1344, 83955.14119868063
45, 83605.31194462029
43, 83568.04133173364
1039, 83108.81640132995
701, 82994.84049092469
1061, 82822.8884371457
700, 82277.4380461085
866, 82042.25226009026
302, 81967.15929546858
673, 81869.55914878992
992, 81856.991223009
860, 81616.11526035218
562, 81586.58427519661
1085, 81545.44907980908
564, 81404.19980012567
451, 81145.92765272575
1234, 81142.79039994431
1086, 81125.6601178705
1399, 80920.93590327832
399, 80194.8012669259
1288, 79760.05310076098
1397, 79659.78943342136
1109, 79581.21183797583
546, 79579.55949854471
1081, 79543.28517772615
1110, 79068.58144173122
1108, 79068.58144173122
607, 78790.13001754387
840, 78565.02420764432
1075, 78501.19987988907
1076, 78241.42994532542
238, 78205.02473919238
1414, 78137.52013626246
134, 78053.54999586179
558, 77866.25971325832
1101, 77788.74293154113
1057, 77689.99187998453
151, 77665.50923865964
401, 77537.38106717356
1395, 77500.14160316238
861, 77447.12424183103
124, 77286.96362670553
149, 77285.69638194483
264, 76110.0768695132
1056, 76074.6429758533
1313, 76002.58342169331
1136, 75970.34295191758
418, 75923.07742643869
471, 75891.37332716036
423, 75735.08074481125
424, 75715.3940690098
922, 75703.356604054
1028, 75474.6747229339
1106, 75238.61698000164
1105, 75238.61698000164
1102, 75238.61515596119
659, 75165.27841191109
1382, 74947.2653382443
409, 74942.66823797904
834, 74925.5615535335
391, 74903.54105952974
1398, 74901.94927349445
1044, 74866.68806118955
155, 74795.71388758806
1400, 74623.71018214693
1088, 74585.79115669853
1232, 74549.03520780393
437, 74458.87924496921
1018, 74394.76442137365
154, 74394.76442137365
270, 74208.5381568214
268, 74208.5381568214
571, 74000.78508647605
709, 73700.62234882536
554, 73608.89844989036
555, 73384.48642100296
309, 73244.39611272448
855, 73215.65120969825
454, 73201.01430959647
1059, 73113.20258113705
856, 73018.82901698835
854, 73018.82901698835
442, 72544.27665765618
868, 72413.72518349091
233, 72348.70143295078
1113, 72348.44189072237
64, 71917.32497164024
645, 71765.0594239282
644, 71765.0594239282
63, 71765.0594239282
250, 71654.42718229366
61, 71463.90315571506
504, 71402.22671306085
500, 71280.46606303132
1323, 71138.46997215618
228, 70919.94593116725
1403, 70889.72676675917
398, 70745.22380379372
545, 70721.56371026172
1002, 70708.32973816457
168, 70654.31112187685
600, 70648.22549550873
835, 70588.7895018921
397, 70573.90690640215
172, 70458.15293646844
556, 70436.39848397345
759, 70356.90087021231
1401, 70346.1249525028
26, 70309.137741767
366, 70254.88705582578
444, 70241.71109315363
434, 70171.78920138413
390, 70122.0716672364
72, 69934.24605129595
1058, 69927.37497328778
699, 69828.51287152902
553, 69801.28089764755
419, 69652.3947113219
417, 69470.44657189654
167, 69469.8874840883
267, 69453.00361739511
194, 69040.35628805128
619, 69038.95045723107
905, 69035.55698291435
899, 69035.55698291435
749, 68858.9369251076
192, 68849.63066616701
191, 68849.63066616701
1027, 68833.40975515482
410, 68778.65098680338
1264, 68687.55566826466
1263, 68687.55566826466
460, 68624.371418843
209, 68534.26135003642
249, 68279.47579391694
993, 68266.28816903576
187, 68029.67979229918
1043, 68027.29092229046
330, 68006.88411955899
180, 67775.0594870017
604, 67719.1741731202
42, 67197.27228416356
620, 67004.48033971382
647, 66972.87241713828
903, 66968.67520319039
1170, 66936.87581211966
1410, 66853.07464353622
122, 66758.99626881974
1300, 66757.02863652301
574, 66713.70941947059
305, 66676.07546368924
1173, 66642.51027311233
1015, 66556.20280304785
704, 66532.63348399411
702, 66532.63348399411
594, 66300.58035308302
782, 66105.79529213505
968, 66037.14761777176
216, 65962.72504801495
161, 65935.29287593505
160, 65930.50813877933
159, 65923.5262769236
210, 65585.02444612522
146, 65585.02444612522
1016, 65536.88654257811
1409, 65477.902486839135
1065, 65477.902486839135
85, 65477.902486839135
1408, 65457.71590971713
1407, 65449.62818938714
601, 65447.09922488345
1152, 65412.233180863936
86, 65376.49935890051
1240, 65257.875358107034
441, 64813.23000606863
1017, 64747.16020442316
88, 64659.93093608493
170, 64579.19210225887
53, 64579.19210225887
218, 64566.43637798004
158, 64373.247245108
157, 64373.247245108
783, 64346.74633280938
802, 64272.345866595424
801, 64272.345866595424
346, 64252.06540399603
1067, 64112.327974532665
169, 64084.81903948128
970, 63850.430400139914
285, 63544.90354578407
1036, 63448.64850146381
518, 63055.43626535626
696, 62928.564985839155
705, 62800.78379428296
703, 62800.78379428296
459, 62726.77185917576
304, 62633.293237681864
1191, 62560.7247943471
908, 62493.493057013075
1189, 62228.39503439207
565, 61951.179559167824
762, 61690.78938975734
772, 61582.06821933546
775, 61534.26712416748
1066, 61526.87370199199
575, 61405.67984156845
421, 61297.56885243156
427, 61222.33460695968
1262, 61132.90095717671
776, 61082.16360352054
1287, 60906.46956278951
420, 60665.04854158814
969, 60631.48653576351
415, 60514.374894700166
1155, 60435.12555715064
972, 60189.642603434986
967, 60189.642603434986
361, 60180.06130484435
915, 60032.84147948577
1346, 59996.04940979092
853, 59983.00221421576
512, 59926.16619637763
108, 59826.4706064225
643, 59676.60989928076
177, 59655.576449447864
1413, 59468.93386682564
1255, 59394.70216200974
1348, 59382.087301379426
613, 59288.074590342265
583, 59148.0207874696
272, 59124.572390307905
1362, 58691.23781064313
1285, 58559.87769677167
1193, 58540.27582701974
156, 58493.845616704995
222, 58443.400959618164
217, 58438.88633269181
1149, 58410.17790256544
1286, 58340.885437506244
698, 58318.61206497143
544, 58201.86717988971
367, 58010.41065593553
461, 57914.36872925523
1236, 57451.656726377885
135, 57394.570384980725
116, 57386.14753234834
347, 57336.40870935588
858, 57236.07350935832
612, 57081.89212664982
102, 57008.15359390492
136, 57006.77885616243
1379, 56965.760807640174
1419, 56938.9652516873
1290, 56906.2391452425
827, 56848.73818464574
1040, 56636.23419834183
65, 56614.07398327283
62, 56614.07398327283
112, 56537.20207411547
137, 56530.77860207361
4, 56447.08539863994
1299, 56407.50750527167
1084, 56333.742817139166
1082, 56333.742817139166
971, 56121.22501077597
750, 56045.45687434506
846, 56024.49848056444
517, 56023.164815230644
751, 55965.62195355315
1342, 55905.223564379005
15, 55776.56610640747
363, 55682.39078734831
540, 55651.45365659137
1020, 55647.257337484276
1318, 55584.3707171831
364, 55577.751938384914
845, 55540.16430418881
799, 55530.68042993322
798, 55530.68042993322
1204, 55521.08419963392
633, 55385.225692115426
239, 55276.32622231008
21, 55276.32622231008
692, 55243.788946793306
495, 55235.505361041614
609, 55235.16447268001
1201, 55173.433731199875
433, 55150.56946591963
204, 55144.08929641734
488, 55018.25623228349
509, 54984.37747741599
930, 54879.43888994341
350, 54792.26517580842
425, 54772.991141914914
348, 54768.533573168046
277, 54727.74413896335
1274, 54707.549534206
252, 54621.94539799553
416, 54535.110875857376
3, 54452.300127890994
2, 54452.300127890994
396, 54362.401790912205
44, 54362.401790912205
1200, 54292.84915318965
291, 54254.028272125295
754, 54187.64091909767
1169, 54117.76447018212
1148, 54098.2484161307
1308, 54063.12334501613
712, 53964.258842890136
1144, 53945.230032758096
1246, 53635.56754778859
811, 53627.11015339988
411, 53361.405689826555
885, 53343.145723747664
426, 53320.98238037102
414, 53320.98238037102
1100, 53290.08082564249
1224, 53289.395055549314
352, 53271.15122899877
479, 53260.42910733926
867, 53173.762066972005
422, 53167.81902957283
413, 53167.81902957283
219, 53148.13999606846
781, 53138.09067438177
955, 53117.43274624825
153, 53111.489655116915
412, 52927.27744206055
984, 52807.88107514506
480, 52791.91160253918
231, 52758.70517098994
1117, 52606.86809919092
30, 52524.535679127934
636, 52521.84074705402
428, 52430.33608770768
220, 52344.020092430124
354, 52320.894760699855
299, 52246.562133458494
987, 52230.699325632726
985, 52230.699325632726
986, 52120.886812394165
107, 52100.29641862452
584, 52014.322234606916
380, 51959.0960754268
382, 51932.52012286853
978, 51887.98259401942
1103, 51824.86028097645
470, 51750.97960769664
279, 51704.78904464317
179, 51598.944359132336
1312, 51565.475796068975
812, 51548.78486218674
450, 51480.243569050384
449, 51480.243569050384
278, 51442.92767544891
41, 51396.513424693956
189, 51341.391740237064
478, 51276.50161331043
813, 51221.06791718252
435, 51219.103421175685
771, 51198.07288340743
961, 51066.93186449289
221, 51001.77621496411
176, 50970.726130734925
46, 50935.04422665281
106, 50879.69662879487
1111, 50868.764005741854
622, 50861.29598122122
621, 50861.29598122122
513, 50838.47707893815
11, 50823.00858470956
473, 50812.057935060715
1192, 50800.28414281058
20, 50790.7150608978
581, 50714.28480062874
246, 50490.53688877113
242, 50480.30940250891
662, 50441.0505692173
663, 50336.56895168406
1013, 50026.1492630839
358, 50004.31304597087
1012, 50001.4954099106
618, 49985.9922430707
1137, 49812.88281811847
56, 49568.72478312659
1310, 49559.10997213137
795, 49447.031838438204
251, 49285.54880896872
55, 49081.069658907516
557, 49079.33994972268
697, 48979.75934345976
780, 48939.526414547945
695, 48864.192529973974
534, 48782.66152681819
836, 48769.44128648823
791, 48633.49089463853
39, 48624.553904055254
29, 48498.03525301476
1217, 48324.018238333825
1216, 48324.018238333825
656, 48282.092455385675
694, 48176.91058925324
691, 48163.51483831193
40, 48107.39728224372
131, 48028.06428032051
536, 47973.94092559893
535, 47973.94092559893
606, 47890.14811453077
1381, 47854.597065863694
395, 47734.72730898145
847, 47598.17936260562
1112, 47195.91351639612
1306, 47086.65363889078
596, 47054.53604537177
706, 47027.31721504569
1280, 47011.743956272825
693, 46992.0642424879
605, 46971.42589824548
977, 46848.3421847031
1052, 46717.97372339479
598, 46476.944996451835
178, 46392.00348194922
381, 45830.85131655731
173, 45643.2758156251
597, 45574.43307031665
215, 45564.09933695112
790, 45532.557898414765
1363, 45518.40053182358
