1118, 100000.0
595, 100000.0
34, 99877.74415109877
1296, 99876.51608723657
626, 99736.59499732198
1392, 99475.24966714741
917, 99449.59501225244
339, 99420.18156244622
1268, 99276.20648055439
933, 99075.27354033096
92, 98953.29586914396
1251, 98692.70097144909
1269, 98665.22419727177
163, 98330.33913738473
91, 97931.390329986
1211, 97866.019108524
1297, 97834.37892953494
953, 97194.22419881985
297, 97194.22419881985
1352, 97151.61626149368
524, 97092.7266731526
913, 96723.2264087147
443, 96060.78375334424
881, 95860.0029368158
33, 95445.79909194286
284, 95441.04056442775
895, 95319.21885389913
351, 95257.54196938478
1242, 95088.13808652612
1241, 95088.13808652612
688, 95010.08309481414
117, 94881.91296192877
686, 94750.2759385392
1336, 94281.85947373223
951, 94220.74916469933
1230, 93883.59008309738
882, 93800.94615899023
389, 93558.72241232428
687, 93552.7312508096
1007, 92966.70164894153
973, 92957.3078633247
383, 92942.65303355866
804, 92860.09647244548
387, 92801.73046130696
785, 92790.10797348148
1364, 92622.62724030063
784, 92562.77625797891
1394, 92496.84280865354
1128, 92388.68352950572
1158, 91952.5634577972
162, 91946.79611556196
32, 91830.03850992561
388, 91825.219209684
625, 91739.94471665425
805, 91620.1080988327
918, 91608.45337763584
1351, 91392.92339630151
550, 91387.80190714882
910, 91233.07769177196
608, 91215.9173648956
912, 90472.51160867646
1265, 90395.0047469497
1126, 90309.87712822943
283, 90183.8032475034
316, 90112.57176604835
965, 90040.16957411157
1267, 90032.1103529388
964, 90021.34065051794
963, 90021.34065051794
962, 89964.86176573166
1141, 89822.29982313912
1138, 89822.29982313912
774, 89734.44205342518
773, 89734.44205342518
1093, 89667.90220108697
510, 89667.90220108697
521, 89653.90072978212
660, 89600.70547430457
96, 89503.14589227011
1140, 89431.14974024845
954, 89335.75358982795
1139, 89236.59211174397
1146, 89167.10288765827
1130, 89094.10408785183
914, 89004.74713393643
1338, 88931.58303813089
1337, 88931.58303813089
1218, 88834.76247234285
1219, 88791.30221614987
821, 88731.37824126198
1380, 88727.66835545836
658, 88588.4062659772
646, 88290.29260049078
1311, 88027.2152292869
400, 87954.62975028364
1298, 87760.75231919331
505, 87720.98851957008
1393, 87668.14790090975
511, 87628.00335942025
879, 87577.54352146455
878, 87577.54352146455
77, 87571.509175682
1196, 87512.41964526029
1197, 87390.5289578272
23, 87323.28005342043
308, 87220.53452371394
1386, 87030.99730626009
24, 86925.40956019014
1387, 86876.98069110424
586, 86813.2444839776
25, 86373.87322506808
1195, 86138.60897461418
1391, 86131.98883527763
1198, 86127.27175469982
1374, 86099.14984751707
333, 85652.22263424617
684, 85606.02686905192
1116, 85406.13440570644
1340, 85386.25035115765
321, 85223.61347939096
84, 85211.9615898551
1266, 85028.97141052313
282, 84940.59517840434
1092, 84794.96188580128
766, 84764.90796561849
1096, 84703.65698851716
685, 84680.96133755472
975, 84644.14370329445
506, 84621.81781268095
976, 84582.87371365307
635, 84580.622237566
634, 84580.622237566
1186, 84463.50631456892
682, 84254.00429533597
599, 84253.68569796509
725, 84089.53704429741
883, 84058.5743187978
587, 83829.61159097478
683, 83769.70938210873
1341, 83458.65588477487
1006, 83391.17008378675
995, 83218.75199204785
758, 83211.83701362212
681, 83169.78851340713
198, 83130.25967899854
1097, 83012.33233795859
818, 82799.43394477501
747, 82616.76896626654
669, 82490.87008948918
327, 82400.40584327077
746, 82302.718729741
529, 82238.95471076373
990, 82079.03304599038
896, 82045.3925823336
508, 81906.34269167803
842, 81788.67306385042
887, 81592.71840945336
507, 81521.31992811583
724, 81369.04258431387
880, 81365.90036393162
372, 81227.36829365524
707, 81201.95448985256
966, 81181.746720574
1372, 81013.83495903738
675, 81004.80695177068
806, 80940.32420812141
957, 80502.39476361567
841, 80419.42381377485
1210, 80370.25769057033
1127, 80329.172253367
1129, 80252.86582805286
548, 80041.00611542244
547, 80017.21948449296
404, 80008.42373846124
340, 79518.29721408206
522, 79381.68633543926
229, 79264.89120055085
230, 79233.25001284566
1237, 79150.56919647646
1024, 79150.56501557044
1023, 79150.56501557044
280, 78659.58929747384
111, 78654.49964321856
143, 78645.91086402789
839, 78592.9296059268
175, 78312.39863909861
1054, 78251.51028572296
523, 77916.23028290813
1022, 77898.55659398787
991, 77845.53846082508
1098, 77809.03666909075
431, 77765.20578911767
1064, 77737.38864789797
344, 77297.25839912817
664, 77225.90393296527
1049, 77136.93738163171
1156, 76999.80386766781
1345, 76902.30079649581
1050, 76659.91335359092
624, 76501.53801216326
1021, 76467.88462660756
764, 76388.9895638421
1365, 76074.54400428812
373, 76065.71386204174
1151, 75961.61264558707
130, 75481.52856444176
1361, 75071.98514474434
755, 75010.86852518779
1275, 74884.33676345351
1154, 74601.10687639311
66, 74576.72356271738
559, 74519.89708956199
296, 74481.51831107307
265, 74453.42649100197
440, 74423.17170842795
1229, 74363.30921174244
377, 74305.03958573603
303, 74172.42697138552
336, 74114.70141214896
996, 73969.32999432247
1243, 73835.59028688888
911, 73587.84751143593
551, 73444.08721072799
738, 73254.57853029975
292, 73252.01924291557
1167, 73173.73365800492
950, 73100.71045151642
1042, 72852.91350729878
1203, 72849.13705133914
578, 72807.57005902515
1041, 72612.06879538142
767, 72503.8271621679
1055, 72462.33344958145
952, 72198.0345412057
1220, 71751.25090191067
378, 71544.2501922338
1202, 71166.58978408351
1320, 71019.32054270277
1233, 71012.46233521593
941, 70920.59957661778
35, 70914.29527897867
959, 70878.62974918025
1215, 70868.09275037948
893, 70789.77400715169
301, 70490.41293105108
722, 70406.75040071906
760, 70388.26567028507
627, 70060.78844578551
721, 70009.47540332779
261, 69924.24469949621
542, 69829.85880176342
539, 69829.85880176342
1420, 69735.41048528357
823, 69600.69236760195
1339, 69337.11827840924
201, 69150.01495924238
532, 69060.89060521848
1295, 68939.37361784997
982, 68785.53187106074
924, 68783.32570964786
916, 68602.58147525678
838, 68546.50275606601
822, 68475.30677574601
1107, 68389.60735538322
263, 68237.2867375797
1070, 68167.82081360483
1071, 68167.82023019069
128, 68065.42903469429
439, 68005.73015738287
8, 67771.23411731377
115, 67659.50020175421
943, 67496.99874156348
1194, 67254.4083147793
262, 67254.33755046385
906, 67210.28170402779
937, 67191.08438614164
121, 67146.55237631663
1072, 67104.74976719683
436, 66952.14067382533
735, 66938.33116393664
803, 66791.94166414355
1349, 66749.93554823782
1293, 66749.22402755168
1292, 66729.2207402231
944, 66400.5151697967
1332, 66362.64229940942
708, 66345.4739814809
1213, 66337.7749322752
848, 66143.15045184318
945, 66046.72727543207
1114, 65494.968982296356
298, 65326.41888377606
76, 65225.80726495639
462, 65036.80454723467
1291, 65005.11878651838
144, 64922.852271951524
499, 64912.568037612196
87, 64794.578524331926
974, 64566.394063585576
629, 64445.434266083845
1104, 64390.32913275211
1375, 64198.8555608726
52, 63993.4041090708
533, 63664.467657679226
678, 63547.152842400246
1252, 63330.93519187437
1068, 63300.91626504303
407, 63203.91417388241
324, 63190.76230913573
810, 63122.57883013018
1276, 63003.639118922685
294, 62972.884092962115
615, 62832.717715533516
406, 62820.21390420484
394, 62813.47538624296
243, 62444.387873287524
650, 62394.199696912874
329, 62380.34198831335
1212, 62074.166601661585
1355, 62028.902780846096
392, 62028.12013368223
1359, 62015.175824145976
171, 61849.5127659849
341, 61727.8484695673
1261, 61621.28496325498
60, 61597.44593782167
843, 61488.019104777966
95, 61234.60095831639
355, 61201.66832188991
1208, 61031.191158180656
603, 61008.568412021
79, 60976.48345002442
1209, 60922.30708553341
1239, 60916.373406264014
1206, 60741.98576765297
323, 60629.60300576333
859, 60575.17370372049
376, 60529.99885414077
716, 60483.92864971125
925, 60414.71972713078
1047, 60357.609298611605
317, 60300.32965816475
736, 60267.92646913729
884, 60261.900296387525
447, 60219.04301967536
319, 60164.783883257645
1131, 60134.47200715263
610, 60069.15410597836
988, 60054.515579583276
100, 60019.01405010197
1257, 60003.146397642806
714, 59967.47021406087
129, 59967.30075156845
101, 59897.126114460974
543, 59895.301853988145
472, 59868.981518904264
979, 59722.448858706135
561, 59657.24602543326
1353, 59619.19784657684
1289, 59536.421754172996
82, 59536.421754172996
779, 59503.93577193059
723, 59422.9203087685
737, 59357.05111793609
1207, 59349.58101929727
671, 59206.772673464
75, 59175.05725515568
1205, 59098.08427343143
1095, 58979.29595690323
1014, 58869.682477783215
907, 58756.75906950536
197, 58752.5910760246
1385, 58749.35772765101
1254, 58711.61128822773
318, 58534.625161747914
385, 58365.21091810545
998, 58109.77503127848
1244, 58010.315113321885
715, 58001.53063337452
616, 58000.98757235128
677, 57995.312921269695
57, 57810.035099649125
797, 57806.909531866935
1327, 57798.51431103682
894, 57780.71381281041
1153, 57621.28625495506
1226, 57580.590251248555
489, 57557.93113858737
1045, 57417.05495715625
649, 57211.60811006519
585, 57153.8748322694
1053, 57148.426733227745
1033, 57128.86266261036
1335, 57098.29888262072
926, 56973.82063314419
375, 56728.95610145276
118, 56679.77704452317
652, 56619.964193159874
49, 56521.420313756265
9, 56504.8686742326
931, 56347.37016821445
648, 56343.12632894695
593, 56179.724171187605
393, 56176.62343228489
602, 56005.25361966291
448, 55749.954749840304
1402, 55657.26948825297
300, 55624.64977065209
1142, 55566.035759333
1073, 55512.08194376347
1331, 55444.32366255141
935, 55437.55868155278
1366, 54833.754187199556
181, 54604.00281003475
946, 54594.946411241166
1377, 54555.06353652677
573, 54500.202834168966
541, 54486.03963941835
590, 54397.695457738904
1038, 54304.575962234856
994, 54052.85751826967
1069, 53949.83078159537
126, 53806.0658786819
651, 53788.73257269022
1259, 53709.78830477191
1260, 53597.23539519342
614, 53567.9337610233
639, 53438.7387231284
789, 53375.46787508781
147, 53341.990317588476
1357, 53219.45237430224
928, 53197.84827139456
680, 53180.2772020732
888, 53035.714195395
631, 53006.81373677657
997, 52836.61944720324
873, 52836.61944720324
50, 52762.57806045007
196, 52759.74667085204
1358, 52719.81120910452
1294, 52709.852047335335
837, 52670.874704647016
312, 52662.714612630654
182, 52527.75077516027
572, 52429.32429324293
199, 52420.50445516997
672, 52392.14593187474
58, 52354.83820361461
1099, 52232.67547329489
97, 52143.20515158471
851, 52016.15609755974
989, 51998.61658459806
403, 51998.61658459806
1325, 51917.358999343676
453, 51904.977818359235
452, 51904.977818359235
127, 51889.37537085294
1143, 51791.97254287961
1165, 51673.11628849719
628, 51585.3317793676
936, 51570.05010293524
718, 51413.44865585763
1231, 51325.058249221365
844, 51282.74991780626
293, 51211.95375395735
1238, 51196.6738007277
849, 51124.137571250474
1089, 51084.50575427631
1164, 51059.92179170571
200, 51059.92179170571
549, 51051.91999624468
188, 51009.6854090102
1333, 50931.19428824324
202, 50818.297455293425
245, 50733.55283858281
1258, 50703.99705644982
138, 50565.26103949745
402, 50522.05957990953
1161, 50501.83660606545
232, 50494.17847749882
1091, 50279.449358213016
1090, 50279.449358213016
591, 50258.9935988535
357, 50085.10773031381
214, 50004.702698551206
679, 49964.41752549442
875, 49825.43401598653
567, 49759.89304661024
744, 49733.127307517956
1134, 49731.771437298165
1309, 49509.70557356869
1319, 49377.86261472318
493, 49369.799810010045
1048, 49340.85296038942
731, 49261.094244897
457, 49246.34422669082
59, 48912.44504779283
763, 48892.58124087404
666, 48878.571472518815
405, 48836.71985200518
