602, 99921.75144528493
393, 99380.85678244934
448, 99266.07080722314
1402, 98972.60325489652
300, 98869.50095654116
648, 98864.00483611107
931, 98850.94122203017
1142, 98684.47361404108
1073, 98514.42469021132
9, 98369.9246216675
49, 98319.80065750914
1331, 98301.22991735299
935, 98279.96668199489
652, 98023.03330305545
118, 97844.27741722169
375, 97698.07024183306
926, 96980.25109808525
1335, 96621.69845329803
1033, 96534.30384231675
1053, 96478.49390318047
585, 96462.97052697722
1366, 96398.14724016865
649, 96298.95740421307
1045, 95722.44351550183
181, 95690.32795362613
946, 95662.51875536659
1377, 95540.13420326312
573, 95372.00817511514
489, 95333.44267833151
541, 95328.64488629487
1226, 95271.34588297698
1153, 95160.14452354467
590, 95058.54351803989
1038, 94774.55120916147
894, 94728.49301451317
1327, 94680.6878724514
797, 94658.16855622883
57, 94649.78894858656
677, 94157.2949644599
616, 94142.34122372839
715, 94140.91056127382
1244, 94117.77812164814
994, 94010.49025296868
998, 93857.1431580175
1069, 93699.28009016244
126, 93266.47400127359
651, 93214.40641439299
385, 93198.34226766056
1259, 92977.57619960283
1260, 92640.79998275447
614, 92553.2938010818
1254, 92328.49256127611
197, 92227.3313388783
907, 92217.06269480153
639, 92168.29606366018
789, 91980.24236934078
1014, 91940.27197788416
147, 91880.87071838154
1095, 91674.18383567565
1357, 91517.90788637928
928, 91454.0402638967
680, 91402.12289102278
1205, 91388.66148581286
75, 91205.20285387886
671, 91129.96417145221
888, 90975.9156029845
631, 90890.90922796592
1207, 90793.699336006
737, 90776.22244491716
723, 90622.59647859208
779, 90434.82033433825
997, 90391.64894476593
873, 90391.64894476593
1289, 90359.8863306861
82, 90359.8863306861
50, 90175.16347085524
1353, 90169.87774734134
196, 90166.8934811597
561, 90082.9839474764
1358, 90050.31604203884
1294, 90021.26327593447
979, 89934.71991449267
837, 89907.63365185338
312, 89883.85979933274
472, 89604.46295034447
543, 89545.56902144536
101, 89541.49187293027
182, 89491.40610927725
714, 89384.74687072886
1257, 89305.60054689682
100, 89270.47392916972
572, 89206.09102171437
988, 89192.05037388047
199, 89180.56107755926
610, 89159.78064513454
1131, 89016.26621589054
58, 88990.67247549292
319, 88949.92828368871
447, 88831.59423457502
884, 88738.49900360937
736, 88725.43510740524
317, 88655.30013017156
1099, 88638.29711802908
1047, 88531.77581714265
925, 88409.19084980691
97, 88380.95013919067
716, 88261.39999584485
376, 88163.48053349965
859, 88067.81899759943
851, 88016.56676956444
989, 87966.35927766286
403, 87966.35927766286
323, 87953.02441539888
1325, 87734.0618583491
1206, 87717.59350758018
453, 87698.71084105088
452, 87698.71084105088
127, 87654.17895255654
1143, 87376.59241393197
1239, 87356.45451781465
1209, 87344.25498975039
79, 87233.13633521748
603, 87167.55433345356
1208, 87121.41382056504
1165, 87038.83638148179
628, 86790.05947360926
355, 86776.36743316457
936, 86746.81100614653
95, 86710.24661267205
718, 86304.62087187557
843, 86207.13545181257
1231, 86055.84208101712
60, 85992.95653477902
1261, 85946.53854668397
844, 85936.96844973415
341, 85740.09137180567
293, 85738.34879596687
1238, 85695.52923455443
171, 85506.46137545111
849, 85492.49307843993
1089, 85381.72319713124
1164, 85313.0696423941
200, 85313.0696423941
549, 85290.73327021586
1359, 85191.83991409781
188, 85172.9165588224
392, 85167.42451638026
1355, 85165.94907213739
1212, 85080.76790119709
1333, 84954.30609732568
202, 84640.65831768632
329, 84512.22588223898
650, 84486.80398980458
245, 84405.83121719853
243, 84394.9561053416
1258, 84324.05464257923
138, 83941.03541626825
402, 83822.04890966901
1161, 83766.39638050269
232, 83745.3292882508
394, 83730.01865132478
406, 83718.04814724995
615, 83695.85186775665
294, 83448.43656414068
1276, 83394.49140885462
810, 83187.01466928993
1091, 83156.32965271888
1090, 83156.32965271888
591, 83100.39129829142
324, 83068.89158351833
407, 83046.17474906411
1068, 82879.29915351933
1252, 82827.89573965981
357, 82626.08148023862
678, 82460.94810091643
214, 82407.4827820047
679, 82298.12991587695
875, 81921.73783457065
567, 81744.71016723818
52, 81721.45763373468
744, 81672.50146356397
1134, 81668.84492048559
1375, 81388.83816263638
1104, 81083.16560379867
1309, 81071.6952482024
629, 80995.95419943781
974, 80805.69412796275
1319, 80718.77374499841
493, 80697.22977827089
1048, 80619.92002715908
87, 80451.11359422083
731, 80407.20177535276
457, 80367.91086122759
499, 80269.95413135558
1291, 80128.8805536103
462, 80080.78833614198
76, 79796.08058473212
59, 79482.43681910906
763, 79429.99764185265
1114, 79396.89855207683
666, 79393.028752491
405, 79282.66971009513
1163, 79164.35927460255
657, 78771.87189579458
732, 78612.97189488748
630, 78612.74724107773
945, 78600.88474842011
726, 78583.12849301244
848, 78464.7567928059
1250, 78369.8054071111
1213, 78192.61698716808
1332, 78158.09586101655
944, 78105.62847778053
1087, 77815.12888485666
1292, 77655.66729561923
1293, 77628.59444558964
1349, 77627.63210562745
803, 77570.89688360237
342, 77403.08885558501
735, 77374.37679367825
436, 77355.93387230491
31, 77231.03563856435
1072, 77153.20747486658
121, 77098.02214642016
937, 77039.39577271062
906, 77014.17393540563
874, 76963.63961016771
262, 76956.40917301513
1194, 76956.31651941015
943, 76641.12495704103
115, 76432.68307005765
8, 76290.59391237471
439, 75995.60608863394
234, 75837.50036646466
1182, 75828.50301689692
1178, 75828.50301689692
1071, 75794.20769469309
1070, 75794.20697343585
263, 75708.51278221062
1181, 75679.20070568722
1180, 75679.20070568722
1179, 75679.20070568722
1107, 75521.89011252653
1177, 75506.06485926041
822, 75417.6584457541
948, 75399.5111568648
247, 75394.61471781535
838, 75331.48256222048
916, 75263.86875689703
924, 75047.515378687
982, 75044.88925937322
1005, 74983.96204344602
1295, 74862.62733328126
201, 74615.80758284754
1339, 74399.17569067822
823, 74098.08420826725
207, 74076.39598398378
287, 74031.69134028337
386, 74025.00916719268
1420, 73946.00117793144
203, 73856.9289590971
542, 73840.09856959661
539, 73840.09856959661
787, 73826.3067178293
261, 73734.85313873811
721, 73640.31654856175
788, 73603.57767919819
627, 73583.62833551843
1214, 73535.96068797923
132, 73361.60368095343
328, 73358.75481599578
760, 73225.81934033179
722, 73205.8249375918
371, 73165.3453580523
1000, 73136.9341468429
301, 73115.59673447517
566, 73096.18457342403
863, 72971.88698135345
893, 72796.2856461031
1215, 72713.64958607912
959, 72702.55996980153
35, 72665.07346100066
941, 72658.45522276871
1233, 72562.28743239469
1416, 72475.10733846118
1354, 72467.59991906815
1322, 72109.48498538566
378, 72015.31562609403
1220, 71806.79068540246
952, 71364.8213791602
938, 71207.89260936133
1055, 71108.45380272233
767, 71068.54141727094
206, 70801.52944860072
638, 70785.59564676353
225, 70785.59564676353
578, 70779.10635580207
482, 70543.84994854925
950, 70504.25496867966
292, 70364.07393193213
738, 70361.7126270824
911, 70056.96401620662
996, 69714.67549202383
733, 69684.31371643225
336, 69586.03748741525
377, 69419.08064252291
440, 69316.28949178198
265, 69290.06497783875
296, 69265.752109953
559, 69232.59325431613
66, 69183.61661087164
1154, 69162.64561696988
1124, 68939.47606299394
1275, 68920.97390223558
755, 68814.13892574792
1303, 68512.31438184668
588, 68445.1156288141
1305, 68252.44967241904
1151, 68032.97457088502
337, 68018.15831954214
1367, 67997.53691861095
314, 67954.53864078996
1249, 67834.25916683537
1021, 67631.93987793685
624, 67605.63633388821
1050, 67482.43292899894
1156, 67221.22985315706
1049, 67117.06265343697
520, 67103.30267239726
632, 67100.5541793602
664, 67049.85292588043
344, 66996.15694363702
1064, 66668.99635002812
431, 66648.55018575539
1098, 66616.38866191074
1022, 66550.91067055498
1150, 66542.83730654977
174, 66460.24773688227
942, 66353.89399534368
1054, 66295.44456951047
175, 66251.80380307559
839, 66052.34520894816
280, 66005.33464871555
1024, 65663.54595748147
1023, 65663.54595748147
1237, 65663.54308001026
1185, 65639.51078209939
522, 65505.324055732664
340, 65412.59072857613
7, 65332.45402583244
547, 65078.7931338178
548, 65063.0673984251
1129, 64923.74741840201
1324, 64902.370481560145
980, 64882.359174972684
1127, 64873.89332662047
1284, 64762.28179450627
1360, 64744.12406882428
806, 64480.6959133639
1372, 64434.11882479865
0, 64341.42553759858
966, 64328.29548274106
707, 64315.61277582677
458, 64251.280922104896
668, 64224.97075082761
880, 64213.134489077325
490, 64208.36316116061
887, 64072.56865570624
1145, 63909.138303771426
1115, 63850.309254955886
896, 63796.16307250927
990, 63775.83827258054
746, 63641.441771630125
327, 63583.15421864913
1025, 63565.67658605461
669, 63529.394310632
747, 63454.92320486203
1, 63391.8810076699
1097, 63223.530684950005
734, 63219.21514269427
198, 63155.29661482128
758, 63108.29405787134
995, 63104.31729189686
119, 62866.57625961821
208, 62786.7983108334
587, 62757.5423158474
883, 62629.83008890276
778, 62567.76297021257
599, 62521.95393696549
753, 62328.88805456581
1096, 62276.45469288495
766, 62243.38639364566
71, 62185.932412595655
282, 62148.994200745066
1340, 61912.56093411486
1116, 61902.11103335032
213, 61873.5835109112
148, 61781.49565023635
1411, 61762.31308983074
892, 61754.84825144774
1350, 61679.65991592353
665, 61627.71656402488
1125, 61550.754177822084
1374, 61543.073686855634
1198, 61528.713429149575
1195, 61522.92870223386
586, 61183.33820823362
1387, 61151.71999278498
120, 61145.11102994796
1386, 61075.64085103296
1197, 60899.814967999344
1196, 60840.76127267255
592, 60790.780597911486
511, 60785.020210158116
1368, 60724.86266039962
1298, 60721.30757712465
109, 60674.7269778377
1311, 60594.39839095248
70, 60432.53647993291
658, 60331.315776460004
1301, 60326.891101434434
1380, 60266.89609527877
821, 60265.18462421319
1329, 60240.039095463784
667, 60111.798128140304
1130, 60099.001828466906
1146, 60065.83095963145
96, 59914.29703885821
660, 59870.659051851224
1093, 59840.69432363905
510, 59840.69432363905
774, 59811.09620936482
773, 59811.09620936482
496, 59777.881850740014
316, 59644.27671825734
311, 59480.466008919066
676, 59407.47645433687
1405, 59358.86207208426
910, 59163.32904603599
326, 59161.66808333308
1351, 59096.30216900924
486, 58924.419249489125
32, 58914.966004719994
1158, 58864.64421555753
1128, 58687.29793165543
728, 58646.27835984567
1321, 58639.68476724918
784, 58617.26615328906
729, 58597.64587553366
370, 58500.73489182521
383, 58465.937980963456
1007, 58456.425741663195
958, 58372.46174421136
1388, 58212.15201350804
741, 58120.80832951743
983, 58047.88152537859
241, 57972.26939238478
951, 57971.26566526836
117, 57723.78194278607
1242, 57647.71977301972
1241, 57647.71977301972
757, 57632.81057970112
351, 57585.63373729923
670, 57454.80668841097
881, 57367.67538863361
582, 57127.658806582236
211, 56968.324762546006
212, 56937.669836553905
953, 56900.229620113896
297, 56900.229620113896
497, 56716.18761780174
1297, 56683.09922824263
1211, 56672.483706344625
91, 56650.58545655194
163, 56517.93815296908
315, 56473.84046574374
1269, 56407.89315221847
1251, 56398.91623458621
286, 56367.82397806049
92, 56314.16636712027
933, 56274.737351950665
917, 56154.683554487325
626, 56063.58925499909
1118, 55980.70181648065
595, 55980.70181648065
51, 55980.60706425344
34, 55942.36817235142
1296, 55941.98290026443
1392, 55815.87277096899
339, 55798.53109664318
1268, 55753.15158719124
1171, 55749.91664534938
1079, 55691.26652396576
193, 55691.26652396576
756, 55661.050553663095
904, 55577.42942270918
902, 55577.42942270918
901, 55577.42942270918
900, 55577.42942270918
1034, 55137.316566475005
