1099, 99816.59742672453
58, 99737.70499078679
199, 99500.25739140337
97, 99490.36824722301
572, 99468.49633695986
182, 99116.1426326386
851, 99028.86125986649
989, 98965.30881624018
403, 98965.30881624018
1325, 98671.38570090829
312, 98639.14189696085
453, 98626.67349641846
452, 98626.67349641846
837, 98610.52689051148
127, 98570.3556568333
1294, 98474.19557650846
1358, 98439.45405924064
196, 98300.52049538573
50, 98290.6930839697
1143, 98219.46278200291
997, 98034.77200737475
873, 98034.77200737475
1165, 97792.88351790783
628, 97478.94466009935
631, 97454.19618136891
936, 97424.39076857633
888, 97356.6588613671
680, 96873.25766649836
718, 96866.99329001039
928, 96815.00710512964
1357, 96743.53502801667
1231, 96553.7053266714
844, 96404.08536985975
147, 96341.22109976085
789, 96232.20881192
293, 96154.20577133264
1238, 96100.35372568227
639, 96027.22451525106
849, 95845.09411059275
1089, 95705.89470888204
1164, 95619.64287261259
200, 95619.64287261259
614, 95612.84777500058
549, 95591.58453099616
1260, 95519.63971102292
188, 95443.61575776074
1333, 95169.1884817002
1259, 95164.23161399674
651, 94917.40303520586
126, 94863.47634862884
202, 94775.75491826877
245, 94481.42093989904
1069, 94419.87383231499
1258, 94378.96748192969
994, 94105.95186542197
138, 93899.41858463935
402, 93750.55041487311
1161, 93680.9387755444
232, 93654.59036190879
1038, 93352.59037114718
590, 93078.68515721694
1091, 92918.56852681421
1090, 92918.56852681421
591, 92848.73084940026
541, 92821.16604378194
573, 92780.09084445884
1377, 92621.5303743314
946, 92506.79837881123
181, 92480.80852227318
357, 92257.0095075263
214, 91984.56497441661
679, 91848.33903201408
1366, 91829.15332968517
875, 91379.77092327837
567, 91159.5621450379
744, 91069.77162007081
1134, 91065.2252452547
1309, 90323.3851499555
935, 90184.19360152548
1331, 90166.2966091643
1073, 89987.67046777681
1319, 89885.5361828902
493, 89858.82193068201
1142, 89846.25132371718
1048, 89762.97212639393
300, 89693.42951625443
1402, 89608.7453847577
731, 89499.34837195258
457, 89450.67202407242
448, 89369.5327312924
602, 88721.20807460448
59, 88355.10927361903
393, 88294.51940023022
763, 88290.31376927071
666, 88244.63957680948
405, 88108.32178253027
1163, 87962.22917450138
648, 87886.31262293947
931, 87875.98891278032
9, 87495.64752041653
657, 87477.92354057606
49, 87455.99068123913
732, 87282.00222651247
630, 87281.7252935687
726, 87245.21550217747
652, 87221.10413497704
118, 87079.54610192854
1250, 86982.35064153156
375, 86963.72130609161
926, 86394.51456981407
1087, 86299.59254389971
1335, 86109.84964511517
1033, 86040.42978741073
1053, 85996.09132299671
585, 85983.75771420628
649, 85853.41990965769
342, 85793.09405731039
31, 85581.77130990879
1045, 85394.89396320413
874, 85253.54663817097
489, 85085.16825924387
1226, 85035.70112288669
1153, 84947.09932112157
894, 84602.96208653349
1327, 84564.8284764841
797, 84546.86365229293
57, 84540.17857243973
677, 84147.05472705608
616, 84135.11135195458
715, 84133.96867770629
1244, 84115.49221869993
998, 83907.24982112767
234, 83873.91902920076
1182, 83862.91390404112
1178, 83862.91390404112
1181, 83680.33488488442
1180, 83680.33488488442
1179, 83680.33488488442
1177, 83468.70562676409
385, 83380.33335225975
948, 83338.51263657266
247, 83332.53083760678
1005, 82831.14256825075
1254, 82683.41433122318
197, 82602.27543518634
907, 82594.03817308797
1014, 82371.93109486726
1095, 82158.28090849648
1205, 81928.8831770715
75, 81781.4083686853
207, 81725.08168689528
671, 81720.9093758778
287, 81670.67195148773
386, 81662.53970392563
203, 81458.03482534902
1207, 81450.39464079282
737, 81436.3293814162
787, 81420.78675241527
723, 81312.66847532197
779, 81161.45994227758
788, 81149.96073480546
1289, 81101.1006443145
82, 81101.1006443145
1214, 81067.77551578924
1353, 80948.0028444296
561, 80877.96691300749
132, 80855.92431941714
328, 80852.46368119704
979, 80758.43502497861
371, 80617.58512284738
1000, 80583.0928917037
566, 80533.62620820485
472, 80492.03408460693
543, 80444.50646319483
101, 80441.21595388964
863, 80382.77365245958
714, 80314.69001288252
1257, 80250.78529584999
100, 80222.4195083031
988, 80159.08199189517
610, 80133.01659138009
1131, 80017.07177176654
319, 79963.46480774137
447, 79867.82028541437
884, 79792.55718331879
736, 79781.99436580323
1416, 79780.38268702416
1354, 79771.28563581893
317, 79725.28134673879
1047, 79625.37430154426
925, 79526.19927206759
716, 79406.59515416334
1322, 79337.5634775167
376, 79327.32879948284
859, 79249.87320567161
323, 79156.90365191837
1206, 78966.15749610464
1239, 78673.36401883939
1209, 78663.46904838346
79, 78573.32866748245
603, 78520.11730099753
1208, 78482.67544390922
938, 78247.5315756463
355, 78202.55433153047
95, 78148.8499305979
206, 77757.1271174249
843, 77739.94988081104
638, 77737.90926102026
225, 77737.90926102026
60, 77565.73518268844
1261, 77527.96723795673
482, 77446.44249951017
341, 77359.9433028646
171, 77169.70030420888
1359, 76913.34640169243
392, 76893.44501597073
1355, 76892.24232197696
1212, 76822.8008565557
733, 76411.70222982993
329, 76358.96767759815
650, 76338.21369269639
243, 76263.22065951438
394, 75719.83531713505
406, 75710.04548321363
615, 75691.89199763825
1124, 75517.0311479979
294, 75489.4781572947
1276, 75445.32968675985
810, 75275.48091504582
324, 75178.74462287835
407, 75160.13779236632
1068, 75023.42423757075
1303, 75004.77229237033
1252, 74981.30125443242
588, 74924.24161227282
1305, 74693.43456603782
678, 74680.45881886655
337, 74412.92739534954
1367, 74388.24695920771
314, 74336.78959495654
1249, 74192.87991881729
52, 74073.41852817412
1375, 73800.03918494428
1104, 73548.62368404694
629, 73476.86005424969
974, 73320.2509894587
520, 73319.34682342535
632, 73316.06555033752
87, 73028.20219588782
499, 72878.89925459816
1291, 72762.5901946869
462, 72722.93163699278
1150, 72650.75312649232
174, 72552.31726614747
76, 72488.06179428037
942, 72425.59067976833
1114, 72158.49772430399
1185, 71575.32458268672
945, 71500.40721976999
848, 71387.74522537782
7, 71210.37660665893
1213, 71162.41159635887
1332, 71133.81778738389
944, 71090.35476707785
1292, 70717.3996875614
1324, 70699.72546718511
1293, 70694.94775341918
1349, 70694.14964422917
980, 70675.98015841328
803, 70647.09360365474
1284, 70533.52445031713
1360, 70511.98684140627
735, 70484.05286082297
436, 70468.74810723512
1072, 70300.47392343907
121, 70254.65343043358
937, 70205.96945173682
906, 70185.02294154008
262, 70137.04523908948
1194, 70136.96827861982
0, 70034.60636747704
458, 69927.81651630664
668, 69896.65315329783
490, 69876.98327737345
943, 69875.06697124701
115, 69701.76240066568
8, 69583.57767471815
1145, 69522.73795639844
1115, 69453.12589034402
439, 69338.09363434646
1071, 69170.39726139199
1070, 69170.39666069053
1025, 69116.48064962852
263, 69099.01891898384
1107, 68943.5254327591
1, 68911.05582223253
822, 68856.65076245865
838, 68784.80939035252
916, 68728.43247592464
734, 68707.0633971528
924, 68547.9762375394
982, 68545.78528783536
1295, 68393.69321395642
119, 68290.74602630982
208, 68196.61790015065
201, 68187.62754819986
1339, 68006.6684157682
778, 67938.28919289059
823, 67755.0072163309
753, 67656.73875570875
1420, 67627.82514272016
542, 67539.23584491685
539, 67539.23584491685
71, 67488.3319940697
261, 67451.17480213715
721, 67372.0558028829
627, 67324.60434814154
213, 67120.60364568725
760, 67024.95306324333
148, 67012.24869928377
722, 67008.20120322992
1411, 66989.68103017072
892, 66980.8992071308
301, 66932.59589829567
1350, 66892.45578155995
665, 66831.36588332968
1125, 66740.86740993483
893, 66664.90740705594
1215, 66595.59878773833
959, 66586.29668220365
35, 66554.8507733862
941, 66549.29871894057
1233, 66468.61375352737
120, 66264.19523394814
378, 66009.36153663127
592, 65848.25379852964
1220, 65834.12517720326
1368, 65770.91854407574
109, 65712.10845064773
952, 65462.43112767647
70, 65428.12806559285
1301, 65304.31254365372
1055, 65246.652689373994
767, 65213.04785324084
1329, 65202.549496433596
667, 65052.33588271203
578, 64969.260549468265
950, 64737.605332614665
496, 64661.45384891725
292, 64619.39852037225
738, 64617.407035008255
911, 64360.29549117945
311, 64313.599454370706
676, 64228.274842765575
1405, 64171.45418744233
996, 64071.295154759115
336, 63962.62438195993
326, 63941.05054382128
377, 63821.53420473694
440, 63734.64129323806
265, 63712.46948281498
296, 63691.91268819479
486, 63664.01076768394
559, 63663.8746425728
66, 63622.457639973094
1154, 63604.72211876631
1275, 63400.273908088246
728, 63339.449009336815
1321, 63331.75795553206
755, 63309.85758457005
729, 63282.72521370633
370, 63169.712946376036
958, 63020.17379192373
1388, 62833.36035793233
741, 62726.95152229838
1151, 62648.061411561364
983, 62642.01605710219
241, 62553.97090997151
1021, 62307.840521391634
624, 62285.514605975375
1050, 62180.92385028266
757, 62158.917953367534
1156, 61959.082118548315
670, 61951.90788888695
1049, 61870.57448727409
664, 61813.45707205898
344, 61767.817731409814
582, 61571.712159113435
1064, 61489.62149096209
431, 61472.22835074428
1098, 61444.86751276359
1022, 61389.15695050872
211, 61386.664340562704
212, 61351.071444983965
1054, 61171.71770380101
175, 61134.560036520656
497, 61094.00057833474
839, 60964.68407682574
280, 60924.63436397851
315, 60812.88962231919
286, 60689.97390766205
1024, 60633.32220212823
1023, 60633.32220212823
1237, 60633.319748633905
522, 60498.38837476197
340, 60419.28094934763
51, 60241.33494901328
547, 60134.38858177029
548, 60120.96137257359
1129, 60001.98333198724
1171, 59974.27587926325
1127, 59959.39897009906
1079, 59906.40618729302
193, 59906.40618729302
756, 59871.4446069676
904, 59774.705213023495
902, 59774.705213023495
901, 59774.705213023495
900, 59774.705213023495
806, 59623.3638116344
1372, 59583.537555072886
966, 59493.036018704894
707, 59482.18809633012
880, 59394.523363843975
887, 59274.24259889255
1034, 59265.91074713308
166, 59186.331488991025
896, 59037.609824074854
990, 59020.203582217015
746, 58905.085043838735
327, 58855.14706264944
669, 58809.08211478784
889, 58796.305066205
747, 58745.260909341276
897, 58742.84216010801
1328, 58644.862165200415
1279, 58644.862165200415
1097, 58546.88821054741
198, 58488.37066612227
758, 58448.05583382263
995, 58444.64469563217
587, 58147.07046991593
883, 58037.41728920703
360, 58005.920987450954
956, 57983.231148866755
494, 57952.50837582333
599, 57944.76972842384
446, 57785.93372707098
1096, 57733.83969592253
766, 57705.41853571448
282, 57624.279309726146
110, 57618.6392872125
1340, 57420.963247382315
1116, 57411.97446441587
761, 57259.00917035256
1008, 57118.00045046846
1374, 57103.004384990905
1198, 57090.64123618574
1195, 57085.66088485187
1304, 56935.33820147074
1122, 56871.555534392646
586, 56793.172571608986
1184, 56788.2800951331
1387, 56765.92803779007
1386, 56700.36448364907
579, 56687.47174616592
1197, 56548.796310127866
1196, 56497.875893104174
492, 56469.15120842648
511, 56449.80539666833
1298, 56394.85260147783
498, 56369.85469372382
1311, 56285.36764775951
658, 56058.301539411856
1380, 56002.679655717
821, 56001.20180556589
1130, 55857.67516689969
1146, 55829.0198669966
96, 55698.08594499574
660, 55660.371599608785
1093, 55634.472196585295
510, 55634.472196585295
774, 55608.88787894105
773, 55608.88787894105
864, 55540.762826351165
316, 55464.65748208206
1078, 55332.24003303931
332, 55264.14847124123
730, 55214.852410884116
1183, 55163.8377889528
870, 55050.8589257097
910, 55048.518483096545
1351, 54990.486251657254
1046, 54957.23412564582
32, 54833.43857060752
1158, 54789.845097317426
1128, 54636.169901744455
784, 54575.46787447345
1415, 54574.80244870392
383, 54444.26573456635
