20, 99724.88565688199
1192, 99688.01623698835
473, 99642.70854698872
11, 99600.62422701457
513, 99541.26880881244
46, 99173.12512388377
246, 99113.27050057052
242, 99073.86763271042
176, 99038.13345738474
662, 98922.75993128504
961, 98676.9245744697
663, 98521.70827659978
435, 98113.66723452481
813, 98106.45951860324
189, 97668.04447127004
41, 97469.18740759569
358, 97256.87328806992
812, 96926.21848717565
1312, 96867.26337432733
179, 96749.37732057857
470, 96219.35335246997
1103, 95964.99301094403
382, 95598.01679467698
795, 95170.70050669626
986, 94966.22935407305
987, 94603.82609902616
985, 94603.82609902616
251, 94574.29254642992
428, 93955.84173881626
55, 93824.219641567
636, 93663.41679663805
697, 93454.69865898941
1117, 93394.22223902497
695, 93034.86944180484
480, 92816.64524810547
984, 92767.3227194112
412, 92401.15064701752
791, 92202.12605922594
39, 92170.00936823538
955, 91827.24467306433
219, 91735.61728301
422, 91677.04859977018
413, 91677.04859977018
479, 91403.00111464245
352, 91371.4398126144
1100, 91315.80337537326
426, 91225.20996162879
414, 91225.20996162879
411, 91107.13067972902
656, 90947.22727282337
694, 90574.73917785627
691, 90527.40257400901
811, 90342.8840817834
40, 90329.35128838188
1246, 90318.89178310815
606, 89566.43957699795
1144, 89454.1986808448
1381, 89442.16845993152
712, 89401.92296884613
1308, 89131.89234363708
1148, 89036.58321725256
754, 88795.4944008938
291, 88617.80356488496
396, 88330.18120037102
44, 88330.18120037102
3, 88093.86604042005
2, 88093.86604042005
416, 87877.98225552721
348, 87278.57294670246
425, 87267.25521402444
350, 87218.37352486228
706, 86594.99650137083
1280, 86542.20746897555
693, 86475.54073982757
609, 86119.1705224904
692, 86098.21360069182
239, 86019.3005916449
21, 86019.3005916449
633, 85756.90431590518
799, 85410.50157902013
798, 85410.50157902013
845, 85388.07545965226
364, 85299.38437270663
1318, 85283.79830247421
1020, 85136.17922470388
363, 85054.07444556442
15, 84835.2786025827
751, 84401.62366283513
750, 84220.69774398734
1084, 83577.97286078476
1082, 83577.97286078476
1299, 83416.13322904591
4, 83329.73113333159
137, 83148.00578086049
112, 83134.11324056362
65, 82968.4595018855
62, 82968.4595018855
1419, 82280.41966268483
1379, 82224.52926579233
136, 82139.22189231057
102, 82136.36796795347
612, 81983.77919353235
135, 81347.2776344552
1236, 81232.875613918
164, 80761.02215267449
1389, 80402.6470503886
461, 80325.45859018409
544, 79778.87900402007
653, 79721.27475029227
698, 79560.56602358472
1286, 79519.14933476759
1149, 79390.77853328937
217, 79337.80374627578
156, 79236.73062380921
1193, 79151.69077953964
1285, 79115.88390170228
1362, 78877.37410902076
272, 78108.01322824515
613, 77824.48253864066
1348, 77663.0858369719
1255, 77641.51892555902
1413, 77515.03610265865
177, 77200.20766215352
643, 77165.01158882631
108, 76915.88120530594
512, 76751.72012257691
915, 76577.44019448578
1262, 74859.14424953162
427, 74725.47558503653
421, 74613.6992943757
575, 74454.13876676842
775, 74265.96844166995
908, 72915.21192957157
459, 72600.18808527918
705, 72501.29469505993
703, 72501.29469505993
696, 72331.73263991925
518, 72164.8360533603
1036, 71656.60177738889
285, 71534.227399465
169, 70862.15179677999
1067, 70828.5471187928
158, 70512.80283055984
157, 70512.80283055984
218, 70282.45434781844
170, 70267.34637584178
53, 70267.34637584178
88, 70172.00704938588
1240, 69481.0943098356
1152, 69306.96164437152
210, 69114.03100328695
146, 69114.03100328695
159, 68742.06375920528
160, 68734.47376268127
161, 68729.27416080063
216, 68699.49318261532
782, 68544.98892961166
594, 68336.81362123332
704, 68092.02773114404
702, 68092.02773114404
1173, 67977.32329216403
305, 67942.43554623047
1170, 67673.75631702557
620, 67604.79520034295
604, 66892.50089397866
180, 66838.0609826559
330, 66614.1234158654
1043, 66594.55552782485
249, 66354.6414640278
209, 66115.77603649467
460, 66032.12826873915
1264, 65973.73415182153
1263, 65973.73415182153
192, 65824.90170099612
191, 65824.90170099612
749, 65816.39742140585
905, 65655.84591536729
899, 65655.84591536729
619, 65652.77686473052
194, 65651.50560688577
699, 64954.35016268467
1058, 64869.041027257066
444, 64600.86017994487
366, 64589.71948115111
1401, 64512.79442918202
759, 64503.73422265504
556, 64437.058027174324
172, 64418.862337703045
397, 64322.40488145953
835, 64310.04711782421
600, 64260.79357813171
1002, 64211.146944637156
545, 64200.2371935651
398, 64180.75181219309
1403, 64062.28313543874
228, 64037.62453751143
500, 63746.497770254566
504, 63649.429895895
61, 63600.49982158232
250, 63450.35354545783
645, 63363.856498067675
644, 63363.856498067675
63, 63363.856498067675
64, 63245.62663765717
868, 62866.63618753161
309, 62253.693466270124
270, 61573.75010040288
268, 61573.75010040288
1044, 61127.87091493606
1398, 61104.38393711988
834, 61088.67746482012
1382, 61074.25846581197
659, 60930.244720197334
1028, 60728.44557376557
424, 60573.49244953676
423, 60560.8983815658
471, 60461.33059060745
418, 60441.22299472845
1136, 60411.30186144459
1313, 60390.93055714707
1057, 59366.36681264409
558, 59263.85143421857
134, 59155.81739787462
1414, 59107.67548574103
238, 59069.10708108757
1076, 59048.35506634107
1075, 58901.25658981109
840, 58865.37553640977
546, 58308.41104918132
399, 57982.479757924855
701, 56601.797285003144
43, 56338.255720816946
45, 56321.32915977749
745, 56133.87973704029
830, 55724.910045241195
920, 55040.81794881582
1302, 55007.67097028707
93, 54867.18349267991
142, 54825.365058840835
19, 54615.35740435264
1334, 54313.530424670855
1199, 54290.2117440746
5, 54229.04857643145
503, 54209.83008634299
919, 54142.702639299634
369, 53887.208777052576
1003, 53764.672974321584
1373, 53739.946983344475
1147, 53726.7509981448
464, 53726.7509981448
1004, 53701.40483299987
145, 53682.2715182165
353, 53182.08456608968
1035, 53136.015195880784
661, 52901.7347171111
1029, 52872.152828524486
516, 52502.3944599339
269, 52409.064158916364
6, 52350.17984553073
1172, 52236.89783162464
74, 52147.82395568612
133, 51565.24965533452
932, 51351.4001410719
141, 51050.641418418396
690, 51041.594728566684
502, 50975.23265455694
765, 50962.670848202695
515, 50962.670848202695
514, 50962.670848202695
123, 50913.844712084545
1060, 50899.044510487714
739, 50858.276889913424
740, 50829.94911098889
1162, 50521.180228474324
829, 50521.180228474324
481, 50515.783080908215
828, 50434.830724584834
654, 50404.37000097075
1080, 50207.81655318312
1314, 50137.68035600672
274, 49379.20856519519
271, 49379.20856519519
1077, 49279.728464408305
1396, 49196.76114889454
1245, 48944.33991604411
227, 48586.512615885564
362, 48230.3870121785
1074, 47902.93353811185
256, 47770.22300773466
831, 47594.91919343927
796, 47242.82784305447
852, 47196.1623500362
273, 47068.539562053316
794, 46978.430927278416
1190, 46801.376199944556
674, 46786.79305106642
1188, 46784.66148237956
139, 46751.605994235426
1404, 46731.41133020327
1228, 46720.87819082336
865, 46720.87819082336
1317, 46653.888387605424
815, 46636.91717730914
501, 46478.4193040283
1344, 46237.753902230055
1039, 45979.880092908046
1061, 45892.2272246657
700, 45724.26562618898
866, 45651.53813526439
302, 45628.27867134194
673, 45598.018722306486
992, 45594.119839448154
860, 45519.29150193067
562, 45510.104229632634
1085, 45497.3019131969
564, 45453.29805616073
451, 45372.663035212056
1234, 45371.68216398281
1086, 45366.325741551824
1399, 45302.23381932214
1288, 44936.08562079113
1397, 44904.24352679134
1109, 44879.264118635896
1081, 44867.199132758724
1110, 44715.772188629184
1108, 44715.772188629184
607, 44626.57975432261
1101, 44303.5477705766
151, 44263.546919415145
401, 44221.8994219459
1395, 44209.783803685634
861, 44192.52573535474
124, 44140.331353117595
149, 44139.91799902171
264, 43753.92974597572
1056, 43742.217109858815
922, 43619.20934400488
1106, 43464.51785565372
1105, 43464.51785565372
1102, 43464.51724692668
409, 43365.58816515059
391, 43352.4840935098
155, 43316.3418661211
1400, 43258.59765365672
1088, 43245.85261582616
1232, 43233.4927465714
437, 43203.15636597302
1018, 43181.56278850933
154, 43181.56278850933
571, 43048.532772361905
709, 42946.7818685395
554, 42915.61974476016
555, 42839.24166818302
855, 42781.65018509322
454, 42776.65277469195
1059, 42746.65089176805
856, 42714.37369405228
854, 42714.37369405228
442, 42551.543298769604
233, 42484.18013121696
1113, 42484.09063561895
1323, 42063.96548798486
168, 41894.21633022765
26, 41772.61608091309
434, 41724.095757695046
390, 41706.51315720281
72, 41639.997365890435
553, 41592.82217860329
419, 41539.91203711102
417, 41475.12848029321
167, 41474.92920349846
267, 41468.91064387819
1027, 41247.22673423376
410, 41227.55769726492
993, 41042.91020323839
187, 40957.26618247698
42, 40654.072446588885
647, 40571.82911979404
903, 40570.28875650286
1410, 40527.833806521
122, 40493.240303320395
1300, 40492.51637687248
574, 40476.57373363057
1015, 40418.540616348866
968, 40226.527954175326
1016, 40040.34796845759
1409, 40018.32275080935
1065, 40018.32275080935
85, 40018.32275080935
1408, 40010.78198384114
1407, 40007.76008883347
601, 40006.815107208095
86, 39980.42305409443
441, 39769.06222501637
1017, 39744.177705598755
783, 39592.94243354872
802, 39564.7617679066
801, 39564.7617679066
346, 39557.075786185786
970, 39404.47724428589
304, 38937.512364587405
1191, 38909.453885561496
1189, 38780.644053218195
565, 38672.7990780132
762, 38571.16880717071
772, 38528.63972631989
1066, 38507.027450970585
776, 38332.3634824382
1287, 38263.09628095338
420, 38167.67462748165
969, 38154.38688131851
415, 38107.97772420237
1155, 38076.53494089079
972, 37978.94378785911
967, 37978.94378785911
361, 37975.12880911465
1346, 37901.77386175894
853, 37896.566404449564
583, 37561.560937697905
222, 37276.16093528704
367, 37099.54231798166
116, 36843.22329390085
347, 36822.71450913914
858, 36781.30579815711
1290, 36644.814221240566
827, 36620.96157025183
1040, 36532.66071888261
971, 36317.683269459456
846, 36277.15224263657
517, 36276.593050665855
1342, 36227.10398554338
540, 36120.37178510583
1204, 36065.40701006346
495, 35944.68809876067
1201, 35918.39169220151
433, 35908.70012966787
204, 35905.95284579717
488, 35852.56091574193
509, 35838.171361832145
930, 35793.56087252527
277, 35728.96887245802
1274, 35720.36058292986
252, 35683.84549708507
1200, 35543.09820052168
1169, 35467.9782633347
885, 35133.60718427222
1224, 35110.28219161839
867, 35060.04904174176
781, 35044.53769217913
153, 35032.96588759632
231, 34879.125854924714
30, 34776.62511766954
220, 34697.39874687519
354, 34687.235971027636
299, 34654.548859414856
107, 34590.13828492088
584, 34552.22135236113
380, 34527.84292253872
978, 34496.42574877625
279, 34415.35969486774
450, 34315.73200504914
449, 34315.73200504914
278, 34299.147436841784
478, 34225.084134728604
771, 34190.12598759611
221, 34102.47423508282
106, 34047.849567026526
1111, 34042.95351983706
622, 34039.60865234288
621, 34039.60865234288
581, 33973.69733227446
1013, 33663.492477026564
1012, 33652.326618132145
618, 33645.30385866818
1137, 33566.786633553216
56, 33455.74086403547
1310, 33451.36033049527
557, 33232.08909312278
780, 33167.92874135619
534, 33095.80275578324
836, 33089.71731479499
29, 32964.550905573225
1217, 32884.062758064145
1216, 32884.062758064145
131, 32746.74626676476
536, 32721.576070795232
535, 32721.576070795232
395, 32610.113549453108
847, 32546.328168031818
1112, 32357.746837685252
1306, 32306.35232106705
596, 32291.23007889452
605, 32252.067499674387
977, 32193.990390674393
1052, 32132.371779175246
598, 32018.1664220331
178, 31977.831171266065
381, 31710.20557175777
173, 31620.295908379747
597, 31587.24175780728
