329, 99905.11037293283
650, 99869.58649161775
243, 99741.27311218347
1212, 99309.08677992172
1355, 99193.28440316129
392, 99191.28297928939
1359, 99158.18554186258
394, 98813.85437949383
406, 98797.18288406645
615, 98766.27207452166
171, 98735.32947778638
341, 98425.63992621737
294, 98421.91825269813
1276, 98346.88577010411
1261, 98154.98420215586
60, 98094.51251125733
810, 98058.46785940364
324, 97894.37726797756
407, 97862.82974377528
843, 97817.2884278872
1068, 97631.17914358736
1252, 97559.85625054226
95, 97177.50691186657
355, 97094.59304965402
678, 97051.16874920895
1208, 96666.22123124458
603, 96609.48021243712
79, 96529.0487265207
1209, 96393.34985326788
1239, 96378.49593930921
52, 96028.46718984075
1206, 95942.69842921804
323, 95662.61965996404
1375, 95569.5164222356
859, 95527.18724193801
376, 95414.88859614302
716, 95300.46366955334
1104, 95148.32314069642
925, 95128.75739389699
629, 95028.25351839757
1047, 94987.23743128515
317, 94845.45241521415
974, 94766.46548247234
736, 94765.31271182655
884, 94750.41419546842
447, 94644.50725288418
319, 94510.54810909281
1131, 94435.77184386506
87, 94279.14888809224
610, 94274.78540643434
988, 94238.73375442969
100, 94151.34239456001
1257, 94112.30123499881
499, 94030.45783947261
714, 94024.56553084598
101, 93851.74725842697
543, 93847.26855707137
1291, 93836.92889553405
472, 93782.66729489373
462, 93770.98119864753
979, 93423.60141189395
76, 93380.84553390625
561, 93264.14683623875
1353, 93171.19009089365
1289, 92969.18759200911
82, 92969.18759200911
779, 92889.99663995509
1114, 92834.64293742103
723, 92692.71676037126
737, 92532.54124830877
1207, 92514.38859410383
671, 92167.84866971945
75, 92091.01402736237
1205, 91904.72755123625
945, 91748.22390952423
1095, 91617.76957081932
848, 91562.80159702298
1014, 91353.54220729352
1213, 91192.4369004906
1332, 91145.4865082555
907, 91081.90332141989
944, 91074.14153872406
197, 91071.88814481554
1254, 90973.46035427993
1292, 90462.93873179989
1293, 90426.20169870165
1349, 90424.89591042456
803, 90347.92195704319
385, 90144.46127046176
735, 90081.44204569608
436, 90056.44497916695
1072, 89781.8037028057
121, 89707.08291024927
937, 89627.72211323601
906, 89593.58612581859
998, 89536.58077043864
262, 89515.41933081116
1194, 89515.29396810835
1244, 89300.66938679211
715, 89279.8542358983
616, 89278.56754426558
677, 89265.12319145132
943, 89089.11664719197
57, 88826.94190493612
797, 88819.56287488696
115, 88807.59048508387
1327, 88799.7450472078
894, 88757.73525713396
8, 88615.82422128083
1153, 88382.09851653584
1226, 88286.38995896003
489, 88233.1316878758
439, 88218.07123348008
1071, 87946.79666189356
1070, 87946.79569080644
1045, 87902.51522199312
263, 87831.43956085423
1107, 87580.3644972275
822, 87440.22137643634
649, 87421.90172327694
838, 87324.40151205889
585, 87287.17087386304
1053, 87274.46417773058
916, 87233.55849854983
1033, 87228.84508138461
1335, 87157.61002828684
924, 86943.04970506871
982, 86939.52511066226
926, 86867.90261575882
1295, 86695.00133623893
201, 86364.16618865452
375, 86299.94542341806
118, 86186.18388830552
1339, 86074.07843735241
652, 86047.96257152487
49, 85820.5685839854
9, 85782.41531621641
823, 85671.33240607216
1420, 85468.09734052529
931, 85419.94331446844
648, 85410.190874054
542, 85326.65206783828
539, 85326.65206783828
261, 85186.14704677716
721, 85059.99166594718
393, 85028.16067273125
627, 84984.36755110614
602, 84636.1763112086
760, 84507.45376234059
722, 84480.82495475785
301, 84360.68571261961
448, 84054.48506093225
893, 83935.88763816835
1402, 83843.97298899126
1215, 83826.0449627137
959, 83811.30716935515
300, 83769.96966647539
35, 83761.49372145385
941, 83752.69997886002
1142, 83637.10420933204
1233, 83624.94813109221
1073, 83514.92752647508
1331, 83361.66067297981
935, 83346.36887909229
378, 82899.31697490135
1220, 82623.11920994526
952, 82038.51520302365
1366, 81989.03489835197
1055, 81699.90734312432
767, 81647.22415654438
181, 81476.44093624112
946, 81456.27886104568
1377, 81367.52757996877
578, 81265.44168387396
573, 81245.55031718363
541, 81214.07944515096
590, 81017.95811574624
950, 80903.32394850264
1038, 80811.57292089057
292, 80718.79521544726
738, 80715.68781442616
911, 80314.90588953596
994, 80255.40262346891
1069, 80028.48924838638
996, 79865.36268309626
126, 79712.55051459784
336, 79696.58261977867
651, 79674.51362640836
1259, 79501.42434277514
377, 79477.66130740364
440, 79342.95280697895
265, 79308.59465587033
296, 79276.74441444705
1260, 79255.06850837069
559, 79233.31099800697
614, 79191.01432341518
66, 79169.1695070036
1154, 79141.70918221721
639, 78908.98963519277
1275, 78825.42710813518
789, 78771.1102904239
147, 78698.2191533156
755, 78685.71096802482
1357, 78431.78617496588
928, 78384.87285877172
680, 78346.73057743603
888, 78033.3735672588
631, 77970.82503456199
1151, 77666.01158937492
997, 77603.12842876156
873, 77603.12842876156
50, 77443.51192930428
196, 77437.41225292723
1358, 77351.41170106531
1294, 77329.9742447222
837, 77246.1104739135
312, 77228.5605254996
1021, 77143.80457977379
624, 77109.58387642448
1050, 76949.34703631331
182, 76938.66071357434
572, 76727.67862946598
199, 76708.79078703868
1156, 76609.90084486765
58, 76568.25785388754
1049, 76474.63320989312
664, 76387.38823383469
344, 76317.70295823578
1099, 76307.2496230218
97, 76116.44745073104
1064, 75893.45788250864
431, 75866.9634717742
851, 75846.02248816454
1098, 75825.29269239586
989, 75808.73702377379
403, 75808.73702377379
1022, 75740.47189280928
1325, 75636.14997345839
453, 75609.87462995194
452, 75609.87462995194
127, 75576.77126592744
1054, 75409.75898245988
1143, 75370.31913958896
175, 75353.29899228702
1165, 75118.87335784853
839, 75095.3806089275
280, 75034.62266437823
628, 74933.49796888324
936, 74901.25668488714
1024, 74593.23977527762
1023, 74593.23977527762
1237, 74593.23606196714
718, 74571.35644695775
522, 74389.12493143886
1231, 74385.5505173813
844, 74296.71567439871
340, 74269.55604894154
293, 74148.21194014566
1238, 74116.18446740229
849, 73964.261925899
1089, 73881.33692853128
547, 73839.54245291329
1164, 73829.92667712779
200, 73829.92667712779
548, 73819.298475241
549, 73813.1979969021
188, 73724.94042380602
1129, 73640.00725373911
1127, 73575.87499658988
1333, 73561.09036054736
202, 73325.81154551619
245, 73149.506390769
1258, 73088.07887817569
806, 73070.5291949651
1372, 73010.72169859338
966, 72874.88158411524
707, 72858.60541413056
138, 72800.15768176795
880, 72727.12264740042
402, 72710.642762668
1161, 72668.76315993658
232, 72652.90784257102
887, 72546.86287874615
1091, 72209.1923345425
1090, 72209.1923345425
896, 72192.7089270046
591, 72167.00884549608
990, 72166.68303478726
746, 71994.64332341922
327, 71920.05961591253
669, 71851.28529453733
357, 71809.02812080564
747, 71756.04060444042
214, 71643.8616832263
679, 71561.19507355707
1097, 71460.288068479
198, 71373.12906566665
758, 71313.10445599977
995, 71308.02646085758
875, 71276.43773468048
567, 71142.39083484042
744, 71087.69214753374
1134, 71084.92195260563
587, 70865.54376534675
883, 70702.74290218003
1309, 70632.08998450417
599, 70565.2946907987
1319, 70364.05761668153
493, 70347.685939243
1048, 70288.92753147334
1096, 70252.72413500852
766, 70210.64557192802
731, 70127.17885769773
457, 70097.29049638793
282, 70090.56540359929
1340, 69789.99346621882
1116, 69776.71549820052
59, 69422.72385221426
763, 69382.71527682504
666, 69354.50577239087
1374, 69320.85765348031
1198, 69302.63888923045
1195, 69295.3001479301
405, 69270.27536858022
1163, 69179.94324884877
657, 68880.02813921214
586, 68864.7870746872
1387, 68824.7338710462
732, 68758.4996143925
630, 68758.3277530117
726, 68735.66817206518
1386, 68728.37991668809
1250, 68572.40384320874
1197, 68505.81211957251
1196, 68431.09547191675
511, 68360.58667386034
1298, 68280.01409648747
1087, 68147.36811663961
1311, 68119.58429093624
342, 67831.14376976741
658, 67787.27914574354
1380, 67705.96388160349
821, 67703.80382943619
31, 67698.97650875474
1130, 67494.13618135825
874, 67493.42481224146
1146, 67452.30261197296
96, 67261.26726662331
660, 67206.27582852225
1093, 67168.52075727661
510, 67168.52075727661
774, 67131.23215891658
773, 67131.23215891658
316, 66921.1523650019
234, 66625.81099415688
1182, 66618.8665442501
1178, 66618.8665442501
1181, 66503.60089197507
1180, 66503.60089197507
1179, 66503.60089197507
1177, 66369.86600250118
910, 66316.2851458747
948, 66287.52409632495
247, 66283.73958075108
1351, 66232.08270576336
32, 66004.39490986997
1005, 65966.12973852735
1158, 65941.2401797202
1128, 65718.77092573162
784, 65630.9650247157
383, 65441.31534404665
1007, 65429.3981905266
207, 65262.70747659976
287, 65228.00549239298
386, 65222.81802669467
203, 65092.298338600274
787, 65068.511590974806
788, 64895.4296488389
1214, 64842.86020022044
951, 64822.19135702882
132, 64707.25200432689
328, 64705.03563499061
371, 64554.518806528584
1000, 64532.40049150105
117, 64512.91306280639
566, 64500.67315062266
1242, 64417.92147231219
1241, 64417.92147231219
863, 64403.87018928866
351, 64340.40604399902
881, 64068.43665205952
1416, 64016.59126961711
1354, 64010.73389117593
1322, 63731.1637310052
953, 63485.96896036136
297, 63485.96896036136
1297, 63215.787023366596
1211, 63202.58392376443
91, 63175.349684714114
938, 63025.88545267084
163, 63010.43177410137
1269, 62873.682357856494
1251, 62862.52972633993
92, 62757.25928770487
933, 62708.29564055248
206, 62707.333080256474
638, 62694.833887424196
225, 62694.833887424196
917, 62559.25900630382
482, 62505.11872301515
626, 62446.22162703722
1118, 62343.40433498751
595, 62343.40433498751
34, 62295.86526766554
1296, 62295.38751407869
1392, 62139.04580093423
339, 62117.55317598827
1268, 62061.31866172182
733, 61829.377425742736
1124, 61242.28714270478
1352, 61224.3196581967
524, 61200.926774733125
913, 61053.90936814919
1303, 60904.95347573225
588, 60851.84345519711
443, 60789.29587897778
1305, 60699.50723256512
33, 60542.43722699416
284, 60540.52258902776
337, 60514.130547690445
1367, 60497.80767660395
895, 60491.482703466325
314, 60463.76887488328
1249, 60368.52660086268
688, 60366.83287273205
686, 60261.84437080091
1336, 60072.02600582767
1230, 59910.09448839145
882, 59876.43016215045
520, 59788.92461413499
632, 59786.74263661014
389, 59777.638595980454
687, 59775.1927448808
973, 59531.549680288386
804, 59491.66484532458
387, 59467.703450334775
785, 59462.93069883839
1364, 59394.10735846102
1150, 59343.57811712235
1394, 59342.35965771795
174, 59277.88371694083
942, 59193.26053411394
162, 59115.476606217744
388, 59065.197752314525
625, 59029.90362607146
805, 58980.26507871067
918, 58975.435008864195
550, 58883.90767339143
608, 58812.50010825563
1185, 58624.0829140865
912, 58502.556184790265
1265, 58470.13804913248
1126, 58434.509812658864
283, 58381.70087001966
7, 58379.031452012285
965, 58321.473119139635
1267, 58318.09176132526
964, 58313.5728506886
963, 58313.5728506886
962, 58289.86837000924
1141, 58229.987749738866
1138, 58229.987749738866
521, 58159.16850741586
1140, 58065.34819787497
1324, 58035.38406686405
954, 58025.11821951384
980, 58019.38280541982
1139, 57983.26841477681
1284, 57923.34567525411
1360, 57908.819967467454
914, 57885.29404435508
1338, 57854.338888503065
1337, 57854.338888503065
1218, 57813.34749340336
1219, 57794.93736467788
0, 57586.45040332301
646, 57582.25028413677
458, 57514.22949649474
668, 57493.14664476293
490, 57479.837728149585
400, 57439.28543232274
505, 57339.54974836741
1393, 57316.96787170258
879, 57278.225396747264
878, 57278.225396747264
77, 57275.644122580095
1145, 57239.922575025295
1115, 57192.72652007843
23, 57169.35394726857
308, 57125.29786106873
