285, 100000.0
1036, 99761.83123197558
518, 98793.16662475404
169, 98691.51211373312
1067, 98626.34180224249
696, 98482.08304430947
705, 98169.48390701308
703, 98169.48390701308
158, 98015.19502645494
157, 98015.19502645494
459, 97988.7513101631
218, 97570.68330880835
170, 97541.5684438769
53, 97541.5684438769
908, 97420.66431308989
88, 97357.95021899349
1240, 96033.04511185356
1152, 95700.71276817266
210, 95333.24633136025
146, 95333.24633136025
775, 95109.4312055378
575, 94802.58820514589
159, 94626.9690785169
160, 94612.58744398857
161, 94602.73585377878
216, 94546.3211906602
421, 94545.14734135619
427, 94366.28515511897
782, 94253.93603131392
1262, 94153.97460292823
594, 93860.76422973524
704, 93399.59062007292
702, 93399.59062007292
1173, 93183.91263744306
305, 93118.36696351164
1170, 92614.41788908825
620, 92485.30849244217
915, 91569.67655020472
512, 91321.71511047262
604, 91157.396777997
108, 91090.39535912743
180, 91056.32772894653
643, 90743.43643714195
177, 90694.81217913331
330, 90641.20872541462
1043, 90604.98303389383
1413, 90264.11985331766
249, 90161.45744382447
1255, 90093.21326621555
1348, 90064.19152131601
613, 89848.10640501132
209, 89721.01214677781
460, 89567.04444997643
272, 89473.14215825425
1264, 89459.63864047272
1263, 89459.63864047272
192, 89186.19920808738
191, 89186.19920808738
749, 89170.58814455246
905, 88876.13670945441
899, 88876.13670945441
619, 88870.51303193842
194, 88868.1836545958
1362, 88484.49363001775
1285, 88186.25892826941
1193, 88141.8136657741
156, 88036.59786964465
217, 87912.16326314653
1149, 87847.21075469421
1286, 87690.56979503312
698, 87640.25886692933
699, 87595.54527912567
1058, 87440.46937520201
544, 87376.87212473442
444, 86953.8902457632
366, 86933.70714214104
1401, 86794.41118661188
759, 86778.01250830323
461, 86730.50297034545
556, 86657.3796822726
172, 86624.47437677502
397, 86450.14650571893
835, 86427.8252767733
600, 86338.89030270666
1002, 86249.292925114
545, 86229.6104482813
398, 86194.46223393829
1403, 85980.92294510077
228, 85936.50989826798
1236, 85696.88798353662
135, 85569.93436204623
500, 85413.0390737778
504, 85238.8638013517
61, 85151.13364265692
250, 84882.21116183879
612, 84876.76630943696
645, 84727.483975126
644, 84727.483975126
63, 84727.483975126
102, 84713.83583268836
136, 84710.80019797746
1379, 84620.25869002551
1419, 84561.14548513097
64, 84516.22291000132
65, 83846.55024786663
62, 83846.55024786663
868, 83840.8042433365
112, 83678.04800485513
137, 83663.97779390294
4, 83480.7932707893
1299, 83394.25724341617
1084, 83233.12763438583
1082, 83233.12763438583
309, 82754.18072911428
750, 82605.33135501933
751, 82432.0167533597
15, 82022.52415018166
363, 81819.0286069818
1020, 81743.19441166868
1318, 81607.56813502136
364, 81593.30190761459
270, 81556.98855951006
268, 81556.98855951006
845, 81512.3150418918
799, 81491.88904577952
798, 81491.88904577952
633, 81179.02248388207
239, 80945.28517515138
21, 80945.28517515138
692, 80875.53147320931
609, 80857.04863989924
1044, 80776.56764184567
1398, 80735.55990944145
834, 80708.14435570047
1382, 80682.97634163457
659, 80431.83433470325
1028, 80080.5557594333
350, 79911.47121378375
425, 79870.48079738332
348, 79861.002691936
424, 79811.32964548342
423, 79789.46707512447
471, 79616.72476055779
418, 79581.8615317942
1136, 79529.99685696783
1313, 79494.69496089319
416, 79365.66294619488
3, 79190.39623331245
2, 79190.39623331245
396, 79000.40278997748
44, 79000.40278997748
291, 78771.74168233635
754, 78631.87245202731
1148, 78443.77852577096
1308, 78369.9471544568
712, 78162.36964068598
1144, 78122.45557480678
1057, 77728.87142841493
558, 77553.22436354363
1246, 77474.68921052429
811, 77457.04427516978
134, 77368.32461436407
1414, 77285.99869089513
238, 77220.070657155
1076, 77184.6094950723
1075, 76933.46606511067
411, 76903.95303683243
840, 76872.26405633282
426, 76820.02065528923
414, 76820.02065528923
1100, 76755.89645276548
352, 76716.6315819474
479, 76694.39658122111
422, 76502.51023977071
413, 76502.51023977071
219, 76461.77344064183
955, 76398.23398912787
412, 76005.48050951658
546, 75925.1727715331
984, 75759.50331530451
480, 75726.64008497588
399, 75373.47353344384
1117, 75346.47203352403
636, 75172.17247279943
428, 74984.86661779077
987, 74577.1938552532
985, 74577.1938552532
986, 74353.51664069058
382, 73970.76721492446
1103, 73752.53779830069
470, 73603.00150078101
179, 73295.84495317927
1312, 73228.33066231008
812, 73194.67471693485
701, 73056.89749420971
41, 72888.05350631048
189, 72777.24498785632
43, 72618.44387002788
45, 72590.32368909346
813, 72535.70845685233
435, 72531.76887003436
745, 72279.23912852326
961, 72226.98673209446
176, 72034.68573667727
46, 71963.4391456515
513, 71770.82860316246
11, 71740.00350341883
473, 71718.18608203768
1192, 71694.732996325
20, 71675.67492945245
830, 71602.59699883146
246, 71079.32676114696
242, 71059.05928514809
662, 70981.29241616519
663, 70774.56728325908
920, 70477.06741041811
1302, 70422.73030571203
93, 70192.63587826738
142, 70124.20799824173
358, 70119.48242906149
19, 69781.01056106792
1334, 69289.0437619704
1199, 69251.09636481262
5, 69151.60958001533
503, 69120.3633417537
795, 69028.55913405483
919, 69011.26608746854
251, 68714.26031573035
369, 68596.71489861702
1003, 68398.27510335337
1373, 68358.26260861382
1147, 68336.91387757525
464, 68336.91387757525
55, 68317.4400209944
1004, 68295.91227418784
145, 68264.96899803792
697, 68121.31292608517
695, 67897.97340184753
353, 67458.16408775352
791, 67453.35760743864
39, 67436.16678421051
1035, 67384.0587279613
661, 67007.73697404063
1029, 66960.28448554933
656, 66779.25894047713
694, 66578.21432678693
691, 66552.63524655633
40, 66445.53270934732
516, 66368.32629424983
269, 66219.25901205803
6, 66125.2821678881
606, 66031.80080811461
1381, 65964.23231621415
1172, 65944.64147951592
74, 65802.74868937081
133, 64877.842168399395
932, 64539.68105231029
706, 64402.558909257124
1280, 64373.35682570573
693, 64336.46197538659
141, 64065.3140043539
690, 64051.06854949009
502, 63946.60003686491
765, 63926.83422823525
515, 63926.83422823525
514, 63926.83422823525
123, 63850.02464145547
1060, 63826.74984417909
739, 63762.6564568027
740, 63718.135891354475
1162, 63233.683803313324
829, 63233.683803313324
481, 63225.22901750797
828, 63098.468168897525
654, 63050.79754255728
1080, 62743.541274342555
1314, 62634.049494709856
274, 61454.82105934047
271, 61454.82105934047
1077, 61300.8121050615
1396, 61172.483179452196
164, 61118.96799490363
1389, 60913.494785071096
1245, 60782.70008935102
653, 60521.6050869684
227, 60231.814762500355
362, 59685.47791009384
1074, 59184.81361746024
256, 58982.36330091391
831, 58715.341167356586
796, 58180.42300986649
852, 58109.66452428758
273, 57916.316331185415
794, 57779.94745757403
1190, 57512.346895530194
674, 57490.32550700893
1188, 57487.10712357208
139, 57437.206346087354
1404, 57406.728287072096
1228, 57390.83490052617
865, 57390.83490052617
1317, 57289.78646247175
815, 57264.19635550759
501, 57025.41857724952
1344, 56663.56078777707
1039, 56276.77037507282
1061, 56145.51913051298
700, 55894.32646535452
866, 55785.688091160824
302, 55750.958719474984
673, 55705.789684751515
992, 55699.97078760667
860, 55588.33578009043
562, 55574.6350548712
1085, 55555.545354179805
564, 55489.94873748131
451, 55369.81874277929
1234, 55368.358020708176
1086, 55360.38143473688
1399, 55264.9702941477
1288, 54721.03617758623
1397, 54673.82413815857
1109, 54636.797547913826
1081, 54618.91790433391
1110, 54394.67708401078
1108, 54394.67708401078
607, 54262.7506307914
1101, 53785.89858590754
151, 53726.95383156455
401, 53665.6067978305
1395, 53647.76504675566
861, 53622.35486138063
124, 53545.52796768311
149, 53544.91969738397
264, 52977.9770296835
1056, 52960.80637897332
922, 52780.59474751513
1106, 52554.267921556464
1105, 52554.267921556464
1102, 52554.26703159983
409, 52409.70190208659
391, 52390.563230638
155, 52337.78952412918
1400, 52253.51135166617
1088, 52234.91616209529
1232, 52216.88592735226
437, 52172.6383292368
1018, 52141.1519295039
154, 52141.1519295039
571, 51947.31413397444
709, 51799.220762724144
554, 51753.894772754495
555, 51642.85850233514
855, 51559.1882302863
454, 51551.929192224656
1059, 51508.36172849634
856, 51461.50414387639
854, 51461.50414387639
442, 51225.340279787335
233, 51127.746655319206
1113, 51127.6170388132
1323, 50520.37240837244
168, 50275.70876791855
26, 50100.68833583375
434, 50030.90820074497
390, 50005.6298008255
72, 49910.03880296868
553, 49842.27927809015
419, 49766.31868069891
417, 49673.364149298
167, 49673.07830601963
267, 49664.44552047117
1027, 49346.81552084443
410, 49318.66598830858
993, 49054.66273576853
187, 48932.36821213223
42, 48500.228166967216
647, 48383.22150533752
903, 48381.03091900486
1410, 48320.667353399695
122, 48271.49937701115
1300, 48270.47062791165
574, 48247.81891147512
1015, 48165.38324003422
968, 47892.960476003915
1016, 47629.28584091906
1409, 47598.12571848782
1065, 47598.12571848782
85, 47598.12571848782
1408, 47587.456210831464
1407, 47583.18152638178
601, 47581.84480806098
86, 47544.51691069993
441, 47245.9116775003
1017, 47210.795460645546
783, 46997.55071419133
802, 46957.849084471396
801, 46957.849084471396
346, 46947.02271450603
970, 46732.23706536155
304, 46076.891760386956
1191, 46037.60586158367
1189, 45857.38672911182
565, 45706.667677662306
762, 45564.773865884046
772, 45505.43598669016
1066, 45475.2909659271
776, 45231.89242188342
1287, 45135.47678666876
420, 45002.759856451405
969, 44984.28797461291
415, 44919.790624327754
1155, 44876.108819284695
972, 44740.61257254162
967, 44740.61257254162
361, 44735.31834695588
1346, 44633.557046282374
853, 44626.335685444006
583, 44162.511499589265
222, 43768.5128650052
367, 43525.214349118076
116, 43172.83845396111
347, 43144.67973311899
858, 43087.84333594222
1290, 42900.65239074462
827, 42867.96418058144
1040, 42747.01735297121
971, 42452.97666510592
846, 42397.605768752095
517, 42396.84197502583
1342, 42329.26063993086
540, 42183.61665894878
1204, 42108.66923095438
495, 41944.196784763735
1201, 41908.393926131546
433, 41895.20095745347
204, 41891.46133994501
488, 41818.80289664686
509, 41799.227022978586
930, 41738.554522387065
277, 41650.75066782488
1274, 41639.05286696263
252, 41589.44240175603
1200, 41398.378098706555
1169, 41296.50536566075
885, 40843.90995717341
1224, 40812.39013244227
867, 40744.53152696666
781, 40723.584034048035
153, 40707.95870514798
231, 40500.388326366985
30, 40362.2517977218
220, 40255.570868832045
354, 40241.89200217755
299, 40197.9045904824
107, 40111.265396556104
584, 40060.287097000306
380, 40027.520370662845
978, 39985.303828835174
279, 39876.42855105347
450, 39742.73513481656
449, 39742.73513481656
278, 39720.49179761215
478, 39621.19953505631
771, 39574.35653925404
221, 39456.97180344612
106, 39383.8654159444
1111, 39377.3146345001
622, 39372.8394601529
621, 39372.8394601529
581, 39284.68330706491
1013, 38870.50245429458
1012, 38855.61553107765
618, 38846.25392605987
1137, 38741.623575199206
56, 38593.7751585639
1310, 38587.945480675364
557, 38296.45803847801
780, 38211.27739701035
534, 38115.58121912648
836, 38107.50999889468
29, 37941.59953373181
1217, 37835.00927991051
1216, 37835.00927991051
131, 37653.34838591517
536, 37620.07419694506
535, 37620.07419694506
395, 37472.81430010476
847, 37388.61436443458
1112, 37139.95821489231
1306, 37072.2635775942
596, 37052.35186758941
605, 37000.800661703506
977, 36924.3824304008
1052, 36843.34854750057
598, 36693.27890359959
178, 36640.31438713863
381, 36289.386078753756
173, 36171.68248704832
597, 36128.43252298326
