442, 99857.15381882362
233, 99770.94456750649
1113, 99770.45099140277
856, 98971.75977928968
854, 98971.75977928968
1059, 98798.90431778232
454, 98639.00727190862
855, 98612.44235338303
555, 98307.81101529002
554, 97907.94223014291
709, 97746.13476694189
1323, 97483.92300299194
571, 97223.11462038402
168, 96577.03934920825
1018, 96551.34155781304
154, 96551.34155781304
437, 96443.56330366804
1232, 96292.7281143972
1088, 96231.4733128867
1400, 96168.42494238057
26, 95933.27044546705
155, 95884.26418832176
391, 95707.64287329886
434, 95677.74749174283
409, 95643.83847054208
390, 95585.3426907238
72, 95236.67979394078
1102, 95166.10773719577
1106, 95166.10481897953
1105, 95166.10481897953
553, 94990.26436731391
419, 94714.74530411077
922, 94432.84291752944
417, 94378.61885379076
167, 94377.58698180357
267, 94346.42833274789
1056, 93861.41152541807
264, 93807.52731001817
1027, 93206.73100138202
410, 93106.35558992789
993, 92169.902305598
149, 92081.15700689728
124, 92079.35818491798
861, 91853.05010905975
1395, 91778.5862974371
187, 91739.10890256069
401, 91726.41572706954
151, 91547.7474733671
1101, 91377.1118883233
42, 90231.80753764207
607, 90032.94772439473
647, 89827.65830299717
903, 89820.10783059945
1110, 89672.09295074068
1108, 89672.09295074068
1410, 89612.27797649425
122, 89443.32180527865
1300, 89439.78984479303
574, 89362.04843763732
1015, 89079.67300696371
1081, 89069.25538591226
1109, 89021.74872871836
1397, 88923.62764747038
1288, 88799.02010179879
968, 88152.31161632358
1399, 87403.0478153452
1016, 87263.13685660131
1086, 87165.46168456967
1409, 87158.59382197859
1065, 87158.59382197859
85, 87158.59382197859
1234, 87145.69441422686
451, 87142.07609664503
1408, 87122.82956008789
1407, 87108.50271334345
601, 87104.02306512564
86, 86979.01313794951
564, 86846.17767828853
1085, 86685.98623850191
562, 86639.54966509287
860, 86606.27231030399
992, 86336.68064586798
673, 86322.70390990285
302, 86214.46253629429
866, 86131.54161142049
441, 85984.82838296295
700, 85873.84076557035
1017, 85868.5832606216
1061, 85287.60684933406
783, 85165.73593188582
802, 85035.45230404637
801, 85035.45230404637
346, 84999.95581992468
1039, 84986.51768578128
970, 84298.46979171356
1344, 84119.3785995132
501, 83334.34962244226
815, 82829.62787788002
1317, 82776.14649327395
1228, 82566.09932503455
865, 82566.09932503455
1404, 82533.22614666146
139, 82470.31064656842
1188, 82367.65144956393
674, 82361.04525903275
1190, 82315.8914515543
304, 82189.8024390179
1191, 82064.88700519725
794, 81773.83212067572
273, 81502.23756396995
1189, 81493.98470659797
852, 81122.39718913916
565, 81019.20426761945
796, 80984.89864328016
762, 80574.42975660163
772, 80389.06220057314
1066, 80295.03306042525
831, 79970.76735234144
776, 79539.30042095765
256, 79480.68802393139
1287, 79241.64455894844
1074, 79116.00798743984
420, 78833.47813633352
969, 78776.812439372
415, 78579.22948773406
1155, 78445.65475352453
362, 78238.69687046866
972, 78032.55506582289
967, 78032.55506582289
361, 78016.45187249659
1346, 77707.47950856749
853, 77685.59334557857
227, 77319.35779740776
1245, 76430.13996994845
583, 76290.76471017694
1396, 75822.63418348377
1077, 75626.40006615027
274, 75393.30665116853
271, 75393.30665116853
222, 75122.55322748798
367, 74408.66437626512
1314, 73691.22626101397
1080, 73540.23812907368
116, 73384.70266207133
347, 73303.38450788146
858, 73139.46569091232
654, 73122.58311760813
828, 73058.57071117497
481, 72889.36646486407
1162, 72878.13270522757
829, 72878.13270522757
1290, 72601.73482562225
827, 72508.1666184491
740, 72245.07287477226
739, 72187.9244852172
1040, 72162.82229874142
1060, 72105.94980145854
123, 72076.26832482629
765, 71978.64196336524
515, 71978.64196336524
514, 71978.64196336524
502, 71953.5999002828
690, 71821.78930509987
141, 71803.8860849388
971, 71328.81095024198
932, 71217.21099287266
846, 71172.63343501218
517, 71170.48107862765
1342, 70980.24927585878
133, 70809.94357543348
540, 70571.66738010442
1204, 70362.15441054408
495, 69904.12676018337
1201, 69804.73908613679
433, 69768.14429137926
204, 69757.77409019638
74, 69740.06617732956
1172, 69581.38981480568
488, 69556.5316779479
509, 69502.39158787581
6, 69381.4014649324
930, 69334.80575907289
269, 69278.24203612655
516, 69115.83248975752
277, 69092.84900582636
1274, 69060.66468096006
252, 68924.30578451716
1029, 68485.328318096
661, 68435.76077497327
1200, 68401.12859796596
1169, 68123.46071895368
1035, 68047.63423777252
353, 67972.22883251228
145, 67172.28817396214
1004, 67142.35447447983
1147, 67102.77337950438
464, 67102.77337950438
1373, 67082.20152402404
1003, 67043.713569283
885, 66900.54676284429
369, 66854.14483833844
1224, 66816.02379289804
867, 66634.33744993857
781, 66578.32975353686
153, 66536.57583952136
919, 66465.03124459041
503, 66364.1490418655
5, 66335.37054385147
1199, 66244.07939397503
1334, 66209.39313617018
231, 65983.83082004651
19, 65766.33854272815
30, 65617.9546049162
142, 65464.37985163922
93, 65404.85632986771
220, 65336.4641145215
354, 65300.437997381836
1302, 65206.3375968256
299, 65184.691379525306
920, 65159.821260389595
107, 64957.17254655482
584, 64823.585273475306
380, 64737.83184212639
978, 64627.47509093747
279, 64343.52978605622
830, 64226.40827664881
450, 63996.16023742964
449, 63996.16023742964
278, 63938.504309500364
745, 63691.58245957213
478, 63681.61041455655
771, 63560.688278775066
45, 63451.96785387188
43, 63430.49767542958
221, 63258.42805448304
701, 63099.716316898535
106, 63070.73012230508
1111, 63053.931691832964
622, 63042.457755498646
621, 63042.457755498646
581, 62816.75271600893
1013, 61764.402407274225
1012, 61726.825855327974
618, 61703.20091341671
399, 61468.00498497991
1137, 61439.6363306262
546, 61105.90346081091
56, 61068.62397819011
1310, 61054.03106548304
840, 60505.94990416761
1075, 60468.08777577178
557, 60327.5225144313
1076, 60313.83995922617
238, 60292.20429668437
1414, 60252.0740094339
134, 60202.13309666046
780, 60116.417125033026
558, 60090.65434841159
1057, 59985.62448667414
534, 59879.89346131495
836, 59859.97555740411
29, 59451.61128617397
1217, 59190.323641714545
1216, 59190.323641714545
1313, 58974.65194114642
1136, 58955.237866193864
418, 58926.76955991933
471, 58907.669546198274
423, 58813.459453781026
424, 58801.586551881104
131, 58746.91737460324
536, 58665.96017179539
535, 58665.96017179539
1028, 58656.2987152561
659, 58469.25684357958
1382, 58337.254077005615
834, 58324.10353264713
1398, 58309.79469410843
395, 58308.633771903995
1044, 58288.42298196928
847, 58105.02011345174
270, 57888.70063221118
268, 57888.70063221118
1112, 57506.6769251971
1306, 57344.54487739261
309, 57300.3129957065
596, 57296.91636310834
605, 57173.73454161555
977, 56991.479683634985
1052, 56798.66399501482
868, 56790.66808504533
64, 56484.903688823484
598, 56442.79197450032
645, 56390.93206301331
644, 56390.93206301331
63, 56390.93206301331
250, 56322.60108906382
178, 56317.566793118625
61, 56204.81981347968
504, 56166.662919971364
500, 56091.29288034987
228, 55867.80824066638
1403, 55849.05362341898
398, 55759.325279315395
545, 55744.62627235093
1002, 55736.403661587196
600, 55699.05113080561
835, 55662.100664438854
397, 55652.84631793681
172, 55580.83960861349
556, 55567.30130747077
759, 55517.81307923254
1401, 55511.10312444075
381, 55492.74583444982
366, 55454.27367809572
444, 55446.06418242516
1058, 55250.01946751928
173, 55217.982905689176
699, 55188.284794417705
597, 55117.2599973521
215, 55102.14634869017
790, 55056.024148146986
1363, 55035.3265557595
194, 54694.80467279526
619, 54693.922363202066
905, 54691.79256340794
899, 54691.79256340794
800, 54689.10497876458
749, 54580.88284825149
192, 54575.035650416816
191, 54575.035650416816
226, 54499.48602088396
1264, 54473.15003661106
1263, 54473.15003661106
460, 54433.40340141929
1378, 54405.10063439449
209, 54376.692639333414
186, 54332.661604124376
36, 54332.661604124376
1330, 54275.286110257955
249, 54216.176551920216
474, 54148.03734020213
1043, 54057.05575309035
330, 54044.16909977648
180, 53897.663044618996
604, 53862.31453721002
921, 53575.100638920114
620, 53409.20245498491
570, 53388.09766408101
1170, 53366.239989286834
305, 53200.3371994033
1173, 53178.96633853925
814, 53160.34518296552
704, 53108.97767006919
702, 53108.97767006919
538, 53012.87931791808
594, 52961.01246208892
782, 52836.64970776054
275, 52755.98509394345
216, 52745.21112171735
161, 52727.669680159874
160, 52724.6097911419
159, 52720.14465848393
432, 52657.53364931745
537, 52520.97368333627
210, 52503.43403070034
146, 52503.43403070034
1152, 52392.640062703074
1240, 52293.567068620265
140, 52200.52359230484
88, 51908.9019892625
170, 51856.854158000984
53, 51856.854158000984
218, 51848.62890733342
158, 51723.97679469514
157, 51723.97679469514
1343, 51569.312223934205
1067, 51555.38937209271
525, 51538.99939635225
169, 51537.59939759628
560, 51460.568027762376
18, 51459.703054836435
14, 51274.04934565426
576, 51274.03680947428
877, 51259.37223107531
531, 51195.013972762994
285, 51187.83080105042
1036, 51125.353329428835
334, 51082.1827946621
1031, 50976.72657182634
518, 50869.74324640502
826, 50838.21223446251
696, 50787.13826373835
705, 50703.87586051538
703, 50703.87586051538
857, 50701.697756873946
459, 50655.619723940494
908, 50503.37733382998
1010, 50333.32395198963
949, 50114.457107153474
1175, 49983.33163148772
775, 49875.06872849221
575, 49790.55972944431
421, 49719.45615644447
16, 49670.345856188185
427, 49669.94734479467
1262, 49611.06456438403
1121, 49271.27952424477
623, 49232.05877594617
915, 48884.124425900605
1051, 48850.45882077714
512, 48813.36814036848
108, 48747.19914921843
643, 48647.658181773004
1083, 48646.20645260482
177, 48633.67988070288
1176, 48577.34797595467
752, 48561.38373017459
1413, 48509.56209417897
1255, 48460.157907706314
1348, 48451.75995024217
719, 48451.046029968005
613, 48389.153172853694
272, 48280.18361811393
90, 48215.913943042164
563, 48129.62132418336
1362, 47990.84303185622
1285, 47902.97902837498
1193, 47889.86160070462
611, 47879.64921342235
1376, 47873.73103538548
156, 47858.78446687794
290, 47825.044986803136
217, 47821.986973009174
960, 47810.62138559748
1149, 47802.76050196874
1286, 47756.34014454553
698, 47741.414534024276
544, 47663.14877933543
461, 47470.16724464285
850, 47453.08945370223
1236, 47158.84809760985
135, 47120.37733529144
1282, 46967.30542974393
612, 46909.41869139989
102, 46859.608539804096
136, 46858.67969087927
1379, 46830.96195725471
1419, 46812.85116406304
1277, 46800.17888999347
1247, 46743.44291840845
819, 46708.60318875127
1062, 46695.513241877954
1223, 46652.44168139427
65, 46593.01961952716
62, 46593.01961952716
112, 46540.9403411508
137, 46536.58742556089
4, 46479.856089796165
1299, 46453.017916634475
1084, 46402.979587884125
1082, 46402.979587884125
1221, 46315.59440875387
750, 46207.198852565554
1412, 46165.556035815105
751, 46152.91883689313
577, 46127.4719876748
335, 46080.35231098249
338, 46035.26151299618
15, 46024.270820362486
363, 45960.12983663561
1020, 45936.19142171912
1318, 45893.33002159256
364, 45888.81790161144
223, 45870.58467785169
845, 45863.19029863381
799, 45856.72314897984
798, 45856.72314897984
633, 45757.48786023308
239, 45683.132768126736
21, 45683.132768126736
1001, 45679.78690352323
260, 45662.31921880099
692, 45660.90688800747
609, 45655.014836493756
350, 45352.00615238718
425, 45338.80069537284
348, 45335.746398293595
416, 45175.68695372946
3, 45118.84656606728
2, 45118.84656606728
113, 45102.8402827058
396, 45057.10777918471
44, 45057.10777918471
291, 44982.63445371746
754, 44936.98853308666
1148, 44875.49479916581
1308, 44851.32253232005
710, 44811.983223603616
712, 44783.25751348194
