596, 99969.62617316766
1306, 99885.55568431431
605, 99595.23513820724
1112, 99397.42477557494
977, 99043.49176750937
1052, 98462.60487287326
847, 97659.19692338839
598, 97398.04814211924
395, 97089.36706199832
178, 97025.76221876426
536, 96114.58612996075
535, 96114.58612996075
131, 95898.0734125178
1217, 94739.54363627691
1216, 94739.54363627691
381, 94603.21337661459
29, 94077.74976810793
173, 93807.44880913987
597, 93517.12105587315
215, 93473.62064286809
790, 93340.97345445328
1363, 93281.49752033703
836, 93072.99933185155
534, 93024.88782676433
780, 92459.75261002671
800, 92291.19576465656
557, 91964.79832211646
226, 91752.47145019314
1378, 91485.26824022975
186, 91280.62293286668
36, 91280.62293286668
1330, 91118.79633487819
474, 90760.72078918912
1310, 90326.29726096154
56, 90294.37567840639
1137, 89495.30982230365
921, 89162.48436139083
618, 88941.91198573759
1012, 88892.87062605222
1013, 88815.05653205936
570, 88645.73366193558
814, 88019.59848988582
538, 87616.05957842487
275, 86916.56000063798
581, 86725.848151051
432, 86649.6534689298
622, 86299.28005901928
621, 86299.28005901928
537, 86280.49775987194
1111, 86277.7882336199
106, 86246.35649269284
221, 85897.82969002871
140, 85419.06727250667
771, 85346.71370559784
478, 85129.6581665876
278, 84674.86630732358
450, 84573.95989592289
449, 84573.95989592289
279, 83974.83307775811
1343, 83741.78691018284
525, 83661.8828247005
978, 83496.06215773166
560, 83455.41072799599
18, 83453.13585150903
380, 83312.57734149575
584, 83170.98403642412
14, 82965.96492037227
576, 82965.93209800834
107, 82952.10499622274
877, 82927.54392994104
531, 82759.2305733847
299, 82584.00317410147
334, 82464.77692290452
354, 82398.9637437558
220, 82341.67264258859
1031, 82190.29115676187
30, 81898.89758117926
826, 81830.81514805868
857, 81477.69576634471
231, 81335.99298817758
1010, 80530.56464132121
153, 80511.5364753641
781, 80450.48577715008
867, 80368.85889587081
1224, 80106.13646098667
885, 79984.98219998376
949, 79971.76162388254
1175, 79638.36756369562
16, 78846.76274067095
1169, 78304.3833648419
1200, 77940.70615768284
1121, 77845.90192595778
623, 77748.04326702638
252, 77272.35971463774
1274, 77101.6853207362
277, 77061.60949357293
1051, 76800.61608188298
930, 76762.83574960245
509, 76558.45949534174
488, 76492.87586068807
1083, 76296.97459666965
204, 76250.96502852274
433, 76238.57827404865
1201, 76194.9288926888
1176, 76127.72610547082
752, 76088.52614938271
495, 76076.8632678365
719, 75817.99257536436
1204, 75541.69656434961
540, 75301.68463291864
90, 75243.79505745255
563, 75033.8533411471
1342, 74841.9986202085
517, 74631.66233780535
846, 74629.29568961069
971, 74458.34800275127
611, 74428.06331154665
1376, 74413.76351762854
290, 74296.20022577362
960, 74261.39666760238
1040, 73570.75862484003
850, 73402.38465528599
827, 73215.24305492517
1290, 73120.08783908433
858, 72582.64082612854
347, 72421.9260392818
116, 72342.72645731684
1282, 72246.51159487398
1277, 71851.82086695691
1247, 71718.1744589971
819, 71636.19238152991
1062, 71605.4070267726
1223, 71504.17491604584
367, 71374.4655180864
222, 70729.72996484
1221, 70715.89608615747
1412, 70366.72248249935
577, 70278.28144331666
335, 70168.96309808955
338, 70064.46115613078
583, 69724.49738707158
223, 69683.71397448958
1001, 69244.34382000088
260, 69204.21372827355
853, 68598.8289378591
1346, 68581.77236688475
361, 68342.89626573292
972, 68330.54366966702
967, 68330.54366966702
1155, 68016.8961677632
113, 67927.19258686928
415, 67916.79442240002
969, 67769.8824427338
420, 67728.00153018409
1287, 67429.60622132158
710, 67269.61926180002
776, 67215.56389484933
1066, 66685.1720307548
890, 66666.31319003226
259, 66658.67416310962
772, 66620.45572826905
762, 66493.68251282616
999, 66404.36051083982
565, 66193.79915145604
359, 66034.36984113079
743, 65940.76794883797
1189, 65880.21679577348
1037, 65618.67586406882
37, 65546.5119039392
1191, 65511.78819566243
304, 65432.4005183497
47, 65348.5467764945
80, 65158.89905312012
94, 64954.01057919041
310, 64801.69587353165
1281, 64564.000566774135
1390, 64312.71677200538
909, 64264.23205764059
67, 64166.655716631496
970, 64154.80756851158
205, 64100.63300840876
346, 63754.38375896303
802, 63734.42880348811
801, 63734.42880348811
783, 63661.436772567016
1009, 63569.93721380696
742, 63476.410870986474
224, 63409.40180946303
711, 63320.11879740311
1017, 63274.298974446894
441, 63211.32793403577
86, 62684.59973948159
601, 62619.83113177939
1371, 62618.54622443704
1407, 62617.516121754634
1408, 62610.114984946165
1409, 62591.65769074993
1065, 62591.65769074993
85, 62591.65769074993
1026, 62576.523730277775
1016, 62537.85382335816
968, 62089.02533411407
1015, 61637.07206307242
574, 61502.600437215515
1300, 61465.83025831472
122, 61464.162270532404
1410, 61384.63057611324
552, 61331.7051545083
903, 61287.490524725574
647, 61283.97565490868
42, 61097.27716185668
1316, 60565.595823295924
637, 60565.595823295924
809, 60489.863789693256
807, 60489.863789693256
187, 60425.03662686454
379, 60372.86849298642
993, 60239.58770505764
410, 59846.18609605052
1027, 59804.78868579007
1406, 59787.886490723075
483, 59787.886490723075
484, 59749.965760214494
485, 59625.92793087841
267, 59344.81232581539
167, 59332.49093794722
417, 59332.08312077041
419, 59200.00744736558
981, 59182.36064393443
553, 59092.87726137956
72, 58997.91384241364
12, 58923.081789601936
390, 58864.89804030483
434, 58829.907805549716
73, 58743.82109829206
26, 58733.716597792096
929, 58614.00314857616
168, 58494.994268570365
1323, 58167.24488398195
248, 58134.73630237673
824, 58133.32182271082
589, 58102.1349994875
526, 57866.782424842764
89, 57633.68441015655
1417, 57611.64300489622
295, 57505.48167508851
289, 57464.50677360281
1113, 57382.55159563097
233, 57382.388325559776
442, 57259.95220958211
1235, 57032.059205551675
235, 56998.74425316337
856, 56967.7214354313
854, 56967.7214354313
325, 56952.04526852658
720, 56926.1765201384
1059, 56910.41013672593
940, 56863.18651399494
832, 56863.18651399494
454, 56857.31952663231
855, 56848.49211433322
555, 56747.120208004795
288, 56696.635739922094
554, 56613.65239158404
709, 56559.51368524339
384, 56558.97758428481
1347, 56533.02136068161
571, 56384.00005674745
13, 56358.867506568524
22, 56358.85949338525
281, 56256.02872698209
185, 56231.89387794446
1018, 56157.401245359026
154, 56157.401245359026
437, 56120.923213970185
1232, 56069.815098857965
1088, 56049.04077874892
1400, 56027.646640692474
876, 55933.09691186754
155, 55931.07717734236
391, 55870.93373705083
409, 55849.184211210224
1119, 55820.26009529173
1102, 55685.95181435664
1106, 55685.95081517567
1105, 55685.95081517567
922, 55434.08092466684
465, 55267.00920463812
1056, 55236.67583953052
264, 55218.010105181136
356, 55189.666986221666
1283, 55067.42199841704
307, 55023.72397665232
1174, 54987.98654983284
150, 54987.98654983284
152, 54955.116112891345
149, 54615.28338656535
124, 54614.65056905885
777, 54582.043920385884
861, 54534.9560758152
1395, 54508.69871338228
401, 54490.292063675304
165, 54474.14738895988
151, 54427.19046554319
1222, 54395.56439058367
1101, 54366.832518009076
1271, 54282.10165347395
1248, 54276.58667437121
607, 53888.15747858282
1110, 53758.67364205137
1108, 53758.67364205137
125, 53601.600797001025
1081, 53541.42670431169
1109, 53524.25667195168
343, 53511.87829087117
1397, 53488.77024361149
1288, 53443.659727014456
258, 53435.76019242662
808, 53434.88294557962
1399, 52934.82154813197
1086, 52847.58135019807
1234, 52840.31448938693
451, 52838.984179868065
564, 52730.04686920415
475, 52721.50833006369
1085, 52670.94938336161
562, 52653.802074616804
860, 52641.509542950625
438, 52623.901834431366
891, 52588.52703130911
992, 52541.786634259
673, 52536.60994305007
302, 52496.497371246885
866, 52465.74150703695
1273, 52406.80964648805
530, 52399.393987005205
700, 52370.010811369306
1061, 52151.39943666155
1039, 52038.66637879163
1344, 51712.25722813944
501, 51414.512010387945
1032, 51291.410674885265
815, 51221.94405000775
1317, 51201.48665382168
1228, 51121.04293578922
865, 51121.04293578922
1404, 51108.43907987823
139, 51084.30607967523
1188, 51044.898170868844
674, 51042.36096528445
1190, 51025.014829745516
794, 50816.213035988825
817, 50759.63702123776
273, 50711.199963924715
477, 50624.72390352577
1063, 50609.23079498667
852, 50563.88896505663
266, 50551.63973689281
463, 50545.55867832356
796, 50510.43562228066
184, 50458.996564342044
183, 50458.996564342044
748, 50363.61361792827
98, 50123.69255259067
831, 50114.06666224928
1278, 50084.67986217916
456, 50079.95946232674
1418, 50056.35019318196
236, 49977.75735312794
934, 49923.266201511695
256, 49921.17301225828
1307, 49780.299181585106
1074, 49777.06104761558
1094, 49728.52551384786
455, 49682.914123882496
1326, 49514.229862422835
362, 49428.34416635109
768, 49279.5048029909
331, 49264.212649800174
195, 49196.748490894155
793, 49185.6324570295
833, 49170.25431648215
227, 49059.81838959649
1315, 49047.78672463127
365, 49047.78672463127
257, 48970.37561135045
1384, 48877.92028685828
1245, 48700.306795083205
816, 48616.95515865249
527, 48585.800471131006
1396, 48452.9415161668
1077, 48372.73253705487
825, 48346.041785086505
240, 48327.8836112846
368, 48293.35032448088
274, 48277.26251065416
271, 48277.26251065416
786, 48138.1926027182
276, 48121.699137610034
640, 48110.35247292551
17, 48097.25970250027
10, 48097.25970250027
792, 48071.19145968953
429, 48009.711411382545
255, 47970.29987325118
430, 47774.23860318838
306, 47723.17728217994
1314, 47573.63874483298
820, 47533.58046063861
1080, 47510.66500634203
642, 47474.855997483515
654, 47335.99282654677
828, 47309.15927370275
481, 47238.15017120862
1162, 47233.43164798194
829, 47233.43164798194
740, 46966.697383145445
739, 46942.537891291366
1370, 46916.168969560735
1369, 46916.168969560735
1060, 46907.8597129425
123, 46895.29660728086
765, 46853.949355144854
515, 46853.949355144854
514, 46853.949355144854
502, 46843.337093230155
690, 46787.43621280148
141, 46779.837938924225
713, 46631.71166045451
1356, 46532.0916551358
932, 46530.11549157085
133, 46355.91884873502
345, 46328.72835059797
717, 46250.49651393191
1135, 46044.81011492646
74, 45894.996312863026
1172, 45826.2235944796
770, 45749.42218486993
313, 45746.034282436485
6, 45739.3929556856
269, 45694.536632095085
1383, 45690.842252609546
466, 45660.26159977446
516, 45623.8246325467
862, 45615.342576223666
468, 45574.1327329863
469, 45554.43829164148
467, 45539.67107114802
1029, 45348.233687487285
872, 45341.094767928145
661, 45326.49520284953
99, 45167.45734610717
1035, 45155.908986966395
1270, 45127.9392088491
353, 45122.69144274905
1256, 45081.07893903435
145, 44768.77048433939
476, 44761.71397741809
1004, 44755.47221893586
1147, 44737.88195601759
464, 44737.88195601759
1373, 44728.73687113444
1003, 44711.62228009437
519, 44706.67380389728
1272, 44653.187721042785
369, 44627.23039935125
1120, 44514.21107394361
190, 44469.61671666677
919, 44453.506005067844
503, 44408.355924746764
5, 44395.46770995815
1199, 44354.559229078346
1334, 44339.006199640826
19, 44139.86965200342
104, 44074.46639600527
237, 44072.46220935818
83, 44060.24384192892
105, 44058.66330947884
103, 44058.66330947884
142, 44003.64412324235
93, 43976.74208034931
1302, 43886.90416011401
920, 43865.82772841667
528, 43800.02742119442
408, 43782.837548759366
830, 43440.812408323916
81, 43294.80173968018
1227, 43213.16464175723
78, 43209.41568843269
745, 43195.481118300326
45, 43085.13630127955
43, 43075.2360190241
701, 42922.434555557455
1011, 42890.57001574843
641, 42740.305205440505
114, 42733.61896904834
947, 42710.84446290649
1019, 42553.351409769755
445, 42553.351409769755
54, 42501.6220902167
