1141, 99946.0217123146
1138, 99946.0217123146
521, 99845.13207387335
962, 99770.1028333651
964, 99700.7336641516
963, 99700.7336641516
1267, 99687.52679203716
965, 99677.64813418363
1140, 99568.9392349455
283, 99502.21083629875
954, 99450.703577489
1126, 99349.18725127501
1139, 99327.83140879527
1265, 99246.36911022553
912, 99153.10811764318
914, 99040.67000418296
1338, 98950.08453142887
1337, 98950.08453142887
1218, 98830.23546724826
1219, 98776.44786983448
608, 98275.32051325138
646, 98156.81203102907
550, 98076.57939024105
918, 97823.7121939372
805, 97810.42587029858
400, 97742.11227288294
625, 97674.21701043045
388, 97577.7387672857
505, 97453.66452131096
162, 97440.825915076
1393, 97388.45242158345
879, 97276.65528163566
878, 97276.65528163566
77, 97269.21038591645
23, 96963.05525745408
308, 96836.38955629102
1394, 96830.60142429105
1364, 96693.13673168913
785, 96511.28400368943
387, 96498.71383910923
24, 96472.73950179339
804, 96435.68575487932
973, 96331.06722001437
25, 95793.86841677736
687, 95699.87213327843
389, 95693.60362013218
1391, 95496.43767495589
882, 95441.5195105811
1230, 95356.11124564816
1336, 94948.73395863395
333, 94907.03498502607
684, 94850.32018646435
686, 94478.3580776291
321, 94381.08284921733
84, 94366.79259346587
688, 94221.44687968225
1266, 94142.42255711844
895, 93919.37934219863
1092, 93855.64686486621
284, 93801.40878575943
33, 93796.81280667825
685, 93716.00190334038
975, 93670.91071521235
506, 93643.56985148044
976, 93595.88158069823
635, 93593.12472069383
634, 93593.12472069383
1186, 93449.74160436311
443, 93210.38611628412
682, 93193.35719150929
725, 92992.18020037537
683, 92601.2041838675
913, 92595.03443253062
524, 92258.91523157261
1341, 92221.2560104787
1352, 92205.80619733557
1006, 92138.86215397343
681, 91868.67413167762
818, 91417.00627472434
529, 90734.27008848118
1268, 90370.26639646648
508, 90329.55996563971
339, 90251.29389086533
1392, 90205.96248152699
842, 90186.46480664345
1296, 89878.5120902674
34, 89877.51761088167
507, 89861.50028744375
1118, 89778.74750213274
595, 89778.74750213274
724, 89676.5064632885
626, 89566.38000647446
372, 89504.45720587988
917, 89334.85905626821
675, 89234.30217960392
933, 89032.69214644686
92, 88934.17700401465
1251, 88723.62538778629
1269, 88701.41856394357
957, 88625.0056799834
841, 88524.45712050378
1210, 88464.88489346272
163, 88430.6628848215
91, 88107.86900501554
1211, 88054.95127146374
1297, 88029.33613203879
404, 88026.69379815593
953, 87510.72513876787
297, 87510.72513876787
229, 87127.5005396347
230, 87089.27229504225
881, 86427.63679390727
111, 86390.57148457934
143, 86380.21023054319
351, 85937.60081300698
1242, 85799.70005902906
1241, 85799.70005902906
117, 85631.76071889159
523, 85500.75664446701
991, 85415.63992571401
951, 85092.86208179407
1345, 84281.36834569847
1007, 84068.70282707852
383, 84049.0368886077
784, 83738.26052392795
764, 83665.21729926283
1128, 83595.75436402946
1365, 83288.16328294498
373, 83277.57925997082
1158, 83238.53736590024
32, 83138.12190895717
1351, 82779.67699371037
910, 82648.51896579824
130, 82577.87776662984
1361, 82087.95847835523
316, 81727.89592237274
774, 81416.73842341281
773, 81416.73842341281
1093, 81361.95858441378
510, 81361.95858441378
660, 81306.63032126347
1229, 81241.37884393193
96, 81226.28829653854
303, 81013.60723900894
1146, 80949.4269737326
1130, 80889.25881334758
1243, 80611.93809029559
821, 80590.15279897665
1380, 80587.09244465429
658, 80472.19555114854
551, 80145.50311083303
1311, 80008.85450243014
1167, 79823.66988511651
1298, 79788.66393455927
511, 79678.92202430347
1196, 79583.34584146057
1197, 79482.5296375031
1042, 79442.04069920642
1203, 79437.5502548149
1386, 79185.01148659574
1041, 79155.7454015581
1387, 79057.49248177405
586, 79004.70979095063
1195, 78445.58743622419
1198, 78436.18472698351
1374, 78412.8604078858
1116, 77837.64308477537
1340, 77821.12669477698
282, 77450.77104898538
1202, 77441.07504298106
766, 77304.67439842033
1320, 77266.72451914905
1096, 77253.72724042753
599, 76879.2526701272
883, 76716.76847461089
587, 76526.00962896536
995, 76016.63133058658
758, 76010.86142382096
198, 75942.7864556404
1097, 75844.35757226885
747, 75514.02140661045
669, 75408.82581461908
327, 75333.22082676039
746, 75251.56337788192
990, 75064.52013825235
896, 75036.38285598908
532, 74954.19235100165
887, 74657.56900379888
880, 74467.62520684447
707, 74330.27642039832
966, 74313.3437267394
1372, 74172.61785566602
806, 74110.99341780176
128, 73783.02721242823
1127, 73598.29572128021
1129, 73534.23606416724
548, 73356.32521115773
547, 73336.34529003371
340, 72917.03969811439
522, 72802.1526311855
1237, 72607.71300915252
1024, 72607.70949089326
1023, 72607.70949089326
280, 72194.33830869562
839, 72138.1822676792
175, 71901.76914703018
1054, 71850.43811785393
708, 71766.25899672392
1022, 71552.75693526464
1098, 71477.22088184327
431, 71440.23164780409
1064, 71416.75477820155
344, 71045.11557878369
664, 70984.83271734917
1049, 70909.65791113306
1156, 70793.75564254106
298, 70575.37080207637
1050, 70506.34407084079
624, 70372.35192706187
1021, 70343.87403321751
144, 70104.57959425595
1151, 69915.21829612782
755, 69109.00191707085
1275, 69001.58367209988
1154, 68761.0342714245
66, 68740.31864375832
559, 68692.03577281373
296, 68659.42381121493
533, 68639.5727389051
265, 68635.55141857182
440, 68609.83936869934
377, 68509.42905725024
336, 68347.59242452293
996, 68223.94558183115
911, 67899.29297067867
738, 67615.45841436498
292, 67613.27798175073
950, 67484.3467879817
578, 67234.44325732252
767, 66975.33849679976
1055, 66939.92985913731
952, 66714.31796960025
1220, 66332.6472970278
378, 66155.69256882739
1233, 65700.73951332692
941, 65622.09781565539
35, 65616.70028626577
959, 65586.16329898374
1215, 65577.1410340133
893, 65510.074631360396
301, 65253.62181868399
722, 65181.921939445674
760, 65166.07857886271
627, 64885.293724148476
721, 64841.27942687388
261, 64768.16137500752
542, 64687.17389060048
539, 64687.17389060048
1420, 64606.11670678178
823, 64490.47133059193
129, 64361.4075557359
1339, 64264.117698839276
201, 64103.35963527963
1295, 63922.30185271824
982, 63790.01554855804
924, 63788.11818955491
916, 63632.64318523683
838, 63584.39257437221
822, 63523.126708025215
1107, 63449.36805871772
263, 63318.23778955532
1070, 63258.42172618963
1071, 63258.42122378359
439, 63118.81374650573
1385, 62960.52028226919
8, 62916.75866368895
115, 62820.4471513059
318, 62713.964884049645
943, 62680.33482262611
1194, 62471.07842202743
262, 62471.01736567774
906, 62433.0036481998
937, 62416.43807755214
121, 62378.00834053848
1072, 62341.93069716227
436, 62210.19469117638
735, 62198.27187642848
803, 62071.86111049056
1349, 62035.58061369163
1293, 62034.96604864084
1292, 62017.688138126025
944, 61733.66273844414
1332, 61700.92513950397
1213, 61679.42816949145
848, 61511.14300766587
945, 61427.743475599316
1114, 60950.18209870514
76, 60717.012840322495
462, 60553.20415797461
1291, 60525.735680205195
499, 60445.49260049562
87, 60343.170841351304
974, 60145.214204235584
629, 60040.23921131682
593, 60018.52420113761
1104, 59992.40727515156
1375, 59826.16237094116
52, 59647.70618459077
678, 59259.82184992141
1252, 59071.751930625025
1068, 59045.63411167929
407, 58961.226536132985
324, 58949.78093862435
810, 58890.43816919325
1276, 58786.89967285848
294, 58760.122783127954
615, 58638.064644415244
406, 58627.17444711517
394, 58621.30541338373
243, 58299.71357154452
650, 58255.96432268102
329, 58243.88367618355
1212, 57976.880274581854
1355, 57937.39274137309
392, 57936.70993734565
1359, 57925.41678238392
171, 57780.857971967795
341, 57674.66035821317
1261, 57581.6212484967
60, 57560.804840659184
843, 57465.238996958935
95, 57243.83561060268
355, 57215.05464307203
1208, 57066.03650559676
603, 57046.25736084671
79, 57018.20373447547
1209, 56970.830043732436
1239, 56965.64109687772
1206, 56813.11146042133
323, 56714.78489830459
859, 56667.15484474064
376, 56627.61899379972
716, 56587.295633008274
925, 56526.71246244649
1047, 56476.7131806408
317, 56426.55964518503
736, 56398.184994883064
884, 56392.90781228581
447, 56355.375291471435
319, 56307.85260558976
1131, 56281.30165636255
610, 56224.08220216899
988, 56211.25754241535
100, 56180.15336212994
1257, 56166.25037403875
714, 56134.98974469735
101, 56073.34499782677
543, 56071.74621803395
472, 56048.67841449468
979, 55920.229842275796
561, 55863.06100804972
1353, 55829.69728195452
1289, 55757.10314637831
82, 55757.10314637831
779, 55728.60963378035
672, 55715.46892049295
723, 55657.54222703667
737, 55599.752199577975
1207, 55593.19783077919
671, 55467.87571085804
75, 55440.03851881513
1205, 55372.4701178536
1095, 55268.17361386811
1014, 55171.9091911209
907, 55072.71438192607
197, 55069.05265240438
1254, 55033.048726486966
385, 54728.58324149884
998, 54503.925882061376
1244, 54416.417146798136
715, 54408.687323455786
616, 54408.209457080644
677, 54403.21601650321
57, 54240.14651846819
797, 54237.39504319987
1327, 54230.00453742057
894, 54214.33391136376
1153, 54073.95566619175
1226, 54038.11459082456
489, 54018.157301007996
1045, 53894.05720220703
649, 53713.00876847279
585, 53662.11745422203
1053, 53657.31468437307
1033, 53640.067523475744
1335, 53613.12186942101
926, 53503.36110553308
375, 53287.362455503164
118, 53243.967234617696
652, 53191.18268296999
49, 53104.20345590341
9, 53089.59244135681
931, 52950.534224993775
648, 52946.7866158674
393, 52799.725960715725
602, 52648.31195766899
448, 52422.63930268871
1402, 52340.67919868052
300, 52311.830230815205
1142, 52259.98677412575
1073, 52212.25945764566
1331, 52152.31295692717
935, 52146.327425774274
1366, 51611.74273838295
27, 51468.82743222151
181, 51408.14818939421
946, 51400.12079291697
1377, 51364.76761885039
573, 51316.132786093694
541, 51303.57597316927
590, 51225.24313274145
1038, 51142.66006196458
994, 50919.3408740314
1069, 50827.9029905614
126, 50700.27554953185
651, 50684.885229853484
1259, 50614.783021894735
1260, 50514.81593168353
614, 50488.786884615634
639, 50374.001623333075
789, 50317.776081249474
147, 50288.02321186333
1357, 50179.10051007161
928, 50159.89387651578
680, 50144.272062285774
888, 50015.723849342976
631, 49990.02021794975
997, 49838.61962381025
873, 49838.61962381025
50, 49772.73697651601
196, 49770.2173742891
1358, 49734.677899166374
1294, 49725.814539789295
837, 49691.1240344618
312, 49683.86104452229
28, 49639.935793290526
182, 49563.716356841156
572, 49476.07522029452
199, 49468.220934712714
58, 49409.73882135054
1099, 49300.91919967153
97, 49221.20306261458
851, 49107.978737432
989, 49092.34534158836
403, 49092.34534158836
1325, 49019.91078136004
453, 49008.872849697174
452, 49008.872849697174
127, 48994.962712186105
1143, 48908.11407267251
1165, 48802.11197297033
628, 48723.80385138527
936, 48710.170329714354
718, 48570.43278665004
1231, 48491.540072825635
844, 48453.772531325565
293, 48390.56695691828
1238, 48376.92401923502
849, 48312.15282911311
1089, 48276.759346908635
1164, 48254.80294352712
200, 48254.80294352712
549, 48247.65613762553
188, 48209.93226493421
1333, 48139.815000612005
202, 48038.94183793716
491, 48015.8181231662
245, 47963.206533703444
1258, 47936.789616297174
138, 47812.765089830566
402, 47774.13712459827
1161, 47756.05380800957
232, 47749.20572912258
1091, 47557.1439109444
1090, 47557.1439109444
591, 47538.84287489022
357, 47383.24084547655
214, 47311.27057429366
679, 47275.206764515155
875, 47150.76289247696
567, 47092.06550185502
744, 47068.09217164804
1134, 47066.87771949712
487, 46899.731899765204
1309, 46867.925562708
1319, 46749.760407085545
493, 46742.53297332037
1048, 46716.58421329015
731, 46645.07790661945
457, 46631.85268378268
