1141, 99970.40744919456
1138, 99970.40744919456
962, 99853.3970787023
964, 99783.91207413717
963, 99783.91207413717
1267, 99770.68315781216
521, 99761.85161097691
965, 99760.78801293833
283, 99585.05819086968
1140, 99486.11868659435
1126, 99431.7798755784
954, 99368.07952545586
1265, 99328.79079909157
1139, 99245.4113114392
912, 99235.3749131297
914, 98958.72558207835
1338, 98868.28987637203
1337, 98868.28987637203
1218, 98748.63875106665
1219, 98694.93990963267
608, 98356.13657140335
550, 98157.06877815828
646, 98076.32306400704
918, 97903.78690188107
805, 97890.47881947808
625, 97754.04706356835
400, 97662.30170349855
388, 97657.41112884601
162, 97520.27476339522
505, 97374.32412524744
1393, 97309.21812967547
879, 97197.60272559959
878, 97197.60272559959
77, 97190.16992479481
1394, 96909.0578889333
23, 96884.51137258111
1364, 96771.37050443301
308, 96758.05066287705
785, 96589.22366289419
387, 96576.63318885394
804, 96513.50331085947
973, 96408.71595839912
24, 96394.98764008895
687, 95776.5062368568
389, 95770.22768067798
25, 95717.20653763588
882, 95517.74024303863
1230, 95432.19556865706
1391, 95420.2509229659
1336, 95024.1693231931
333, 94831.78540744941
684, 94775.16048209001
686, 94553.04758620329
321, 94306.66466405068
688, 94295.73058049954
84, 94292.39693305151
1266, 94068.38010918676
895, 93993.18732298636
284, 93875.03139239119
33, 93870.42819609547
1092, 93782.05464826856
685, 93642.62842946744
975, 93597.60780361666
506, 93570.30970852406
976, 93522.6960054834
635, 93519.9434550818
634, 93519.9434550818
1186, 93376.78430457594
443, 93283.08352553095
682, 93120.79951173704
725, 92919.93532235247
913, 92666.77478050323
683, 92529.56528703177
524, 92330.13549082751
1352, 92276.9444524013
1341, 92150.20355925111
1006, 92067.93655894577
681, 91798.16373206684
818, 91347.1872291973
529, 90665.48962554218
1268, 90438.59949661928
339, 90319.44712047887
1392, 90274.04723851786
508, 90261.391479034
842, 90118.51204532252
1296, 89946.10325974734
34, 89945.10728405452
1118, 89846.18864704104
595, 89846.18864704104
507, 89794.03616248764
626, 89633.50235162122
724, 89609.3197192872
372, 89437.52792121841
917, 89401.63471023357
675, 89167.7761659266
933, 89099.0166717207
92, 89000.35477907119
1251, 88789.49006604492
1269, 88767.25026327718
957, 88559.38471689705
163, 88496.09315479895
841, 88458.98491708572
1210, 88399.50074643831
91, 88172.82229791033
1211, 88119.82653695134
1297, 88094.17364475832
404, 87961.9555415371
953, 87574.80066379978
297, 87574.80066379978
229, 87064.07765478702
230, 87025.90503286161
881, 86490.13548889158
111, 86328.21654692851
143, 86317.87024367899
351, 85999.39254124221
1242, 85861.29356570078
1241, 85861.29356570078
117, 85693.11325623984
523, 85439.67913773484
991, 85354.68392144158
951, 85153.44456703783
1345, 84222.01995260103
1007, 84127.83526626496
383, 84108.14165595804
784, 83796.92885994879
1128, 83654.22311615667
764, 83606.73318308867
1158, 83296.50732118067
1365, 83230.2049370592
373, 83219.63563838873
32, 83195.95203500269
1351, 82837.00936070622
910, 82705.66973655931
130, 82520.90341065655
1361, 82031.65792317514
316, 81783.78014729872
774, 81472.19778498658
773, 81472.19778498658
1093, 81417.34331597306
510, 81417.34331597306
660, 81361.93972669491
96, 81281.4884124186
1229, 81186.23317477836
1146, 81004.25130267911
303, 80958.77024927177
1130, 80944.00164527554
821, 80644.4913958519
1380, 80641.42691327677
1243, 80557.64333890637
658, 80526.3751436075
551, 80091.8346506419
1311, 80062.4117752877
1298, 79841.92672740355
1167, 79770.43143975658
511, 79732.03835307117
1196, 79636.33477645533
1197, 79535.38436015781
1042, 79389.30992447212
1203, 79384.82543912549
1386, 79237.47112878198
1387, 79109.78324291643
1041, 79103.3938818318
586, 79056.93072854597
1195, 78497.07160535712
1198, 78487.65655073174
1374, 78464.30161412185
1116, 77888.33209539435
1340, 77871.79418924788
282, 77500.95727590755
1202, 77390.96631525036
766, 77354.67140860982
1096, 77303.65835062177
1320, 77216.84109393369
599, 76928.7007331424
883, 76766.00767474221
587, 76575.00418546237
995, 76064.9756091604
758, 76059.19836136757
198, 75991.03682381213
1097, 75892.48290797425
747, 75561.72830859755
669, 75456.3998501271
327, 75380.69948447791
746, 75298.93913003194
990, 75111.66059756388
896, 75083.48797045354
532, 74907.24927847783
887, 74704.19955987789
880, 74514.01871610364
707, 74376.49889712084
966, 74359.54514003605
1372, 74218.64439884797
806, 74156.94348909317
128, 73737.53921232566
1127, 73643.61203477856
1129, 73579.47350148312
548, 73401.3439487481
547, 73381.33950010904
340, 72961.52070806775
522, 72846.49354163065
1237, 72651.81731318453
1024, 72651.81379064977
1023, 72651.81379064977
280, 72237.94169682164
839, 72181.71782833603
175, 71945.01973799091
1054, 71893.62695868888
708, 71723.22300269105
1022, 71595.58854224299
1098, 71519.96207751491
431, 71482.92860484435
1064, 71459.42366910841
344, 71087.34141229025
664, 71026.98690147404
1049, 70951.72283129972
1156, 70835.68312369766
1050, 70547.93170503792
298, 70533.75082072425
624, 70413.7815965104
1021, 70385.2701685298
144, 70063.51287293677
1151, 69956.11130921863
755, 69148.95699556147
1275, 69041.41460451433
1154, 68800.58789564852
66, 68779.8484320916
559, 68731.51003363657
296, 68698.8605888852
265, 68674.96076936579
440, 68649.21918972152
533, 68600.20398107916
377, 68548.69366511503
336, 68386.6716926774
996, 68262.88354189905
911, 67937.86112493112
738, 67653.70470436383
292, 67651.52180439375
950, 67522.4448549457
578, 67272.25960323466
767, 67012.86385348473
1055, 66977.41553726624
952, 66751.55132255389
1220, 66369.45572922734
378, 66192.30482204026
1233, 65736.84979529139
941, 65658.12167993672
35, 65652.71822311604
959, 65622.14771007211
1215, 65613.1155427813
893, 65545.9755746286
301, 65289.24215229501
722, 65217.46401637288
760, 65201.603375202365
627, 64920.51296180153
721, 64876.45088653976
261, 64803.25353597471
542, 64722.178322754284
539, 64722.178322754284
1420, 64641.033444618566
823, 64525.26314426469
129, 64326.79217111845
1339, 64298.66564571921
201, 64137.73490726462
1295, 63956.483163565914
982, 63824.05549264358
924, 63822.1561081741
916, 63666.51533626691
838, 63618.21336287551
822, 63556.882335517184
1107, 63483.04532155321
263, 63351.775958418875
1070, 63291.89654193354
1071, 63291.89603899564
439, 63152.14093208726
8, 62949.87276176202
1385, 62927.39498417065
115, 62853.45991979307
943, 62713.20045597595
318, 62681.09844968877
1194, 62503.72492268575
262, 62503.66380250505
906, 62465.610355924815
937, 62449.027479749464
121, 62410.557614103105
1072, 62374.442320678456
436, 62242.569022239135
735, 62230.63379613124
803, 62104.09158609599
1349, 62067.77341363717
1293, 62067.158210578156
1292, 62049.86236565926
944, 61765.54286533212
1332, 61732.771454328074
1213, 61711.25229156674
848, 61542.79366523888
945, 61459.308342608136
1114, 60981.25795610758
76, 60747.85132656244
462, 60583.87642808719
1291, 60556.38012214002
499, 60476.05582094056
87, 60373.63064884095
974, 60175.47444174771
629, 60070.3938845727
1104, 60022.51390917522
593, 59988.42156836479
1375, 59856.10233758604
52, 59677.46775662619
678, 59289.19751088233
1252, 59100.941385419435
1068, 59074.79775432067
407, 58990.306837165794
324, 58978.84994779017
810, 58919.44866782086
1276, 58815.808226238245
294, 58789.005000878125
615, 58666.82696755201
406, 58655.92608521036
394, 58650.051293832985
243, 58328.14484537724
650, 58284.352931363755
329, 58272.26050922347
1212, 58004.99746926659
1355, 57965.47163908794
392, 57964.78817307292
1359, 57953.48407037976
171, 57808.78531141337
341, 57702.48510986332
1261, 57609.35627878628
60, 57588.51981669277
843, 57492.861999229724
95, 57271.24611908223
355, 57242.43758906166
1208, 57093.27696415658
603, 57073.47893503536
79, 57045.39853536966
1209, 56997.97966292944
1239, 56992.785769505506
1206, 56840.110929551476
323, 56741.69097011004
859, 56694.015732455504
376, 56654.44240481622
716, 56614.08084779448
925, 56553.440341119
1047, 56503.393786120316
317, 56453.192873684566
736, 56424.791438240674
884, 56419.509275568125
447, 56381.941348780405
319, 56334.373866633956
1131, 56307.797906177206
610, 56250.524590883324
988, 56237.68786670261
100, 56206.554437501014
1257, 56192.63838092924
714, 56161.34837915512
101, 56099.64575893934
543, 56098.04547902604
472, 56074.95603594134
979, 55946.38713107606
561, 55889.164829031564
1353, 55855.76992441223
1289, 55783.108013751924
82, 55783.108013751924
779, 55754.58792325585
672, 55689.527063959744
723, 55683.4542861967
737, 55625.610464445606
1207, 55619.04999799312
671, 55493.61142689849
75, 55465.74840382014
1205, 55398.11735791537
1095, 55293.7243071999
1014, 55197.370934624865
907, 55098.08463020913
197, 55094.41952633792
1254, 55058.382434112966
385, 54753.63734771818
998, 54528.77467272873
1244, 54441.18619147733
715, 54433.44933017427
616, 54432.97102873731
677, 54427.973042232166
57, 54264.75531846138
797, 54262.00134599678
1327, 54254.60413333664
894, 54238.919289218924
1153, 54098.41386135366
1226, 54062.54036684949
489, 54042.56503449506
1045, 53918.35289174133
649, 53737.14146070343
585, 53686.20442799405
1053, 53681.39734579297
1033, 53664.134702051015
1335, 53637.16486874554
926, 53527.30573841921
375, 53311.11410176925
118, 53267.680203135926
652, 53214.848647622384
49, 53127.79206861017
9, 53113.168072693654
931, 52973.98648692254
648, 52970.235557479864
393, 52823.04479482619
602, 52671.49721113944
448, 52445.62617539875
1402, 52363.594234279764
300, 52334.720007380645
1142, 52282.831193600236
1073, 52235.06216096583
1331, 52175.06331792856
935, 52169.072563809816
1366, 51634.023817874295
27, 51446.68866496519
181, 51430.25379213187
946, 51422.21949111792
1377, 51386.83592186355
573, 51338.1593090977
541, 51325.591715609575
590, 51247.1916826738
1038, 51164.537884867445
994, 50941.028010469105
1069, 50849.51229150075
126, 50721.776443065515
651, 50706.37306919683
1259, 50636.211450165625
1260, 50536.15978095464
614, 50510.108738986346
639, 50395.22661790114
789, 50338.953711239184
147, 50309.17579935472
1357, 50200.1615455752
928, 50180.93878901214
680, 50165.30386560596
888, 50036.64793549963
631, 50010.92279890191
997, 49859.39575838324
873, 49859.39575838324
50, 49793.458207217605
196, 49790.936506701255
1358, 49755.3674461245
1294, 49746.4967115844
837, 49711.77735308561
312, 49704.50832484246
28, 49619.3421139405
182, 49584.26387942897
572, 49496.55012572676
199, 49488.68933856801
58, 49430.158847682746
1099, 49321.249360735106
97, 49241.46751842272
851, 49128.15005205812
989, 49112.503812652874
403, 49112.503812652874
1325, 49040.00979746637
453, 49028.96281347981
452, 49028.96281347981
127, 49015.04127102392
1143, 48928.12149742069
1165, 48822.03274695808
628, 48743.66073370391
936, 48730.016098923086
718, 48590.16483082372
1231, 48511.20805475696
844, 48473.409882245374
293, 48410.153098972274
1238, 48396.49911662014
849, 48331.67553336142
1089, 48296.2534511983
1164, 48274.27931632738
200, 48274.27931632738
549, 48267.12674056987
188, 48229.372426301365
1333, 48159.19864359608
202, 48058.2443159729
491, 47996.54970401116
245, 47982.448185276
1258, 47956.01007383273
138, 47831.886199878034
402, 47793.227345042775
1161, 47775.1295763632
232, 47768.276025957
1091, 47576.06107286634
1090, 47576.06107286634
591, 47557.74547723925
357, 47402.019883581655
214, 47329.9925975965
679, 47293.9002507049
875, 47169.358074050266
567, 47110.614405324945
744, 47086.62219069304
1134, 47085.406782142156
1309, 46886.29828078822
487, 46881.348654128924
1319, 46768.040579928056
493, 46760.807493327564
1048, 46734.83844504706
731, 46663.27628891791
457, 46650.04074600127
