92, 99910.83982954996
1251, 99822.71479349714
1269, 99794.60529843687
933, 99786.7973362377
163, 99452.02308128512
917, 99409.9379574753
626, 99124.81216980053
91, 99043.93938738112
1211, 98977.07493725957
1297, 98944.7123882007
1118, 98865.99160201216
595, 98865.99160201216
34, 98746.49115775686
1296, 98745.29075521187
1392, 98353.04468926442
339, 98299.21171395079
953, 98289.99344628025
297, 98289.99344628025
1268, 98158.4626899962
881, 96925.72967323962
351, 96309.84151567188
1242, 96136.67758974663
1241, 96136.67758974663
1352, 96080.94379425971
524, 96023.34467001517
117, 95925.88433010047
913, 95661.92380528142
951, 95250.14292938502
443, 95013.89009415769
33, 94412.19491237478
284, 94407.53888664795
895, 94288.33958336253
688, 93985.8436752269
1007, 93968.73026821256
383, 93944.16051824327
686, 93731.60044084174
784, 93556.06997007766
1128, 93378.22439565173
1336, 93273.17750948686
1158, 92932.73457689521
1230, 92883.366749663
32, 92807.58536788294
882, 92802.47364126024
389, 92565.37267597018
687, 92559.50805612447
1351, 92361.1370086706
910, 92197.88958886269
973, 91976.62105673594
804, 91881.44892986004
387, 91824.30629000471
785, 91812.92732305964
1364, 91648.95240696297
1394, 91525.79687886142
316, 91053.7077170445
162, 90987.20488852657
388, 90868.15074217076
625, 90784.64376140936
774, 90667.65530231106
773, 90667.65530231106
805, 90667.28830411097
918, 90655.87471805696
1093, 90599.72478533098
510, 90599.72478533098
660, 90531.12472866577
550, 90439.78280874986
96, 90431.52962353121
608, 90271.44260301045
1146, 90088.49251803472
1130, 90013.97791830974
821, 89643.73886481073
1380, 89639.95229625836
912, 89543.29055540494
658, 89497.81403647404
1265, 89467.36695762628
1126, 89383.97673551331
283, 89260.4729754673
965, 89119.76308534568
1267, 89111.86778037735
964, 89101.31709998632
963, 89101.31709998632
962, 89045.98639646253
1311, 88925.07924850586
1141, 88906.31949511865
1138, 88906.31949511865
521, 88741.33429999242
1298, 88653.1612508675
1140, 88523.08937459523
511, 88517.70089109958
954, 88429.61963144387
1196, 88399.75977102181
1139, 88332.45845052485
1197, 88275.38646496205
914, 88105.28173954344
1338, 88033.58834154629
1337, 88033.58834154629
1218, 87938.71216962488
1386, 87908.55248476396
1219, 87896.124023375
1387, 87751.41703875615
586, 87686.39181623922
646, 87405.13773320476
400, 87076.15898612642
1195, 86998.1712002987
1198, 86986.60660234802
1374, 86957.92081641432
505, 86847.15548317891
1393, 86795.36205441157
879, 86706.5518164774
878, 86706.5518164774
77, 86700.63689747122
23, 86457.31349469897
308, 86356.59449702359
1116, 86251.06861556234
1340, 86230.78923041427
24, 86067.2774460994
282, 85776.29814409681
766, 85597.14051169738
1096, 85534.68133377134
25, 85526.54307953808
1391, 85289.3746814763
599, 85075.86134207396
883, 84876.92795471029
333, 84818.92386680201
684, 84773.62235600896
587, 84643.49157519378
321, 84398.5934402266
84, 84387.16603935591
1266, 84207.69743362526
995, 84020.75709810675
758, 84013.708199464
1092, 83978.18045796399
198, 83930.5518343908
685, 83866.3640886094
975, 83830.25123839204
1097, 83810.34464072988
506, 83808.35257551458
976, 83770.15344400867
635, 83767.94502641108
634, 83767.94502641108
1186, 83653.06733615865
682, 83447.56153927873
747, 83407.15794093013
725, 83286.22462443041
669, 83278.84047996772
327, 83186.64067763812
746, 83087.0816064576
683, 82972.46704020456
990, 82859.11796427143
896, 82824.83515282402
1341, 82667.29522186861
1006, 82601.08265551289
681, 82383.87069693727
887, 82363.54336941642
880, 82132.4255467345
818, 82020.4671408387
707, 81965.37931772784
966, 81944.78984146987
1372, 81773.71010071224
806, 81698.81452117283
529, 81470.4491112631
508, 81144.01208688186
1127, 81076.19876453241
842, 81028.52110515407
1129, 80998.46719334633
548, 80782.65785753279
507, 80766.10651560998
547, 80758.42844211882
724, 80616.63491082893
372, 80477.56635042405
675, 80259.08940259658
340, 80250.24956065672
522, 80111.11434775387
1237, 79875.73658063673
1024, 79875.73232276991
1023, 79875.73232276991
957, 79765.85672978272
841, 79684.39631337418
1210, 79636.12456253679
280, 79375.74729430034
839, 79307.86879158182
404, 79280.85607359107
175, 79022.22005299896
1054, 78960.22335351357
1022, 78600.86208521132
229, 78550.72317905347
230, 78519.64947831423
1098, 78509.72166907492
431, 78465.0980504455
1064, 78436.7780347638
344, 77988.71543764198
111, 77951.23960053796
143, 77942.8037132601
664, 77916.07926901265
1049, 77825.51633892467
1156, 77685.92581078276
1050, 77339.96459407885
523, 77226.05228336556
624, 77178.76984348692
991, 77156.60672558204
1021, 77144.51811907359
1151, 76629.27708959459
1345, 76229.89108560978
764, 75725.48763719831
755, 75661.85281874952
1275, 75533.11719151125
1365, 75416.46974863096
373, 75407.79170521628
1154, 75244.96781179446
66, 75220.16186090963
559, 75162.35095477101
296, 75123.30775183745
265, 75094.72981786735
440, 75063.95170024259
377, 74943.77823863857
130, 74833.63025847782
336, 74750.15790556661
996, 74602.28547042061
1361, 74431.06857685739
911, 74214.26348797843
738, 73875.30952545021
292, 73872.70668224937
1229, 73734.38528686538
950, 73718.82554648572
303, 73546.71407256149
578, 73420.71690950205
1243, 73215.52378614148
767, 73111.84739832836
1055, 73069.65503401733
551, 72830.55159162311
952, 72800.91548930101
1167, 72564.68794382174
1220, 72346.66254430018
1042, 72249.17460783511
1203, 72245.460482615
378, 72136.21712059755
1041, 72012.29867140458
1233, 71595.62593271125
941, 71502.24919304813
35, 71495.84106764884
959, 71459.58832528036
1215, 71448.87789804021
893, 71369.27092479116
301, 71064.9990813006
722, 70979.96790361377
760, 70961.18100072867
627, 70628.36377514257
1202, 70590.36632487763
721, 70576.21628167832
261, 70489.60092648838
1320, 70445.46982765754
542, 70393.68363494647
539, 70393.68363494647
1420, 70297.70500758968
823, 70160.80772995057
1339, 69892.98247935007
201, 69702.8712951312
1295, 69488.8535346162
982, 69332.55240932568
924, 69330.3110197321
916, 69146.68452939857
838, 69089.71310520114
822, 69017.38483572942
1107, 68930.32404506681
263, 68775.5880099612
1070, 68705.02234257296
1071, 68705.02174992728
439, 68540.36997062132
532, 68518.13160883788
8, 68302.17882499359
115, 68188.68878843654
943, 68023.63852654955
1194, 67777.25465692651
262, 67777.18278806901
906, 67732.4395134457
937, 67712.94279154834
121, 67667.71658753604
1072, 67625.26275559141
128, 67538.14447369517
436, 67470.27972109258
735, 67456.25566439849
803, 67307.59458618033
1349, 67264.93757521219
1293, 67264.21503290624
1292, 67243.90193867237
944, 66910.11889572136
1332, 66871.6626374396
1213, 66846.41240029647
848, 66648.79640060669
945, 66550.89442350355
1114, 65990.71601747956
708, 65844.40270520785
76, 65717.47268030529
462, 65525.614048078794
1291, 65493.45032183724
499, 65399.504835084335
87, 65279.74013627165
974, 65048.13184128976
629, 64925.36203446527
1104, 64869.433460892076
298, 64840.56576915806
1375, 64675.10422185305
52, 64466.59819805658
144, 64442.96147001594
678, 64013.74634412641
1252, 63794.34737183031
1068, 63763.88762766447
407, 63665.462539565444
324, 63652.117910021836
810, 63582.93572670599
1276, 63462.25647819058
294, 63431.05218828188
615, 63288.8410936829
406, 63276.155103192854
394, 63269.318420961376
533, 63202.93366456491
243, 62894.870434657954
650, 62843.955812442255
329, 62829.89762526404
1212, 62519.304302529665
1355, 62473.38921481831
392, 62472.59531095928
1359, 62459.46484620911
171, 62291.42281522315
341, 62168.015478087356
1261, 62059.92812439485
60, 62035.748567546565
843, 61924.76032241682
95, 61667.73692416495
355, 61634.33687659008
1208, 61461.44420197398
603, 61438.501423222246
79, 61405.96277705477
1209, 61351.02090147082
1239, 61345.003421197056
1206, 61168.15659967867
323, 61054.192811416506
859, 60998.99884898486
376, 60953.189878970916
716, 60906.47347834232
925, 60836.294742551065
1047, 60778.38487994109
317, 60720.304204146
736, 60687.44820841151
884, 60681.337852200224
447, 60637.88212013063
319, 60582.86593087198
1131, 60552.13142727564
610, 60485.90355379676
988, 60471.0612287419
100, 60435.06565276274
1257, 60418.97727828003
714, 60382.80504762762
101, 60311.48374631902
543, 60309.634159116664
472, 60282.9484980417
979, 60134.384931839544
561, 60068.28002016378
1353, 60029.70590637039
1289, 59945.78678203051
82, 59945.78678203051
779, 59912.85264834614
723, 59830.72063523412
737, 59763.9447721761
1207, 59756.37191371964
671, 59611.60158700986
75, 59579.45109256245
129, 59557.64284060101
1205, 59501.42316509663
1095, 59381.009529068455
1014, 59269.89919577432
907, 59155.43667535352
197, 59151.21193049977
1254, 59109.67437873286
385, 58758.57496023016
998, 58499.69198394466
1244, 58398.89399218805
715, 58389.99144241512
616, 58389.441082847916
677, 58383.69017063467
1385, 58356.11667390442
57, 58195.926556877
797, 58192.75912361526
1327, 58184.251464150984
894, 58166.21261535815
318, 58144.24394485722
1153, 58004.653611673304
1226, 57963.41448102027
489, 57940.45312887865
1045, 57797.70056038791
649, 57589.5256077808
585, 57531.027473899456
1053, 57525.50723818064
1033, 57505.68418270427
1335, 57474.71598535908
926, 57348.5929079103
375, 57100.50337002282
118, 57050.67828825014
652, 56990.08048715548
49, 56890.245199360026
9, 56873.47687495325
931, 56713.919692019335
648, 56709.62046143312
393, 56540.94766531054
602, 56367.35129800043
448, 56108.74814735094
1402, 56014.867050890716
300, 55981.826948235816
1142, 55922.45817690799
1073, 55867.81031979525
593, 55820.02538158859
1331, 55799.1813858427
935, 55792.32953789343
1366, 55180.8148842153
181, 54948.1521306041
946, 54938.981223222036
1377, 54898.59429985761
573, 54843.04086324608
541, 54828.698941989525
590, 54739.24099634102
1038, 54644.949508948535
994, 54390.07310843914
1069, 54285.75811166929
126, 54140.19969926464
651, 54122.65048147484
1259, 54042.723734815205
1260, 53928.77259805111
614, 53899.10743993623
639, 53768.31196624211
789, 53704.258757558695
147, 53670.36761968998
1357, 53546.31808125737
928, 53524.4478397542
680, 53506.660394757666
888, 53360.31993194481
631, 53331.06471704835
997, 53158.78523236571
873, 53158.78523236571
50, 53083.83881396852
196, 53080.9728408109
1358, 53040.549793193604
1294, 53030.4690946156
837, 52991.01631402795
312, 52982.75673175583
182, 52846.14963150125
572, 52746.52743335376
199, 52737.600559558625
58, 52671.13796728919
1099, 52547.49643810604
97, 52456.94527560358
851, 52328.36462575264
989, 52310.61396743068
403, 52310.61396743068
1325, 52228.37911906932
453, 52215.84916833922
452, 52215.84916833922
127, 52200.05929599111
1143, 52101.4876991184
672, 52079.178134590846
1165, 51981.20825047055
628, 51892.37472074723
936, 51876.91061293277
718, 51718.44281363665
1231, 51629.00151192419
844, 51586.19081204807
293, 51514.55495051881
1238, 51499.09391868597
849, 51425.69882557512
1089, 51385.598267917
1164, 51360.72372569984
200, 51360.72372569984
549, 51352.627380364465
188, 51309.89399345662
1333, 51230.476981658045
202, 51116.250925917615
245, 51030.5104996345
1258, 51000.607810357746
138, 50860.24612278134
402, 50816.53935776078
1161, 50796.079995816566
232, 50788.33237564042
1091, 50571.09954127892
1090, 50571.09954127892
591, 50550.40583177251
357, 50374.50119228167
214, 50293.16506457019
679, 50252.413953754716
875, 50111.82587038784
567, 50045.52979038466
744, 50018.455966152665
1134, 50017.08449373417
1309, 49792.46907454419
1319, 49659.11786073072
493, 49650.962950886016
1048, 49621.685553063064
731, 49541.01707298766
457, 49526.09897192869
59, 49188.40844830264
763, 49168.319912408646
666, 49154.15170004236
405, 49111.82702974582
