303, 100000.0
1229, 99655.12321878619
1243, 99388.70873323835
551, 98680.62999863761
1361, 98410.17663479819
1167, 98193.17643389016
130, 97715.17886907255
1042, 97616.32594431411
1203, 97609.54597327714
1041, 97184.40880797566
373, 96753.23766231735
1365, 96738.95509448196
764, 96235.21011140633
1345, 95432.71582117773
1202, 94612.40559895156
1320, 94352.2938739492
991, 94019.00363584473
523, 93916.09230969183
143, 92877.41926100185
111, 92865.44369646195
230, 92071.40956937514
229, 92028.72090010082
404, 91046.36380128193
532, 90926.64396990853
1210, 90582.2930930981
841, 90519.92002326433
957, 90415.02833171695
675, 89789.55754608875
372, 89517.68133223879
724, 89346.24038192134
128, 89208.87418871712
507, 89163.35980151247
842, 88845.71348651941
508, 88707.27736839511
529, 88320.40906874188
818, 87682.98133251892
681, 87271.44119591794
1006, 87029.00805924134
1341, 86955.62721924635
683, 86620.51124623616
725, 86281.17998454822
708, 86277.41146722146
682, 86108.71136493604
1186, 85890.97889520564
635, 85770.20864047235
634, 85770.20864047235
976, 85767.89351124951
506, 85727.88763928662
975, 85704.98646564512
685, 85667.27319326314
1092, 85550.91667383451
1266, 85314.02942644333
84, 85130.60108104258
321, 85118.97460945867
684, 84740.89068496338
333, 84695.6724681448
298, 84561.99397136751
1391, 84231.73069148416
25, 84001.67940603157
144, 83887.00189621976
24, 83486.51094338774
308, 83216.07525853992
23, 83122.76243128306
77, 82899.08120145237
879, 82893.67433420446
878, 82893.67433420446
1393, 82812.66543087666
505, 82765.57105734594
400, 82558.65243659499
646, 82265.08373180787
1219, 81834.83811816716
1218, 81797.95568291412
533, 81797.91923041493
1338, 81716.03786063602
1337, 81716.03786063602
914, 81654.36195907978
1139, 81460.19899119872
954, 81377.74231709553
1140, 81298.74611454242
521, 81115.53596572937
1141, 80978.1765535083
1138, 80978.1765535083
962, 80862.65513646539
964, 80817.08095506053
963, 80817.08095506053
1267, 80808.4029383805
965, 80801.91155141906
283, 80686.58895600995
1126, 80585.93706478488
1265, 80518.27511246808
912, 80456.87958689724
608, 79877.94603937017
550, 79746.59998687144
918, 79579.33865721895
805, 79570.54583685198
625, 79480.3778175929
388, 79416.48246538271
162, 79325.76781241638
1394, 78920.87299956864
1364, 78829.5324294162
785, 78708.62378634553
387, 78700.26314008792
804, 78658.33595095281
973, 78588.71988810308
687, 78168.11363331418
389, 78163.93141884124
882, 77995.6632122666
1230, 77938.61564023257
1336, 77666.25512049177
686, 77351.24594214193
688, 77178.95314369607
895, 76976.15956676702
284, 76896.89591045398
33, 76893.80717456593
443, 76499.25005724901
913, 76084.27359396862
524, 75857.18834661401
1352, 75821.28047640319
129, 75794.0040136899
1268, 74575.70949313631
339, 74494.67121398792
1392, 74463.78384983027
1296, 74240.50867678924
34, 74239.83015038788
1118, 74172.42697138552
595, 74172.42697138552
626, 74027.41476708461
917, 73869.18790134849
1385, 73858.71450057218
933, 73662.46622387534
92, 73595.01661182399
318, 73519.64626811074
1251, 73450.77339796563
1269, 73435.55323345156
163, 73249.87653857688
91, 73028.25827194961
1211, 72991.9004071315
1297, 72974.29848416008
953, 72617.54804308324
297, 72617.54804308324
881, 71870.17020472675
351, 71530.98648865915
1242, 71435.42003653283
1241, 71435.42003653283
117, 71318.96709946687
951, 70944.7664918111
1007, 70231.43414715848
383, 70217.70872284615
784, 70000.668539599
1128, 69901.05659710584
593, 69842.56042154206
1158, 69651.11687633571
32, 69580.79452439705
1351, 69329.54443957724
910, 69237.52153549617
316, 68590.25909846165
774, 68370.96325739136
773, 68370.96325739136
1093, 68332.32802115804
510, 68332.32802115804
660, 68293.29753326188
96, 68236.6063261782
1146, 68041.10905220883
1130, 67998.59490997637
821, 67787.10029884649
1380, 67784.93506660071
658, 67703.62542274238
1311, 67375.35642064267
1298, 67219.1447330888
511, 67141.2388588178
1196, 67073.36173023068
1197, 67001.7354179609
1386, 66790.1929575843
1387, 66699.44772222782
586, 66661.87304496457
1195, 66263.36567468973
1198, 66256.6564701284
1374, 66240.01256853725
1116, 65829.05873654758
1340, 65817.24505436375
282, 65552.13740046033
766, 65447.45146095356
1096, 65410.93086677697
599, 65142.26843358474
883, 65025.57169259159
587, 64888.47182284855
995, 64521.867798972744
758, 64517.710891074166
198, 64468.65932772857
1097, 64397.71268742418
747, 64159.406112330405
669, 64083.451527394
672, 64083.12811429557
327, 64028.84264603934
746, 63969.843641256804
990, 63834.6290982006
896, 63814.27978503322
887, 63540.093430242916
880, 63402.4556390201
707, 63302.864427552355
966, 63290.58279902295
1372, 63188.479321449
806, 63143.74972284798
1127, 62771.18505185684
1129, 62724.58081911739
548, 62595.08573084113
547, 62580.5372895735
340, 62274.95017442831
522, 62191.13170212881
1237, 62049.18597041569
1024, 62049.183400999216
1023, 62049.183400999216
280, 61747.04455516722
839, 61705.960676207214
175, 61532.898843712435
1054, 61495.30122983209
1022, 61277.11074721304
1098, 61221.70383447042
431, 61194.565506076906
1064, 61177.338862850695
344, 60904.42436708827
664, 60860.11702520384
1049, 60804.849201615005
1156, 60719.60619567539
1050, 60508.051235036306
624, 60409.34005789938
1021, 60388.35371329279
1151, 60072.171698162805
755, 59476.014938528846
1275, 59396.43810811769
1154, 59218.110834164385
66, 59202.745551595806
559, 59166.92798921308
296, 59142.73158782527
265, 59125.01747817866
440, 59105.936371651114
377, 59031.40214250279
336, 58911.207727065754
996, 58819.32350780787
911, 58577.8495693072
27, 58528.71443131946
738, 58366.47588553501
292, 58364.85116176173
950, 58268.754106815446
578, 58082.34915899837
767, 57888.88166999257
1055, 57862.42709103756
952, 57693.77827097542
1220, 57408.12136633654
378, 57275.53157573182
1233, 56934.20391139412
941, 56875.139179447266
35, 56871.08461225118
959, 56848.14387475149
1215, 56841.36540497937
893, 56790.97031444991
301, 56598.139606450604
722, 56544.19142681906
760, 56532.26849753822
627, 56320.83620292858
721, 56287.671333032275
261, 56232.56358900799
28, 56175.15196151747
542, 56171.50565415243
539, 56171.50565415243
1420, 56110.37501563881
823, 56023.12418303919
1339, 55852.22845900694
201, 55730.76129077044
1295, 55593.860546494376
982, 55493.77281296725
924, 55492.33687962426
916, 55374.63464401735
838, 55338.09137662453
822, 55291.680459414005
1107, 55235.790454157104
263, 55136.38603270279
1070, 55091.0242828317
1071, 55091.02390178356
439, 54985.10891016786
8, 54831.7102759036
115, 54758.546763807295
943, 54652.05832571055
1194, 54492.9052902863
262, 54492.85883310996
906, 54463.932317593964
937, 54451.32534990148
121, 54422.07571265083
1072, 54394.612117048535
436, 54294.295524892055
735, 54285.21366764297
803, 54188.896691935974
1349, 54161.24405529899
1293, 54160.775604520284
1292, 54147.60507529294
491, 54104.16712457038
944, 53930.96589035723
1332, 53905.979228406046
1213, 53889.57004782825
848, 53761.063794661815
945, 53697.345238916096
1114, 53332.0611048575
76, 53153.45112461301
462, 53027.86980564772
1291, 53006.80326711891
499, 52945.24842888221
87, 52866.72751092397
974, 52714.72343808185
487, 52691.2639951864
629, 52634.06659453161
1104, 52597.303702810335
1375, 52469.47419951871
52, 52332.1579065256
678, 52033.34555505755
1252, 51888.29136920536
1068, 51868.13838819554
407, 51802.99315537432
324, 51794.15777209584
810, 51748.34168017465
1276, 51668.377080289814
294, 51647.69126645786
615, 51553.36939956241
406, 51544.95156575649
394, 51540.414801612955
243, 51291.65640412485
650, 51257.7898987225
329, 51248.43713512528
1212, 51041.60568352754
1355, 51010.99772526866
392, 51010.468419744015
1359, 51001.713818439355
171, 50889.61388932509
341, 50807.21899406585
1261, 50735.003609019404
60, 50718.842466113376
843, 50644.63059797305
95, 50472.58669498735
355, 50450.21056931432
1208, 50334.31196028562
603, 50318.923395438265
79, 50297.094962302755
1209, 50260.22790298453
1239, 50256.189332238624
1206, 50137.436397725556
323, 50060.84389138692
859, 50023.73075845785
376, 49992.9190375776
716, 49961.488388871294
925, 49914.25606634582
1047, 49875.266315978166
317, 49836.14816997278
736, 49814.013257013656
884, 49809.896268320714
447, 49780.612714978306
319, 49743.5281243406
1131, 49722.805766640005
610, 49678.139654280734
988, 49668.12713687916
100, 49643.841153122085
1257, 49632.98475980435
714, 49608.57206301036
101, 49560.42190872889
543, 49559.172952696375
472, 49541.15161876944
979, 49440.771825596494
561, 49396.07842781362
1353, 49369.990471419966
1289, 49313.214781258954
82, 49313.214781258954
779, 49290.925407407274
723, 49235.32064642819
737, 49190.0923292964
1207, 49184.9619870257
671, 49086.840986833486
75, 49065.038923349755
1205, 49012.10893988337
1095, 48930.37871238136
1014, 48854.91129443468
320, 48833.73329330351
907, 48777.11502165369
197, 48774.24259586098
1254, 48745.99716692069
385, 48506.9721190975
998, 48330.407661973004
1244, 48261.587492201936
715, 48255.507264198495
616, 48255.13137125031
677, 48251.20345218294
57, 48122.88558940326
797, 48120.71973273698
1327, 48114.90208503593
894, 48102.56591264084
1153, 47992.02199964008
1226, 47963.78781671101
489, 47948.064427522906
1045, 47850.262618265886
649, 47707.48987467998
585, 47667.338182942854
1053, 47663.54850495943
1033, 47649.93881962725
1335, 47628.67412470716
926, 47542.029591047765
375, 47371.40574102475
118, 47337.108019833366
652, 47295.38101298243
49, 47226.602555632206
9, 47215.046511052395
931, 47105.028292631
648, 47102.06242662064
393, 46985.64169970523
602, 46865.70000178974
448, 46686.79405968949
1402, 46621.77702775607
300, 46598.88652278603
1142, 46557.74387797004
1073, 46519.85990148063
1331, 46472.26614062781
935, 46467.51335006405
1366, 46042.5484609073
181, 45880.45230836332
946, 45874.05829607387
1377, 45845.89609647311
573, 45807.14697255643
541, 45797.141226447355
590, 45734.7107693188
1038, 45668.87075809983
994, 45490.71372266166
1069, 45417.719368163234
126, 45315.788338408005
651, 45303.49301145501
1259, 45247.478323736366
1260, 45167.571839744756
614, 45146.760602695314
639, 45054.95822601676
789, 45009.974324691604
147, 44986.16590337855
1357, 44898.979969389744
928, 44883.60210779357
680, 44871.09353137146
888, 44768.13228676977
631, 44747.53819056849
997, 44626.188909202145
873, 44626.188909202145
50, 44573.359144346505
196, 44571.338443778935
1358, 44542.83379584492
1294, 44535.72422304742
837, 44507.89535914597
312, 44502.068446076206
182, 44405.653617001866
572, 44335.29185030998
199, 44328.984854929135
58, 44282.017144480415
1099, 44194.59203962375
97, 44130.52314825021
851, 44039.48639122882
989, 44026.9131291862
403, 44026.9131291862
1325, 43968.64637003934
453, 43959.76583900986
452, 43959.76583900986
127, 43948.57389741937
1143, 43878.681646203484
1165, 43793.34087120288
628, 43730.2716807817
936, 43719.28914856722
1187, 43651.25785667228
718, 43606.68674432453
1231, 43543.08467775424
844, 43512.629603445275
293, 43461.6509188677
1238, 43450.645378152796
849, 43398.38686441023
1089, 43369.824770205996
1164, 43352.104089801906
200, 43352.104089801906
549, 43346.335657619886
188, 43315.884549156326
1333, 43259.27229832957
202, 43177.798588189624
245, 43116.6055816874
1258, 43095.25650898134
1253, 43062.0138436895
138, 42994.99317861316
402, 42963.75503366219
1161, 42949.12944354712
232, 42943.59050064737
1091, 42788.17966957872
1090, 42788.17966957872
591, 42773.36443514439
1157, 42654.09750392082
357, 42647.353745247965
214, 42589.042310295714
679, 42559.8161896212
875, 42458.932682622355
567, 42411.329795391706
744, 42391.88431646618
1134, 42390.899185946415
1309, 42229.44639842215
1319, 42133.48929599778
