725, 99958.4082979142
682, 99726.99995732668
683, 99589.2703367695
1186, 99435.06850473823
635, 99273.24270990473
634, 99273.24270990473
976, 99270.14125925841
506, 99216.55176687716
975, 99185.87825524255
1341, 99149.94956090426
685, 99135.37124466154
1006, 99054.71631008442
1092, 98979.58633647954
681, 98742.51469826407
1266, 98662.63331453981
84, 98417.39694901134
321, 98401.8583798188
818, 98220.92029374007
684, 97896.91681764356
333, 97836.57346506898
529, 97433.2116802873
1391, 97218.02382382556
508, 96966.68937876551
25, 96911.69775181856
842, 96801.81250629135
507, 96427.52491802278
24, 96226.65671660432
724, 96214.541095981
372, 96016.51787383221
308, 95867.5632178613
23, 95743.74166807553
675, 95705.68977887738
77, 95447.09943093597
879, 95439.93193500658
878, 95439.93193500658
1393, 95332.56118643985
505, 95270.1560004008
957, 95005.16172091092
400, 94996.09332987509
841, 94889.62441563787
1210, 94821.18067554056
646, 94607.61797634601
404, 94317.93749959051
1219, 94039.03096717809
1218, 93990.33082437352
1338, 93882.1886664246
1337, 93882.1886664246
914, 93800.78977004376
1139, 93544.6558936351
954, 93435.93634672007
1140, 93331.81006482877
229, 93286.37414732057
230, 93242.5516823903
521, 93090.43279214462
1141, 92909.56889571836
1138, 92909.56889571836
962, 92757.52949992333
964, 92697.56624151758
963, 92697.56624151758
1267, 92686.14945266544
965, 92677.60962701656
283, 92525.92914657571
111, 92442.08342751165
143, 92430.21985663654
1126, 92393.59660564254
1265, 92304.6649607403
912, 92223.9885395203
608, 91464.12895471412
523, 91423.97701243649
991, 91326.66527520554
550, 91291.95744724793
918, 91072.82616685746
805, 91061.31025726521
625, 90943.23889291768
388, 90859.59390803767
162, 90740.87326023732
1394, 90211.45285081417
1364, 90092.1278602718
1345, 90031.16195894632
785, 89934.23664225609
387, 89923.32126533543
804, 89868.58753306634
973, 89777.7258024042
764, 89328.42434788206
687, 89229.24466442986
389, 89223.79514528441
882, 89004.60632896323
1230, 88930.32556043373
1365, 88898.72908215577
373, 88886.67118456893
1336, 88575.9003877484
686, 88166.41136021902
130, 88089.99066664897
688, 87942.6404681597
895, 87679.43414906971
284, 87576.61004794402
33, 87572.60380765592
1361, 87532.7044821583
443, 87061.21136186311
1229, 86570.75420479377
913, 86524.13829105416
303, 86312.16669374712
524, 86230.57897590398
1352, 86184.18189514316
1243, 85856.38616673293
551, 85327.48546674538
1167, 84962.78383252783
1268, 84578.47095272767
1042, 84530.56666519889
1203, 84525.4825600104
339, 84474.25078043519
1392, 84434.53574008653
1041, 84206.49523003813
1296, 84147.57919095347
34, 84146.70748984934
1118, 84060.12539649857
595, 84060.12539649857
626, 83873.92248428855
917, 83670.86195456244
933, 83405.73943343734
92, 83319.27724486525
1251, 83134.4452687476
1269, 83114.94786690145
163, 82877.17723258301
91, 82593.58848139984
1211, 82547.08549581184
1297, 82524.57419700382
1202, 82268.70362631194
1320, 82071.96534709742
953, 82068.62812854232
297, 82068.62812854232
881, 81115.32710503884
351, 80683.5298076133
1242, 80561.9636809544
1241, 80561.9636809544
117, 80413.88488096267
951, 79938.47741698394
532, 79467.70234262441
1007, 79033.97503761735
383, 79016.59383915119
784, 78741.85803021437
1128, 78615.83753411601
1158, 78299.8322591282
32, 78210.97264203413
128, 78152.48005865986
1351, 77893.67389150959
910, 77777.53105833281
316, 76961.69067256538
774, 76685.70580369823
773, 76685.70580369823
1093, 76637.10547919759
510, 76637.10547919759
660, 76588.01473841214
96, 76516.72329995836
1146, 76270.9879486598
1130, 76217.57130748998
821, 75951.96009607812
1380, 75949.2418631169
708, 75893.4284782447
658, 75847.18085926237
1311, 75435.43266514137
1298, 75239.66466562453
511, 75142.07184064112
1196, 75057.06404087033
1197, 74967.38305173707
1386, 74702.65061075464
1387, 74589.14938242993
298, 74562.89909034832
586, 74542.16287621975
1195, 74044.22115751596
144, 74037.603297012
1198, 74035.8439123243
1374, 74015.06286839211
1116, 73502.34753566091
1340, 73487.61955085162
282, 73157.2748014091
766, 73026.91333953445
1096, 72981.4469802344
599, 72647.15587403195
883, 72502.05147383368
533, 72405.51851349004
587, 72331.65366484887
995, 71876.41665515007
758, 71871.2581224712
198, 71810.39309588408
1097, 71722.37849160373
747, 71426.90280543374
669, 71332.7791623667
327, 71265.12291321985
746, 71192.04229120354
990, 71024.61274407907
896, 70999.42210229058
887, 70660.18005910363
880, 70490.00885513322
707, 70366.92878477185
966, 70351.75349392125
1372, 70225.61895103756
806, 70170.37609689285
1127, 69710.58189974444
1129, 69653.10855419248
548, 69493.46192968974
547, 69475.53058914562
340, 69099.09851899635
522, 68995.91895761302
1237, 68821.25480552553
1024, 68821.25164464925
1023, 68821.25164464925
280, 68449.76019882494
839, 68399.276451295
175, 68186.69861808905
1054, 68140.53326445517
1022, 67872.74193451532
1098, 67804.77214652949
431, 67771.48534313987
1064, 67750.35746822
129, 67661.25134797647
344, 67415.80786953837
664, 67361.52438471004
1049, 67293.8244139492
1156, 67189.43227982626
1050, 66930.48815298027
624, 66809.73102111166
1021, 66784.06301825818
1151, 66397.57529998636
1385, 66114.75893888381
318, 65842.93384806668
755, 65670.02225652304
1275, 65573.02114072061
1154, 65355.74512740421
66, 65337.03023579489
559, 65293.40840509088
296, 65263.94295844206
265, 65242.3729793382
440, 65219.139942117756
377, 65128.40239064557
336, 64982.12822811803
996, 64870.34847664286
911, 64576.759802980734
738, 64319.97098394706
292, 64317.997911471844
950, 64201.31710593222
578, 63975.09636682425
767, 63740.46028049486
1055, 63708.38866299653
952, 63504.00066658738
1220, 63158.08324346616
378, 62997.64021751862
593, 62878.175414201396
1233, 62584.950826092565
941, 62513.587209957645
35, 62508.68891052998
959, 62480.97564087222
1215, 62472.78741981232
893, 62411.91748334863
301, 62179.10474386363
722, 62113.99880667401
760, 62099.611585166014
627, 61844.578611687306
721, 61804.59166000181
261, 61738.158351868
542, 61664.566874972224
539, 61664.566874972224
1420, 61590.90344184101
823, 61485.79189434987
1339, 61280.00537003322
201, 61133.81333665344
1295, 60969.12023254031
982, 60848.763205051095
924, 60847.036778117945
916, 60705.552340782066
838, 60661.63714051164
822, 60605.87171570728
1107, 60538.72855438705
263, 60419.34180773155
1070, 60364.87512163821
1071, 60364.87466414278
439, 60237.734012744026
8, 60053.67680048517
115, 59965.92521341704
943, 59838.243883271505
1194, 59647.50485724378
262, 59647.449195422654
906, 59612.7931597632
937, 59597.69019914231
121, 59562.6521124664
1072, 59529.756759988864
436, 59409.62616962815
735, 59398.752576925675
803, 59283.45456873735
1349, 59250.35959046474
1293, 59249.79897079595
1292, 59234.037479166815
944, 58974.8834359988
1332, 58945.00573281109
1213, 58925.385927843796
848, 58771.77471098279
945, 58695.63348696184
1114, 58259.45739609102
672, 58171.38201487799
76, 58046.38484811866
462, 57896.65167912697
1291, 57871.53999300322
499, 57798.17603340601
87, 57704.61379106686
974, 57523.56434872714
629, 57427.53404098369
1104, 57383.772911258915
1375, 57231.65291852841
52, 57068.318361238955
678, 56713.15591214495
1252, 56540.87961795037
1068, 56516.95138915638
407, 56439.61393217325
324, 56429.12630777498
810, 56374.7476146835
1276, 56279.858996481555
294, 56255.31679856144
615, 56143.43306235893
406, 56133.44967656118
394, 56128.06928364167
243, 55833.18230083978
650, 55793.05533603656
329, 55781.97447566875
1212, 55537.018482465624
1355, 55500.783513863
392, 55500.15693372693
1359, 55489.79359695323
171, 55357.12197926773
341, 55259.639340750924
1261, 55174.22301541646
60, 55155.110536164895
843, 55067.3598264808
95, 54864.01545252124
355, 54837.57723351754
1208, 54700.67137912352
603, 54682.497667107076
79, 54656.72020063385
1209, 54613.1878381216
1239, 54608.41945852789
1206, 54468.23638056158
323, 54377.852422469165
859, 54334.065177213655
376, 54297.716789770435
716, 54260.64223203335
925, 54204.9360880481
1047, 54158.95812128301
317, 54112.83495052998
736, 54086.73901306036
884, 54081.88551201802
447, 54047.365236703874
319, 54003.6538746792
1131, 53979.23099936345
610, 53926.59451296855
988, 53914.796438289246
100, 53886.18116384888
1257, 53873.39025181619
714, 53844.62916224814
101, 53787.90958071046
543, 53786.43846931715
472, 53765.21233348089
979, 53647.005710845486
561, 53594.38818005706
1353, 53563.67857312589
27, 53557.610256292435
1289, 53496.854229223834
82, 53496.854229223834
779, 53470.62345713347
723, 53405.19495342647
737, 53351.98533920922
1207, 53345.9501845723
671, 53230.54457824364
75, 53204.907237943255
1205, 53142.674155088534
1095, 53046.60107662571
1014, 52957.91384149741
907, 52866.513884090484
197, 52863.13964540594
1254, 52829.961513541304
385, 52549.32271912632
998, 52342.166737284846
1244, 52261.45682294731
715, 52254.32705906181
616, 52253.88628640458
677, 52249.28043642171
57, 52098.84998542499
797, 52096.31146273827
1327, 52089.49290060461
894, 52075.0347655135
1153, 51945.50336245009
1226, 51912.42743739692
489, 51894.00911071002
1045, 51779.466710336674
649, 51612.3247823521
28, 51580.112652147116
585, 51565.33454465391
1053, 51560.89975155836
1033, 51544.97377123028
1335, 51520.0914286511
926, 51418.725293147785
375, 51219.19913687099
118, 51179.10574969799
652, 51130.33402587969
49, 51049.95901846847
9, 51036.45640010091
931, 50907.93279716155
648, 50904.46873476917
393, 50768.51985556827
602, 50628.51612041149
448, 50419.792376355756
1402, 50343.970804363584
300, 50317.28037024936
1142, 50269.31311691875
1073, 50225.151045478335
1331, 50169.67821293993
935, 50164.13910187818
491, 49828.79619460632
1366, 49669.23043617319
181, 49480.644872413905
946, 49473.208107755585
1377, 49440.4550781962
573, 49395.39446509736
541, 49383.759944918456
590, 49311.1758075077
1038, 49234.64437370918
994, 49027.64368990916
1069, 48942.86794104863
126, 48824.52047854864
651, 48810.24772219405
1259, 48745.231908433314
1260, 48652.50660610086
614, 48628.36092781763
487, 48627.89056650146
639, 48521.87017373063
789, 48469.70103898269
147, 48442.09296606999
1357, 48341.01194846248
928, 48323.18639305037
680, 48308.68751720616
888, 48189.36714065474
631, 48165.50595811019
997, 48024.93965714004
873, 48024.93965714004
50, 47963.76189598072
196, 47961.422109575695
1358, 47928.41805406092
1294, 47920.18674819628
837, 47887.96902692374
312, 47881.22354563925
182, 47769.62912530622
572, 47688.21274078533
199, 47680.91580054095
58, 47626.5809843715
1099, 47525.46602155443
97, 47451.38375352682
851, 47346.14662786484
989, 47331.61469295371
403, 47331.61469295371
1325, 47264.279223794096
453, 47254.01769072541
452, 47254.01769072541
127, 47241.08574457488
1143, 47160.3385474423
1165, 47061.769603900255
628, 46988.942853612316
936, 46976.26279221841
718, 46846.2832255726
1231, 46772.88792213735
844, 46737.74910644496
293, 46678.93847532442
1238, 46666.24347407752
849, 46605.96925080475
1089, 46573.030673493806
1164, 46552.59631763941
200, 46552.59631763941
549, 46545.94479646261
188, 46510.83409492764
1333, 46445.568779878275
202, 46351.664063799515
245, 46281.1515465973
1258, 46256.55453078935
138, 46141.0615383018
402, 46105.08647701386
1161, 46088.24439386373
232, 46081.866248776714
1091, 45902.958210864505
1090, 45902.958210864505
591, 45885.907938956014
357, 45740.92191773649
214, 45673.85068207856
679, 45640.23908925328
875, 45524.243359412714
567, 45469.52343729834
744, 45447.17324258911
1134, 45446.04099512817
320, 45323.724482704325
1309, 45260.528482676986
1319, 45150.32006568677
493, 45143.57867797341
1048, 45119.374388453485
731, 45052.670515319434
