362, 99933.79582526292
1074, 98666.93946801823
227, 98438.78444692171
256, 98105.56673524338
831, 97369.04079738517
1245, 97001.96550601446
1396, 96025.50645286795
796, 95906.76593265023
852, 95714.64224526123
1077, 95710.98475525794
274, 95337.94821778854
271, 95337.94821778854
273, 95191.20332031253
794, 94823.3714219612
1190, 94104.79012143261
674, 94045.8460419708
1188, 94037.23388323611
139, 93903.78145617477
1404, 93822.34468160463
1228, 93779.89962153173
865, 93779.89962153173
1317, 93510.38677222969
815, 93442.22909666447
501, 92808.10921495661
1314, 92632.37014301313
1080, 92393.914206437
1344, 91853.45302312529
654, 91735.6162767826
828, 91634.89057403458
481, 91368.85790438327
1162, 91351.20662456354
829, 91351.20662456354
1039, 90841.35687496579
1061, 90499.85690687376
740, 90358.72229934379
739, 90269.34204918046
1060, 90141.19527382057
123, 90094.81372873907
765, 89942.32593964711
515, 89942.32593964711
514, 89942.32593964711
502, 89903.22804879183
700, 89849.00037593755
690, 89697.5455127662
141, 89669.6231036499
866, 89568.61082545912
302, 89479.11571387282
673, 89362.81920460249
992, 89347.84560125241
860, 89060.9438858267
562, 89025.78085108846
1085, 88976.80435854083
564, 88808.66404913776
932, 88756.53970691588
451, 88501.35927274394
1234, 88497.62750665288
1086, 88477.25147610239
1399, 88233.79761444678
133, 88124.85662971521
1288, 86855.40209393657
1397, 86736.51962274894
1109, 86643.36887305962
1081, 86598.41410115724
74, 86473.88054860833
1172, 86230.05433737428
1110, 86036.06544861056
1108, 86036.06544861056
6, 85923.1258087085
269, 85764.96859592646
607, 85706.48011332205
516, 85516.20004373154
1029, 84553.05744917522
1101, 84522.88977284789
661, 84477.51567135577
151, 84377.41587587855
401, 84226.20648375228
1395, 84182.2667264566
861, 84119.71652209565
124, 83930.80286111018
149, 83929.30838094247
1035, 83886.88984482545
353, 83772.32467669941
145, 82560.58467475863
264, 82544.69566536407
1004, 82515.36980382455
1056, 82503.01872734517
1147, 82455.59670700386
464, 82455.59670700386
1373, 82424.5366433852
1003, 82366.43796364001
369, 82080.50081291163
922, 82066.5131766701
1106, 81520.6455307245
1105, 81520.6455307245
1102, 81520.64338937245
919, 81494.73449082831
503, 81343.120879259
5, 81299.88938766626
409, 81173.32736291269
1199, 81162.8064321631
391, 81127.42573648994
1334, 81110.74378924837
155, 81000.9500742478
1400, 80799.26128606756
1088, 80754.80839515314
1232, 80711.72255974083
437, 80606.05535518198
1018, 80530.9224942443
154, 80530.9224942443
19, 80446.81543965884
571, 80069.47277565766
142, 79995.46586137528
93, 79906.60273195709
709, 79718.17643996219
554, 79610.87370805042
1302, 79610.49164841765
920, 79541.16534143373
555, 79348.43836138761
855, 79151.08247713096
454, 79133.97649836197
1059, 79031.36356947255
856, 78921.10500906048
854, 78921.10500906048
442, 78367.02480426212
830, 78154.64243919437
233, 78138.8433832841
1113, 78138.54063591316
745, 77364.12566375136
45, 77010.87917380265
43, 76979.25507013174
1323, 76729.03562554264
701, 76492.61405684942
168, 76166.09046191142
26, 75765.11498919278
434, 75605.64709912676
390, 75547.93470067075
72, 75329.96278784497
553, 75175.71112722205
419, 75003.0433128873
417, 74792.10952860712
167, 74791.46150453565
267, 74771.89223216246
399, 74107.82284578159
1027, 74054.25464445764
410, 73990.87804532475
546, 73582.12710502432
993, 73398.25088152813
187, 73124.80221204202
840, 72713.91419218022
1075, 72659.23915653482
1076, 72436.63926434281
238, 72405.4344563797
1414, 72347.56702569885
134, 72275.57438930016
42, 72163.91872309832
558, 72114.95788234407
1057, 71963.74187483036
647, 71905.18541324943
903, 71900.3472371457
1410, 71767.11071333643
122, 71658.70478365959
1300, 71656.43773253287
574, 71606.52902208346
1015, 71425.10337657137
968, 70827.66857781647
1313, 70513.59043920544
1136, 70485.83784312579
418, 70445.14860515652
471, 70417.85360651244
423, 70283.27264674619
424, 70266.31794003001
1016, 70252.510274398
1409, 70184.73698093643
1065, 70184.73698093643
85, 70184.73698093643
1408, 70161.54440984223
1407, 70152.25263118488
601, 70149.34720127817
86, 70068.24424569505
1028, 70058.95249221764
659, 69792.28647357831
1382, 69604.28861511411
834, 69585.56865775975
1398, 69565.20170631666
1044, 69534.7851765192
441, 69421.62768700524
1017, 69345.83386989261
270, 68966.686467111
268, 68966.686467111
783, 68886.72287134081
802, 68801.46036498873
801, 68801.46036498873
346, 68778.22148405708
970, 68318.21065171884
309, 68133.17660812917
868, 67413.82482312227
64, 66983.40355480016
304, 66926.63783204132
645, 66851.29464504377
644, 66851.29464504377
63, 66851.29464504377
1191, 66843.78624382759
250, 66755.28362085694
61, 66589.89183170139
504, 66536.33831009414
1189, 66464.53251588345
500, 66430.59528938434
565, 66148.38592956951
228, 66117.35744508602
1403, 66091.0917337738
398, 65965.47256111313
545, 65944.90108874209
1002, 65933.39429213393
600, 65881.13063806381
762, 65851.60207327892
835, 65829.44215893862
397, 65816.49859920384
772, 65727.73538241893
172, 65715.81351367543
556, 65696.88857624918
1066, 65664.86320025173
759, 65627.72421091534
1401, 65618.3481585575
366, 65538.95495042061
444, 65527.48837406066
1058, 65253.84708788232
699, 65167.74995922124
776, 65158.56973971568
1287, 64958.681181830405
420, 64684.13961259328
969, 64645.98469642595
415, 64512.86840608183
194, 64480.77694279446
619, 64479.55066710148
905, 64476.59059956432
899, 64476.59059956432
1155, 64422.80804923225
749, 64322.50151803726
192, 64314.380990867496
191, 64314.380990867496
1264, 64172.933146905816
1263, 64172.933146905816
972, 64143.93573445868
967, 64143.93573445868
361, 64133.05426590562
460, 64117.77841906583
209, 64039.10809368319
1346, 63924.11634228165
853, 63909.30497514189
249, 63816.59488746661
1043, 63596.246039668134
330, 63578.41075434041
180, 63375.750037048616
604, 63326.88172376423
583, 62962.29824327204
620, 62701.46380275562
1170, 62642.25972826929
305, 62413.79419028393
1173, 62384.38221424282
704, 62288.08787091189
702, 62288.08787091189
222, 62164.48348779948
594, 62084.65335112619
782, 61913.82079169973
216, 61788.303063922256
161, 61764.23246010525
160, 61760.033920083
159, 61753.907364661674
367, 61674.83202603819
210, 61456.7748933987
146, 61456.7748933987
1152, 61305.026544530396
1240, 61169.424194825806
116, 60969.68994576147
347, 60913.54821067173
858, 60800.31528466797
88, 60643.75427760214
170, 60572.728198228666
53, 60572.728198228666
218, 60561.50595959715
1290, 60428.25606075307
158, 60391.50827696531
157, 60391.50827696531
827, 60363.42124318955
1067, 60161.8109356009
169, 60137.58704101812
1040, 60123.884159032204
285, 59661.88732807218
1036, 59577.028657286915
971, 59543.818470957696
846, 59434.94575879137
517, 59433.44478185285
1342, 59300.72471076052
518, 59230.208592643285
696, 59118.249907892365
540, 59015.27104313545
705, 59005.46063020712
703, 59005.46063020712
459, 58940.11945003994
1204, 58868.685833570235
908, 58734.10914917905
495, 58547.730822097525
1201, 58477.99637602947
433, 58452.311858468354
204, 58445.03260748272
488, 58303.70313863814
509, 58265.658793981
930, 58147.83514974835
277, 57977.56173660553
1274, 57954.89804553835
775, 57886.03607321857
252, 57858.83857664262
575, 57772.230014123335
421, 57676.52465391052
427, 57609.91169483761
1262, 57530.71390975767
1200, 57489.713976423205
1169, 57293.44090137611
915, 56555.44043091783
512, 56460.75580098521
885, 56425.97284169367
108, 56372.24869974628
1224, 56365.83339301827
643, 56239.174290837866
867, 56236.48005676384
177, 56220.49377300781
781, 56196.58264095495
153, 56166.83218086502
1413, 56054.69695147092
1255, 55988.73943846495
1348, 55977.5297457466
613, 55893.98049890637
231, 55772.44167335638
272, 55748.639695953105
30, 55510.82147203522
1362, 55363.21667159898
220, 55309.235308535965
354, 55283.41637720157
1285, 55246.31661283098
1193, 55228.86996242007
299, 55200.43436333677
156, 55187.5421020599
217, 55138.61765939384
1149, 55113.059511474035
1286, 55051.36492204079
107, 55037.18805941795
698, 55031.53205593133
584, 54941.25688702651
544, 54927.56500738978
380, 54879.64419468713
978, 54800.3177607461
461, 54671.43346074853
279, 54596.02324521632
450, 54345.72411811749
449, 54345.72411811749
278, 54304.140153026645
1236, 54258.90551723924
135, 54207.98496123498
478, 54118.71966143336
771, 54031.362881689434
612, 53928.97868440103
102, 53863.15636961452
136, 53861.92912797434
1379, 53825.310418248875
221, 53812.78540520924
1419, 53801.38721574179
106, 53676.89584329429
1111, 53664.72824109744
622, 53656.41677325561
621, 53656.41677325561
65, 53511.22395741857
62, 53511.22395741857
581, 53492.82936418511
112, 53442.54227248852
137, 53436.80271865748
4, 53362.01395069264
1299, 53326.64267719996
1084, 53260.71098901692
1082, 53260.71098901692
750, 53002.9474852166
751, 52931.53967771931
15, 52762.395894095294
1013, 52727.7935360936
1012, 52700.40566381925
618, 52683.184000964146
363, 52678.11634598151
1020, 52646.67071541483
1318, 52590.37970860608
364, 52584.45471509577
845, 52550.805603045614
799, 52542.31508450759
798, 52542.31508450759
1137, 52490.924876904384
633, 52412.07594649536
239, 52314.54409451025
21, 52314.54409451025
692, 52285.39927098958
609, 52277.673706955284
56, 52219.87969582227
1310, 52209.209006212135
350, 51880.76311059342
425, 51863.48266499894
348, 51859.48606794636
557, 51677.03264689715
416, 51650.15407898107
3, 51575.86714449244
2, 51575.86714449244
780, 51522.05057989354
396, 51495.20864234551
44, 51495.20864234551
291, 51397.95514848163
534, 51348.22285484958
754, 51338.369587483525
836, 51333.575708772594
1148, 51258.12376604834
1308, 51226.588897910966
712, 51137.817989208634
1144, 51120.72997460749
29, 51032.96813549358
1246, 50842.56199365494
1217, 50840.320520172165
1216, 50840.320520172165
811, 50834.962419763775
411, 50596.144382789375
426, 50559.80067442723
414, 50559.80067442723
1100, 50532.01584174004
352, 50514.99465510369
131, 50512.84702384113
479, 50505.35321935574
536, 50452.98203363131
535, 50452.98203363131
422, 50422.068981262135
413, 50422.068981262135
219, 50404.3696971926
955, 50376.75030530687
412, 50205.67992750711
395, 50188.47519984777
984, 50098.23446254557
480, 50083.86155370187
847, 50037.55046267175
1117, 49917.285421875014
636, 49840.72372176833
428, 49758.31548200987
1112, 49593.1888860949
987, 49578.47359280905
985, 49578.47359280905
986, 49479.51971428773
1306, 49472.561777002426
596, 49437.108112361515
605, 49345.37664561237
382, 49309.73014291792
1103, 49212.660000844386
977, 49209.555144276346
470, 49146.034658757264
1052, 49065.73422658057
179, 49008.899652344095
1312, 48978.70573392542
812, 48963.647146337666
41, 48826.24502359119
598, 48799.940436869256
189, 48776.495937317646
178, 48706.30423968609
813, 48667.88129057015
435, 48666.10775622587
961, 48528.7076448508
176, 48441.81969610547
46, 48409.58954345463
513, 48322.35275766461
11, 48308.37731226323
473, 48298.48338592084
1192, 48287.84551381376
20, 48279.19946481127
381, 48088.14158932075
246, 48007.89464213619
242, 47998.64811658231
662, 47963.15305053877
173, 47881.675506995416
663, 47868.674921225625
597, 47805.92053811659
215, 47794.55020336892
790, 47759.84632938318
1363, 47744.270269184744
358, 47568.10268047098
800, 47483.489445259205
226, 47340.4802971967
1378, 47269.24683119104
186, 47214.55447822251
36, 47214.55447822251
1330, 47171.22171783947
474, 47075.07446228556
795, 47063.526205794646
251, 46917.21293033511
55, 46731.87648003982
921, 46641.43989681486
697, 46640.023134535164
695, 46535.22192095847
570, 46499.644329700386
814, 46326.777129735034
791, 46325.94056653002
