1254, 99572.41059921059
197, 99454.76294035875
907, 99442.82192655661
385, 99421.90535191036
1014, 99121.0310680716
1095, 98811.82541994721
998, 98682.97589724771
1205, 98480.19180213932
1244, 98396.48192658546
715, 98371.2111280206
616, 98369.64904924664
677, 98353.3275120763
75, 98267.18982102023
671, 98179.85422509082
57, 97821.6462780865
797, 97812.69724447529
1207, 97789.66087313334
1327, 97788.66361045587
737, 97769.387211427
894, 97737.72075337125
723, 97591.20285023583
779, 97373.47220314709
1289, 97286.60391144881
82, 97286.60391144881
1153, 97282.42443908093
1226, 97166.48169732466
489, 97101.97480037042
1353, 97066.38330484687
561, 96965.69674201118
979, 96793.9328319806
1045, 96701.70421769732
472, 96411.48529680065
543, 96343.30684919572
101, 96338.58719774603
714, 96157.16605835952
649, 96120.37254398894
1257, 96065.5781599033
100, 96024.93367579964
585, 95957.52138732135
1053, 95942.16519394427
988, 95934.19968532906
610, 95896.86796052172
1033, 95887.03763255704
1335, 95800.96638285472
1131, 95730.86584869458
319, 95654.14688220526
447, 95517.31648677183
926, 95451.06502550692
884, 95409.68917507569
736, 95394.58737488902
317, 95313.51739807612
1047, 95170.75738154347
925, 95029.11252034496
716, 94858.38178301921
375, 94765.76930805175
376, 94745.28693838786
859, 94634.81805907859
118, 94628.61128069286
323, 94502.27817015738
652, 94462.010729024
1206, 94230.53419625986
49, 94188.04265550406
9, 94142.08882851427
1239, 93813.90324534682
1209, 93799.83360616583
931, 93705.70686865722
648, 93693.97081678495
79, 93671.69453049809
603, 93596.07841738635
1208, 93542.88338872779
393, 93234.44148359995
355, 93145.2137813934
95, 93069.03533647199
602, 92763.35273449347
843, 92489.67497067612
60, 92243.1856151144
1261, 92189.77690386624
448, 92065.0450652966
341, 91952.28876752687
1402, 91812.55684765172
300, 91723.82587253048
171, 91683.63058486523
1142, 91564.55575735676
1073, 91418.14094627716
1359, 91322.00541161951
392, 91293.95044663132
1355, 91292.25509716976
1331, 91234.52543005621
935, 91216.20917717044
1212, 91194.38539871352
329, 90541.51424485825
650, 90512.33628091852
243, 90406.92835371567
394, 89644.30946671664
406, 89630.58829720574
615, 89605.14658369214
1366, 89592.94172862639
294, 89321.61988201005
1276, 89259.8168956608
810, 89022.17080030878
181, 88981.2145335375
946, 88957.16770038387
324, 88886.90848690282
407, 88860.89861178206
1377, 88851.32916526246
573, 88705.90230572748
1068, 88669.86320607894
541, 88668.38780281146
1252, 88611.02856872068
590, 88434.66367409278
678, 88191.1805775914
1038, 88188.81959999692
994, 87526.88519189344
52, 87345.87119617699
1069, 87257.05953292591
1375, 86965.99806046403
126, 86881.6027564045
651, 86836.41835012987
1259, 86630.85279665979
1104, 86617.08761576399
629, 86517.57293302019
1260, 86338.41227873958
974, 86300.52276898305
614, 86262.4023780819
639, 85927.86832948765
87, 85896.19995996647
789, 85764.39503017526
499, 85689.71965987842
147, 85677.99395011895
1291, 85528.97166559863
462, 85474.18112490233
1357, 85362.29992213288
928, 85306.7323804199
680, 85261.55821880483
76, 85149.90981016893
888, 84890.57786651164
631, 84816.55860450736
1114, 84695.51798689406
997, 84381.6411108504
873, 84381.6411108504
50, 84192.95617015516
196, 84185.74700040942
1358, 84084.11401461034
1294, 84058.78290622286
837, 83959.69882900866
312, 83938.9661334197
945, 83790.31933138313
848, 83635.64064035047
182, 83596.61036061191
572, 83347.59242730045
1213, 83326.52119357705
199, 83325.3052469256
1332, 83287.31927062778
944, 83227.74206910201
58, 83159.50963143018
1099, 82851.72063560688
1292, 82717.02241983003
1293, 82686.30621303493
1349, 82685.21439086868
97, 82626.83503222534
803, 82620.84859922859
735, 82397.94503682225
436, 82377.02986545808
851, 82308.26857843476
989, 82264.36067729174
403, 82264.36067729174
1072, 82147.17091244114
121, 82084.61321194208
1325, 82061.16758043498
453, 82030.23955869893
452, 82030.23955869893
937, 82018.16111173583
127, 81991.27705036847
906, 81989.57455474926
262, 81924.10824059072
1194, 81924.00323893604
1143, 81748.34919628013
943, 81566.90018522053
1165, 81452.63032547427
115, 81330.84515287004
628, 81234.72200407123
936, 81196.83170785787
8, 81169.98015269072
439, 80836.13460454982
718, 80809.28697412963
1071, 80608.30150889048
1070, 80608.30069310177
1231, 80591.14083884953
263, 80511.38196566075
844, 80486.87608631741
293, 80312.62481015942
1107, 80300.36293600494
1238, 80275.05202841682
822, 80182.53423925766
849, 80096.86202616565
838, 80085.13224225117
916, 80008.7202458312
1089, 79999.62487077528
1164, 79939.35071836917
200, 79939.35071836917
549, 79919.73925976738
188, 79816.28482878754
924, 79764.27220850669
982, 79761.3056175026
1333, 79624.27607405081
1295, 79555.44563251804
202, 79348.68634615172
201, 79276.76944705078
245, 79142.2695781638
1258, 79070.36984910598
1339, 79032.27227610633
138, 78733.4953983694
823, 78692.59873182661
402, 78628.80512635567
1161, 78579.83293044855
232, 78561.29360633601
1420, 78521.09273619112
542, 78401.6907753287
539, 78401.6907753287
261, 78283.0507219068
721, 78176.50023621574
627, 78112.61605558019
1091, 78042.73217746547
1090, 78042.73217746547
591, 77993.45997705686
760, 77709.52676201212
722, 77687.00920746589
301, 77585.4042098155
357, 77575.50960793895
214, 77382.78695288274
679, 77286.3550475434
893, 77225.95456151129
1215, 77132.96210209248
959, 77120.48365255924
35, 77078.30414834135
941, 77070.85763689084
1233, 76962.66373216751
875, 76954.31751996509
567, 76798.08705502874
744, 76734.34966848421
1134, 76731.1219192351
378, 76347.62181979135
1309, 76203.76396361139
1220, 76113.29410739861
1319, 75891.87070228987
493, 75872.82600797083
1048, 75804.47980090292
952, 75616.9054739855
731, 75616.38438003174
457, 75581.63502922129
1055, 75329.13940401941
767, 75284.349847987
578, 74959.63598137329
59, 74797.97427030023
763, 74751.53235927693
666, 74718.78928828462
950, 74651.42853858156
405, 74621.03442364828
1163, 74516.21852582169
292, 74494.28950823288
738, 74491.64286613645
657, 74168.36664869274
911, 74150.15628446973
732, 74027.4798830873
630, 74027.28067298395
726, 74001.0158857241
1250, 73811.8149236881
996, 73766.81120177313
336, 73622.7999854711
377, 73435.9365913495
440, 73320.91534223962
1087, 73319.57954548077
265, 73291.57378917435
296, 73264.37224570593
559, 73227.27547642468
66, 73172.48616473677
1154, 73149.02764933422
342, 72953.66124156932
1275, 72878.74866085956
31, 72800.80052403123
755, 72759.3020574241
874, 72563.15490738217
1151, 71886.56873749287
234, 71561.27262203385
1182, 71553.26127416683
1178, 71553.26127416683
1021, 71438.96515933464
1181, 71420.30505841707
1180, 71420.30505841707
1179, 71420.30505841707
624, 71409.61764110927
1050, 71272.17364126712
1177, 71266.08770705106
948, 71171.15734792851
247, 71166.79467223358
1156, 70980.87233137527
1049, 70864.73733571282
1005, 70800.79433873347
664, 70789.81654842476
344, 70729.9659762838
1064, 70365.42200130233
431, 70342.64611847096
1098, 70306.82154801268
1022, 70233.89184260902
207, 69991.11868147501
287, 69951.20762047742
1054, 69949.42837869747
386, 69945.24173418338
175, 69900.84613395661
203, 69795.15913609936
787, 69767.81180242154
839, 69678.84755398928
280, 69626.5352448339
788, 69568.86507686773
1214, 69508.45495662875
132, 69352.65349208504
328, 69350.10747498383
1024, 69246.32324179921
1023, 69246.32324179921
1237, 69246.3200417566
371, 69177.23308700406
1000, 69151.83421309189
566, 69115.40329150265
522, 69070.38741767086
863, 69004.2651291002
340, 68967.29351799803
547, 68596.33405660848
548, 68578.8626398292
1416, 68559.87408966351
1354, 68553.15585148889
1129, 68424.09696616404
1127, 68368.72450601561
1322, 68232.5986601412
806, 67932.16454266582
1372, 67880.46972351107
966, 67763.03373295319
707, 67748.9606587134
880, 67635.2588514062
887, 67479.32956831437
938, 67424.80339294673
896, 67172.81970481655
990, 67150.28680971179
206, 67060.36079684348
638, 67046.06622772971
225, 67046.06622772971
746, 67001.30853762117
327, 66936.70722030653
669, 66877.12952453316
482, 66829.14905313427
747, 66794.60808507087
1097, 66538.26704658808
198, 66462.69482569798
758, 66410.6424096564
995, 66406.23857419884
733, 66057.25717465946
587, 66022.33468715205
883, 65881.00402172418
599, 65761.64793603259
1096, 65490.10275760109
766, 65453.53456117108
1124, 65387.56638140663
282, 65349.16306907513
1340, 65087.80532820599
1116, 65076.25617543964
1303, 65003.164641620315
588, 64942.67029970545
1305, 64769.19289955403
1374, 64679.57217744905
1198, 64663.7110892183
1195, 64657.32189096872
337, 64558.16842193533
1367, 64539.591338673185
314, 64500.85388348916
1249, 64392.480013718545
586, 64282.35334846656
1387, 64247.45192142162
1386, 64163.48026586875
1197, 63969.45452018092
1196, 63904.30080255489
511, 63842.80774268696
1298, 63772.52746302971
520, 63733.45610786581
632, 63730.976730211885
1311, 63632.55826335447
658, 63342.49586752305
1380, 63271.489029058495
821, 63269.6026567717
1150, 63227.65691974265
174, 63153.08701211362
1130, 63086.46249513033
942, 63057.04690960708
1146, 63049.91288364489
96, 62882.969414205494
660, 62834.90162117785
1093, 62801.89710410001
510, 62801.89710410001
774, 62769.29799802793
773, 62769.29799802793
316, 62585.594297195545
1185, 62411.54423363429
7, 62133.88139256278
910, 62056.252275237086
1351, 61982.5143678279
32, 61783.062957367365
1324, 61744.753964302734
1158, 61727.72468163725
980, 61726.642191110615
1284, 61617.95150278144
1360, 61601.51393371131
1128, 61532.735755155074
784, 61455.75285844951
383, 61289.434777469345
1007, 61278.981686151536
0, 61236.84964697501
458, 61155.18887644107
668, 61131.352771536986
490, 61116.3063855785
1145, 60845.14606082262
1115, 60791.820314137476
951, 60746.05236403961
1025, 60533.74778569915
117, 60474.365612279515
1242, 60390.88713288916
1241, 60390.88713288916
1, 60376.11551145901
351, 60322.75527601317
734, 60219.4671608598
881, 60083.627831086174
119, 59899.414989768564
208, 59826.98566746896
778, 59628.081818246435
953, 59571.07159530785
297, 59571.07159530785
753, 59411.08724201691
1297, 59333.12164420513
1211, 59321.49043764423
91, 59297.4976242031
71, 59281.188730567956
163, 59152.181152864694
1269, 59031.64986042358
1251, 59021.81848885476
213, 58997.271731910325
92, 58929.00901011039
148, 58913.540833598156
1411, 58896.09763001128
892, 58889.30952143493
933, 58885.83476356666
1350, 58820.9331871909
665, 58773.69134741204
917, 58754.394738371215
1125, 58703.68822284485
626, 58654.6781685118
1118, 58563.95826903268
595, 58563.95826903268
34, 58522.006473709785
1296, 58521.58485087011
1392, 58383.590510857764
339, 58364.6168567711
120, 58334.59117290484
1268, 58314.96936650209
592, 58011.99962104301
1368, 57951.967267799184
109, 57906.30404186012
70, 57685.67014532758
1301, 57589.40274312429
1352, 57575.36960837196
524, 57554.68157629905
1329, 57510.24899473541
913, 57424.6417947311
667, 57393.355945208146
443, 57190.4921423479
496, 57088.88174067848
33, 56971.94445460042
284, 56970.248985963204
895, 56926.82055898836
311, 56817.56078752415
688, 56816.41528241398
676, 56750.95667916116
686, 56723.4036984852
1405, 56706.59123550585
1336, 56555.19119007433
326, 56526.59886720064
1230, 56411.64214135284
882, 56381.79370032926
486, 56309.97487571494
389, 56294.18894716548
687, 56292.01984168064
973, 56075.892898957754
728, 56055.915134302435
1321, 56049.89111651684
804, 56040.5027240544
387, 56019.240237812395
785, 56015.00494990335
729, 56011.48226676601
1364, 55953.92748088388
370, 55922.930241857095
1394, 55907.998436764065
958, 55805.701282364236
162, 55706.5720201569
388, 55661.92246378591
