868, 99980.87833591593
64, 99074.58351482345
645, 98785.84013996566
644, 98785.84013996566
63, 98785.84013996566
250, 98576.33580988398
309, 98439.46220415918
61, 98216.10953377331
504, 98099.65108031717
500, 97869.96136409216
228, 97191.58815135925
1403, 97134.84225361019
398, 96863.74032997264
545, 96819.39059209211
1002, 96794.58890603589
270, 96750.05938173279
268, 96750.05938173279
600, 96681.99109227011
835, 96570.71456447225
397, 96542.86205070754
172, 96326.3780124652
556, 96285.72180321069
759, 96137.22956850135
1401, 96117.11087859265
366, 95946.85974229801
444, 95922.28658155951
1044, 95653.74392256279
1398, 95596.24518548757
834, 95557.81063342342
1382, 95522.53119299324
1058, 95337.04765943071
659, 95170.71273543937
699, 95153.37871360921
1028, 94679.29036018343
424, 94303.18725131614
423, 94272.66593431945
471, 94031.61515116948
418, 93982.9887250153
1136, 93910.66333898023
1313, 93861.44453438296
194, 93695.83631623026
619, 93693.24712314646
905, 93686.99733690596
899, 93686.99733690596
749, 93362.01749438143
192, 93344.91048571543
191, 93344.91048571543
1264, 93047.24361360075
1263, 93047.24361360075
460, 92931.33436912681
209, 92766.16140416253
249, 92299.96596921353
1043, 91839.73289200978
330, 91802.54305827628
1057, 91409.5290511672
180, 91380.6080593537
604, 91279.0437174271
558, 91166.70795231246
134, 90911.30410732693
1414, 90797.65523877405
238, 90706.67376229419
1076, 90657.74815482633
1075, 90311.47114767258
840, 90227.14527597706
620, 89985.3031279511
1170, 89863.41511310691
305, 89393.99255796168
1173, 89333.6684035479
704, 89136.33988131244
702, 89136.33988131244
546, 88925.18311004153
594, 88720.32076334699
782, 88371.87438809288
399, 88169.32487521159
216, 88116.3796813248
161, 88067.43385606889
160, 88058.89809379322
159, 88046.44350298723
210, 87443.66731375884
146, 87443.66731375884
1152, 87136.77362134366
1240, 86863.07449552222
88, 85806.86543974448
170, 85664.73773087937
53, 85664.73773087937
218, 85642.29394691906
158, 85302.72991603824
157, 85302.72991603824
701, 85015.88608135263
1067, 84845.1686646901
169, 84796.99777555105
43, 84422.72187445594
45, 84384.71907423726
745, 83964.62523279068
285, 83854.25012398709
1036, 83686.7164912689
830, 83052.89196535716
518, 83004.0042568106
696, 82784.29923809879
705, 82563.30087048117
703, 82563.30087048117
459, 82435.42615142123
908, 82032.99647292524
920, 81542.39949707451
1302, 81469.66921858893
93, 81161.88258483427
142, 81070.41061125418
19, 80612.0564429026
775, 80388.0597320429
575, 80168.74436134845
421, 79984.56992801925
1334, 79956.23395714277
1199, 79905.70726099679
427, 79856.52009160518
5, 79773.28173477777
503, 79731.7023623754
1262, 79704.42720969154
919, 79586.57187684128
369, 79035.74112215503
1003, 78772.4246388536
1373, 78719.35877659006
1147, 78691.04925229916
464, 78691.04925229916
1004, 78636.68651587232
145, 78595.66634254949
915, 77844.63930886878
512, 77665.36646153644
353, 77528.10245931921
108, 77497.99402923009
1035, 77430.23739590596
643, 77246.71241272204
177, 77211.4739326684
661, 76933.75400737222
1413, 76899.10153965236
1029, 76871.20831799737
1255, 76775.02410654027
1348, 76753.94753479579
613, 76596.95608392046
272, 76324.27035230106
516, 76092.06747500044
269, 75896.18459558443
6, 75772.75990366812
1362, 75603.6812850201
1172, 75535.65875555853
1285, 75385.84869393727
1193, 75353.36726951227
74, 75349.5488625276
156, 75276.45466242258
217, 75185.45873172696
1149, 75137.94576423218
1286, 75023.32057483963
698, 74986.49198377636
544, 74793.5880119957
461, 74319.4778307986
133, 74139.26746943063
932, 73697.99743728338
1236, 73559.21870996032
135, 73465.6608365892
141, 73080.09553446967
690, 73061.55957686766
612, 72954.14056510151
502, 72925.66225637433
765, 72899.95702106327
515, 72899.95702106327
514, 72899.95702106327
102, 72833.73634985214
136, 72831.4924256744
123, 72800.08810442327
1060, 72769.83253102147
1379, 72764.55428062972
1419, 72720.8405307394
739, 72686.53168452825
740, 72628.68302188425
65, 72191.72516803478
62, 72191.72516803478
112, 72066.77654795417
137, 72056.33997640506
1162, 71999.93079643871
829, 71999.93079643871
481, 71988.96950433998
4, 71920.4184927651
1299, 71856.1807047998
828, 71824.67783054242
654, 71762.91670160092
1084, 71736.52113541384
1082, 71736.52113541384
1080, 71365.15092825657
750, 71269.69019933951
1314, 71223.53512793788
751, 71140.64145054537
15, 70835.44084999559
363, 70683.61810969909
1020, 70627.01389430786
1318, 70525.7440088631
364, 70515.08899712397
845, 70454.59277942643
799, 70439.33222995268
798, 70439.33222995268
633, 70205.4554861884
239, 70030.57103707753
21, 70030.57103707753
692, 69978.35427374294
609, 69964.51621804902
274, 69702.62293964808
271, 69702.62293964808
1077, 69504.56773786375
1396, 69339.63869404733
350, 69255.42562756313
425, 69224.63621593258
348, 69217.51626218809
416, 68845.10325849772
1245, 68839.2533040161
3, 68713.18424115436
2, 68713.18424115436
396, 68570.09347523359
44, 68570.09347523359
291, 68397.76018849725
754, 68292.28103921899
1148, 68150.35653015843
227, 68133.50128999597
1308, 68094.6233492856
712, 67937.85525135878
1144, 67907.69859331187
362, 67435.24712837845
1246, 67417.72153270732
811, 67404.35984344341
411, 66985.12866055986
426, 66921.44175508115
414, 66921.44175508115
1100, 66872.77297838719
352, 66842.96668665032
479, 66826.08617016036
1074, 66796.82135921594
422, 66680.3562657693
413, 66680.3562657693
219, 66649.40623782811
955, 66601.12330814177
256, 66539.05961543799
412, 66302.44552836956
831, 66199.43088807564
984, 66115.18614539396
480, 66090.15605337395
1117, 65800.40212557836
636, 65667.43176445526
428, 65524.452170780445
796, 65520.24501289319
852, 65430.52089917696
987, 65212.944144397836
985, 65212.944144397836
273, 65185.489282421935
986, 65041.84774426873
794, 65012.791435735904
382, 64748.77371920656
1190, 64674.19790707865
674, 64646.351836839414
1188, 64642.28240980293
1103, 64581.50454766648
139, 64579.1935252704
1404, 64540.66722820811
1228, 64520.578945415386
865, 64520.578945415386
470, 64466.8164070366
1317, 64392.89213291084
815, 64360.56482754173
179, 64231.058536664976
1312, 64179.20520872396
812, 64153.35185657418
501, 64059.095657682716
41, 63917.68054678991
189, 63832.45226744463
813, 63646.56405602186
435, 63643.5308648828
1344, 63602.8247391395
961, 63408.748650798785
176, 63260.48929829542
46, 63205.535441871776
1039, 63115.90443327129
513, 63056.90493838275
11, 63033.10934616744
473, 63016.26577699607
1192, 62998.158049167156
20, 62983.4425821318
1061, 62950.86047033633
700, 62635.25491077858
246, 62522.49927032063
242, 62506.81730011841
866, 62498.864539165275
302, 62455.276929052525
662, 62446.63515193315
673, 62398.59663494133
992, 62391.29560373651
663, 62286.577785614274
860, 62251.26146425428
562, 62234.080018909735
1085, 62210.14220136224
564, 62127.901353483416
451, 61977.3503268643
1234, 61975.520179625484
1086, 61965.52647160807
1399, 61846.014356161264
358, 61778.635445470056
1288, 61165.61931395283
1397, 61106.63795638811
1109, 61060.38952653923
1081, 61038.059418844234
795, 60930.240814260804
1110, 60758.14812299219
1108, 60758.14812299219
251, 60685.23128821379
607, 60593.59545411217
55, 60375.51838484889
697, 60222.28932558633
695, 60047.67525985795
1101, 59999.5927235317
151, 59926.251199845115
401, 59849.940376611
1395, 59827.7504332888
861, 59796.15049630702
124, 59700.63005347744
149, 59699.87390433721
791, 59699.66456417863
39, 59686.19833396256
656, 59171.02545740064
694, 59013.128567157866
264, 58995.957368218034
691, 58993.030268810566
1056, 58974.66497246793
40, 58908.8616790563
922, 58751.28880771196
606, 58583.43321976113
1381, 58530.24227391662
1106, 58470.99619384695
1105, 58470.99619384695
1102, 58470.99509222179
409, 58292.10179188443
391, 58268.42678918021
155, 58203.15448118694
1400, 58098.94696666286
1088, 58075.959617946784
1232, 58053.672413168744
437, 57998.985170577136
1018, 57960.07627291923
154, 57960.07627291923
571, 57720.659278875544
709, 57537.8768640618
554, 57481.956960856085
555, 57345.014299122944
706, 57297.43807594534
1280, 57274.32178813743
693, 57245.11483331021
855, 57241.865475095066
454, 57232.91826264267
1059, 57179.22450837646
856, 57121.48707801235
854, 57121.48707801235
442, 56830.66434173265
233, 56710.56885703175
1113, 56710.40938853796
1323, 55964.278058192205
168, 55664.20183832623
26, 55449.73393310966
434, 55364.27080644368
390, 55333.31739042057
72, 55216.29629294161
553, 55133.3749358983
419, 55040.44588904567
417, 54926.767617568454
167, 54926.41811638042
267, 54915.86299144638
164, 54683.69459676518
1027, 54527.77306915952
1389, 54519.15416429602
410, 54493.40442206506
653, 54205.01040672184
993, 54171.27480293573
187, 54022.1786114599
42, 53495.94464946258
647, 53353.62763014617
903, 53350.963860307296
1410, 53277.57104790483
122, 53217.80424971867
1300, 53216.55387309566
574, 53189.02190462759
1015, 53088.85585495293
968, 52758.083603956264
1016, 52438.297055481395
1409, 52400.52781009608
1065, 52400.52781009608
85, 52400.52781009608
1408, 52387.598622630816
1407, 52382.41811725507
601, 52380.79816280877
86, 52335.56459568395
441, 51973.97688860732
1017, 51931.482138551546
783, 51673.57638212858
802, 51625.58553405805
801, 51625.58553405805
346, 51612.50014919685
970, 51353.02155674585
304, 50562.766512658716
1191, 50515.4627211584
1189, 50298.56310853053
565, 50117.2945471267
762, 49946.74542432565
772, 49875.45460879763
1066, 49839.244057668555
776, 49547.039565439016
1287, 49431.37519556348
420, 49272.23566672048
969, 49250.09348196321
415, 49172.79423805426
1155, 49120.454093090186
972, 48958.16190184642
967, 48958.16190184642
361, 48951.82256316861
1346, 48830.00042659558
853, 48821.357458732986
583, 48266.77449103643
222, 47796.529901755566
367, 47506.537581574994
116, 47087.059167925596
347, 47053.56632142954
858, 46985.97144841308
1290, 46763.46577726252
827, 46724.62866459867
1040, 46580.97842722445
971, 46232.042926473565
846, 46166.38163638773
517, 46165.47601973157
1342, 46085.3587773094
540, 45912.77192548864
1204, 45824.00157592538
495, 45629.29236454105
1201, 45586.925254721275
433, 45571.31503205761
204, 45566.89038790148
488, 45480.93605612919
509, 45457.782433712055
930, 45386.03329164187
277, 45282.231847575495
1274, 45268.40562413356
252, 45209.77724478435
1200, 44984.0913330112
1169, 44863.8313923749
885, 44330.17060303708
1224, 44293.04278961891
867, 44213.1274178754
781, 44188.46265985201
153, 44170.06592328342
231, 43925.79345110758
30, 43763.349280808696
220, 43637.96000241016
354, 43621.88634836434
299, 43570.20419042763
107, 43468.436892456644
584, 43408.574444611186
380, 43370.10408044419
978, 43320.546743452505
279, 43192.78003464066
450, 43035.96933509244
449, 43035.96933509244
278, 43009.88814054314
478, 42893.49242500042
771, 42838.597798359515
221, 42701.08340597653
106, 42615.47439980802
1111, 42607.804580009855
622, 42602.5650536063
621, 42602.5650536063
581, 42499.37189690312
1013, 42015.05011163319
1012, 41997.65870525054
618, 41986.72100167237
1137, 41864.51606383103
56, 41691.924479226356
1310, 41685.12238677855
557, 41345.17103660983
780, 41245.90598299388
534, 41134.42858951806
836, 41125.028375139
29, 40931.86919159343
1217, 40807.844042495
1216, 40807.844042495
131, 40596.59280288685
536, 40557.91609980681
535, 40557.91609980681
395, 40386.81166862532
847, 40289.02341383986
1112, 40000.4409464013
1306, 39921.92917353372
596, 39898.839624017455
605, 39839.06893575771
977, 39750.49125602473
1052, 39656.59414563423
598, 39482.7858757131
178, 39421.4690179526
381, 39015.54007543136
173, 38879.5209704554
597, 38829.55855133117
