843, 99677.13183509585
95, 99652.07410103739
355, 99564.88566484154
60, 99390.9033881449
1261, 99328.89973122969
1208, 99114.48973945445
603, 99054.83904719427
341, 99053.26051124663
79, 98970.2860819969
1209, 98827.64178919377
1239, 98812.02822933748
171, 98741.5764753428
1206, 98353.99762065768
1359, 98322.25865896851
392, 98289.7385256528
1355, 98287.77339706398
1212, 98174.33927917221
323, 98059.6852598911
859, 97917.38566061427
376, 97799.40050126212
716, 97679.18853053029
925, 97498.81172278168
329, 97418.11721423772
650, 97384.33965142451
1047, 97350.15772048215
243, 97262.32904856463
317, 97201.23635292688
736, 97117.06793398401
884, 97101.42084141576
447, 96990.19612137537
319, 96849.51948535751
1131, 96770.99779442693
610, 96601.95823499424
988, 96564.10510240513
100, 96472.34981164832
1257, 96431.36046937422
394, 96380.2332478257
406, 96364.37275680587
714, 96339.24974629971
615, 96334.96529101471
101, 96157.82611388211
543, 96153.12461710082
472, 96085.31095660728
294, 96007.32843439096
1276, 95935.93100787638
979, 95708.43176748646
810, 95661.46105028485
561, 95541.08934629858
324, 95505.28829997577
407, 95475.26156978954
1353, 95443.54069352582
1068, 95254.7635538475
1289, 95231.57597595917
82, 95231.57597595917
1252, 95186.869301356
779, 95148.4856556376
723, 94941.50667873613
737, 94773.4719957444
1207, 94754.42955228503
678, 94702.56543910802
671, 94390.93796341981
75, 94310.35373648534
1205, 94114.98980167536
1095, 93814.08605729672
52, 93728.51458840862
1014, 93537.05756334387
1375, 93291.23491328809
907, 93252.29840527718
197, 93241.8002650705
1254, 93138.62890116616
1104, 92889.84174850497
629, 92775.40109698486
974, 92525.86214586286
385, 92269.88829025069
87, 92061.26031083665
499, 91824.11768214288
1291, 91639.5552404772
998, 91633.10587646834
462, 91576.65893228512
1244, 91386.03252396452
715, 91364.23398344973
616, 91362.88651122997
677, 91348.80712990482
76, 91204.53242457182
57, 90889.9830422454
797, 90882.25728488289
1327, 90861.50840077164
894, 90817.52567022199
1114, 90683.42146647807
1153, 90424.29053249625
1226, 90324.11042206528
489, 90268.3660682571
1045, 89922.35123367375
945, 89646.48820590969
848, 89469.45557209686
649, 89419.4599487678
585, 89278.5066187893
1053, 89265.21358216602
1033, 89217.49015603364
1335, 89142.971429389
1213, 89115.79944157957
1332, 89070.96248885608
944, 89002.8270511794
926, 88839.93815909344
1292, 88419.0203679452
1293, 88383.92433102099
1349, 88382.67685877936
803, 88309.13909675178
375, 88245.9894112723
118, 88127.04297195461
735, 88054.533264567
436, 88030.64830354444
652, 87982.53146355273
1072, 87768.20602152626
49, 87744.81191372995
9, 87704.92894011372
121, 87696.7979397297
937, 87620.95264658671
906, 87588.32788124336
262, 87513.61948451406
1194, 87513.49966599372
931, 87326.06366457144
648, 87315.87114838671
943, 87106.12671010214
393, 86916.64281579356
115, 86836.97483597249
8, 86653.61584364227
602, 86507.09501963912
439, 86273.24481318012
1071, 86013.78166860722
1070, 86013.78073973874
263, 85903.4366105055
448, 85899.49477154789
1402, 85679.65180950287
1107, 85663.2482769641
300, 85602.37405158048
822, 85529.16871666664
1142, 85463.63717234328
838, 85418.35293104581
1073, 85336.06990780926
916, 85331.43036388449
1331, 85176.05224584669
935, 85160.087610574
924, 85053.43234961832
982, 85050.05929417942
1295, 84816.03424103
201, 84499.35807946896
1339, 84221.64230989288
823, 83836.00623509608
1366, 83743.5383875778
1420, 83641.37576413825
542, 83505.90734508797
539, 83505.90734508797
261, 83371.32995802676
721, 83250.48876925943
181, 83208.84298204101
946, 83187.81450543013
627, 83178.04660266025
1377, 83095.25204961766
573, 82968.04381107705
541, 82935.2246298408
590, 82730.71300392621
760, 82721.13622312149
722, 82695.62110627932
301, 82580.50219497264
1038, 82515.52101493187
893, 82173.3999224964
1215, 82068.11888061184
959, 82053.99268974483
35, 82006.2456750093
941, 81997.81660351911
994, 81935.73338513302
1233, 81875.3583631394
1069, 81699.2326353697
126, 81369.9917212815
651, 81330.3570003942
378, 81179.64639090722
1259, 81150.00660941051
1220, 80914.77040732662
1260, 80893.34421215119
614, 80826.61565373834
639, 80532.84246176446
789, 80389.23510594481
952, 80354.00945121891
147, 80313.31997788991
1357, 80035.85820666302
1055, 80029.13664274476
928, 79987.00694082017
767, 79978.58550923323
680, 79947.28991479648
888, 79621.0255308242
578, 79612.21367309718
631, 79555.90696726851
950, 79264.64808894187
997, 79173.14516503831
873, 79173.14516503831
292, 79087.5106320512
738, 79084.52755747037
50, 79007.0117291684
196, 79000.66328511862
1358, 78911.15745731875
1294, 78888.84686169575
837, 78801.56974784141
312, 78783.3059810393
911, 78699.74192035396
182, 78481.639097107
996, 78268.0492907116
572, 78262.1218841381
199, 78242.4711250168
336, 78105.9460918243
58, 78096.2678683814
377, 77895.66479342355
1099, 77824.75670635425
440, 77766.26127890649
265, 77733.25479634697
296, 77702.6570535484
559, 77660.93085292118
97, 77626.30005348807
66, 77599.30887948353
1154, 77572.92660801097
851, 77345.06015950373
989, 77306.28667078413
403, 77306.28667078413
1275, 77269.03515475309
755, 77134.77717996674
1325, 77126.82166457248
453, 77099.50060929435
452, 77099.50060929435
127, 77065.080323029
1143, 76850.42849057078
1165, 76589.02716783773
628, 76396.33410681743
936, 76362.82200188332
1151, 76154.62882979629
718, 76019.95078006297
1231, 75826.86529322198
844, 75734.55665767915
1021, 75652.48268725454
624, 75619.57200251987
293, 75580.25538136024
1238, 75546.9791303079
1050, 75465.46175344205
849, 75389.14056268262
1089, 75302.99164701132
1164, 75249.58456112172
200, 75249.58456112172
549, 75232.20642773385
188, 75140.5249609153
1156, 75138.95326556724
1049, 75008.82576099692
1333, 74970.32961874153
664, 74924.89138758763
344, 74857.84775630379
202, 74725.96476710952
245, 74542.87065595383
1258, 74479.08171233784
1064, 74449.63451713033
431, 74424.13842570566
1098, 74384.03713167176
1022, 74302.40842850902
138, 74180.1192839872
402, 74087.18077174791
1161, 74043.70092667334
232, 74027.24001647696
1054, 73984.10821911154
175, 73929.76207617208
839, 73681.48052108969
280, 73622.98805512908
1091, 73566.63193826628
1090, 73566.63193826628
591, 73522.84803248399
1024, 73198.00948499465
1023, 73198.00948499465
1237, 73198.00590929636
357, 73151.3244342726
522, 73001.44890717829
214, 72979.93287919721
679, 72894.15610152678
340, 72886.29590838705
875, 72598.71358598974
547, 72472.10636900354
567, 72459.65189681239
548, 72452.60514688391
744, 72402.90968041321
1134, 72400.03603468621
1129, 72279.88351221748
1127, 72218.09741637153
1309, 71930.34909834324
806, 71731.16921712224
1372, 71673.53326754486
1319, 71652.39238109138
493, 71635.41577119405
1048, 71574.48743506
966, 71542.61893860521
707, 71526.93237068116
731, 71406.77505986206
880, 71400.20785212489
457, 71375.78625479432
887, 71226.45794133483
896, 70885.04804767232
990, 70859.95629129506
746, 70694.08328205638
59, 70676.51127278237
763, 70635.04495460981
327, 70622.16855092403
666, 70605.80813434997
669, 70555.85293172835
405, 70518.51283461157
747, 70464.00948736197
1163, 70424.89804667814
1097, 70178.79047085773
657, 70114.11557540059
198, 70094.7276450895
758, 70036.83317038849
995, 70031.93530156196
732, 69988.1972942766
630, 69988.019230693
726, 69964.54204107267
1250, 69795.39494767
587, 69605.10038163698
883, 69448.03288218309
1087, 69355.11164184421
599, 69315.4151953586
342, 69027.6063174364
1096, 69013.79565152003
766, 68973.1877098047
31, 68890.74008556246
282, 68857.2995563242
874, 68677.89905749894
1340, 68567.1899913417
1116, 68554.37319587065
1374, 68114.29644811238
1198, 68096.70629585815
1195, 68089.62072169705
234, 67779.76830588256
1182, 67772.58123036075
1178, 67772.58123036075
586, 67673.91350701326
1181, 67653.29220945126
1180, 67653.29220945126
1179, 67653.29220945126
1387, 67635.2332106666
1386, 67542.17880207763
1177, 67514.89823746037
948, 67429.69247362758
247, 67425.77641999093
1197, 67327.21540313156
1196, 67255.04618595977
511, 67186.93886967548
1298, 67109.10758642551
1005, 67097.15489513078
1311, 66954.12665053435
658, 66633.06825177885
1380, 66554.49691068103
821, 66552.40970410225
207, 66369.53776411264
1130, 66349.80210631185
287, 66333.64905779531
386, 66328.28424919976
1146, 66309.37462710225
203, 66193.30726952944
787, 66168.70918276379
96, 66124.74947156767
660, 66071.59998604363
1093, 66035.10868054336
510, 66035.10868054336
774, 65999.06755434127
773, 65999.06755434127
788, 65989.73276670864
1214, 65935.376201647
316, 65796.00325981989
132, 65795.1648144456
328, 65792.8732929888
371, 65637.25895145291
1000, 65614.39258706615
566, 65581.59267499756
863, 65481.52054465899
910, 65211.215523570354
1351, 65129.794215279915
1416, 65081.21303122164
1354, 65075.15922087796
32, 64909.60948916238
1158, 64848.531453549964
1322, 64786.234873762405
1128, 64633.36213299552
784, 64548.43080442334
383, 64364.97704608668
1007, 64353.44864619982
938, 64057.544998554695
951, 63765.95830300822
206, 63728.505841549086
638, 63715.59628365533
225, 63715.59628365533
482, 63519.66280827325
117, 63466.65357955224
1242, 63374.71592411181
1241, 63374.71592411181
351, 63299.68932681038
881, 63036.42907784626
733, 62821.929495816476
953, 62472.49232787996
297, 62472.49232787996
1124, 62215.931073687236
1297, 62210.850016531615
1211, 62198.06331541563
91, 62171.68771979531
163, 62011.96163714799
1269, 61879.507220264015
1251, 61868.704466644616
1303, 61867.81661283026
588, 61813.0148120302
92, 61766.73356334148
933, 61719.30276444977
1305, 61655.83441430979
917, 61574.92465810123
626, 61465.413338171296
337, 61464.57965835239
1367, 61447.74009031278
314, 61412.62425669327
1118, 61365.79789451432
595, 61365.79789451432
34, 61319.737506378144
1296, 61319.27460748977
1249, 61314.371690211825
1392, 61167.78802119649
339, 61146.96190921287
1268, 61092.470231606836
520, 60716.555114928706
632, 60714.30490628469
1352, 60281.22947513487
524, 60258.55158846409
1150, 60257.33530409457
174, 60189.60339189359
913, 60116.021615936144
942, 60102.35902355034
443, 59859.45839230925
33, 59620.07904939283
284, 59618.22230478861
895, 59570.66464008132
1185, 59515.65077254397
688, 59449.77704218645
686, 59347.951462532736
7, 59263.10509481504
1336, 59163.83797643124
1230, 59006.759310430854
882, 58974.1022473924
1324, 58909.00229115841
980, 58892.51573190607
389, 58878.26340789656
687, 58875.89059903407
1284, 58793.56879377501
1360, 58778.60340392266
973, 58639.508984223554
804, 58600.8101008747
387, 58577.56080995057
785, 58572.929865439604
1364, 58506.150152553615
1394, 58455.937514538105
0, 58446.504978789984
458, 58372.11211531889
668, 58350.39574775517
490, 58336.687035533694
162, 58235.76936340864
388, 58186.97517370378
625, 58152.722495771966
805, 58104.54763752691
918, 58099.85992740783
1145, 58089.58113569215
1115, 58040.97413795003
550, 58011.02808064822
608, 57941.72063228811
1025, 57805.68368759241
1, 57661.92236165449
912, 57640.86336434322
1265, 57609.39292183297
1126, 57574.80562820021
283, 57523.53845204003
734, 57519.02494338722
965, 57465.06739699978
1267, 57461.784612528376
964, 57457.39742844781
963, 57457.39742844781
962, 57434.38377147424
1141, 57376.24703879186
1138, 57376.24703879186
521, 57307.487983954605
119, 57226.963982395304
1140, 57216.39320479821
954, 57177.33061044989
208, 57160.849880535025
1139, 57136.69435361736
914, 57041.55766463832
1338, 57011.49810280859
1337, 57011.49810280859
778, 56979.25205302158
1218, 56971.691948869695
1219, 56953.813870356586
753, 56781.07612384737
646, 56747.261397504626
71, 56662.412269889064
