1160, 98508.74334200387
923, 83595.99149706862
898, 72457.01998653474
1157, 66823.9194343632
1253, 65846.72245486474
1187, 64515.04440092204
254, 56156.54463170606
320, 55767.907696696086
487, 51465.13581780209
491, 50185.07456655113
28, 48525.68558871598
27, 46896.66661186619
672, 43851.23181240217
593, 41508.94886600566
318, 40310.71270800878
1385, 40209.5009174055
129, 39658.2221421211
533, 38191.46893028781
144, 37752.50300483134
298, 37617.3695251709
708, 37287.57000576179
128, 36765.43477460217
532, 36481.396478692914
1320, 35957.60127373569
1202, 35919.966785052
1041, 35562.64719114542
1203, 35506.05757905547
1042, 35505.16054894331
1167, 35429.457132853524
551, 35366.42301734212
1243, 35276.351518710595
303, 35199.9789832567
1229, 35157.15171109949
1361, 35000.94326659559
130, 34912.626403410526
373, 34789.04701425515
1365, 34787.200292750815
764, 34721.84246897443
1345, 34616.81556926885
991, 34429.030963263365
523, 34415.22130657223
143, 34274.76096807063
111, 34273.12994568968
230, 34164.390358131495
229, 34158.51090348944
404, 34022.258095558296
1210, 33957.24903724417
841, 33948.47978670394
957, 33933.7156501776
675, 33845.23068786841
372, 33806.52858051224
724, 33782.0483211562
507, 33755.870097749415
842, 33710.242028217
508, 33690.29306438641
529, 33634.33914527639
818, 33541.48106273949
681, 33481.08529528629
1006, 33445.34229772679
1341, 33434.499248698616
683, 33384.83763978955
725, 33334.31014178849
682, 33308.53542330734
1186, 33275.90565591081
635, 33257.76308275556
634, 33257.76308275556
976, 33257.41498954593
506, 33251.398055185324
975, 33247.95214195932
685, 33242.27501217764
1092, 33224.74010620273
1266, 33188.95093203126
84, 33161.15485759085
321, 33159.39055919946
684, 33101.85614552734
333, 33094.95417154347
1391, 33023.87924685388
25, 32988.45904040365
24, 32908.71139032079
308, 32866.609050452615
23, 32852.04334788758
77, 32817.04707903457
879, 32816.199729909466
878, 32816.199729909466
1393, 32803.49624080896
505, 32796.10419011893
400, 32763.565454136417
646, 32717.231504596657
1219, 32648.964846513285
1218, 32643.09266291921
1338, 32630.03884543228
1337, 32630.03884543228
914, 32620.200251652757
1139, 32589.1688457076
954, 32575.96363711483
1140, 32563.297552658383
521, 32533.865152608287
1141, 32511.746312551837
1138, 32511.746312551837
962, 32493.109223306164
964, 32485.747968339827
963, 32485.747968339827
1267, 32484.345710776062
965, 32483.29666711854
283, 32464.643089095684
1126, 32448.336452510877
1265, 32437.36084040008
912, 32427.392184394776
608, 32332.943500671518
550, 32311.401848757647
918, 32283.90867011671
805, 32282.461470998063
625, 32267.60985512219
388, 32257.07349855767
162, 32242.097328594395
1394, 32175.004215251196
1364, 32159.812213437723
785, 32139.670287298977
387, 32138.276150661084
804, 32131.282153646527
973, 32119.65954865651
687, 32049.178280001943
389, 32048.47521651351
882, 32020.151126575536
1230, 32010.53211840762
1336, 31964.49376038186
686, 31911.008773529793
688, 31881.64700502122
895, 31846.988630219254
284, 31833.412980327164
33, 31832.883634143906
443, 31765.059073525837
913, 31693.281583865424
524, 31653.809461904202
1352, 31647.55531695912
1268, 31428.454915945746
339, 31414.053187619244
1392, 31408.559265105192
1296, 31368.76689043754
34, 31368.645751974618
1118, 31356.605772779778
595, 31356.605772779778
626, 31330.659912801777
917, 31302.282691334716
933, 31265.102441284813
92, 31252.945184227043
1251, 31226.903415374763
1269, 31224.15212659618
163, 31190.535230612953
91, 31150.28276066254
1211, 31143.665709706227
1297, 31140.46084071746
953, 31075.313968456976
297, 31075.313968456976
881, 30937.639735739052
351, 30874.619373342644
1242, 30856.80173381575
1241, 30856.80173381575
117, 30835.053328767575
951, 30764.89500227057
1007, 30629.98559136959
383, 30627.37460772462
784, 30586.01047630905
1128, 30566.977758220353
1158, 30519.087464591437
32, 30505.578354964906
1351, 30457.187026987474
910, 30439.4139692334
316, 30313.65151957757
774, 30270.741613083606
773, 30270.741613083606
1093, 30263.1659077096
510, 30263.1659077096
660, 30255.507852623916
96, 30244.375953127572
1146, 30205.908942336446
1130, 30197.527372056065
821, 30155.744936160845
1380, 30155.316428888884
658, 30139.213949170356
1311, 30073.985091080725
1298, 30042.82123717239
511, 30027.24924648169
1196, 30013.66552947447
1197, 29999.315035732332
1386, 29956.832929798544
1387, 29938.56388853843
586, 29930.991243975717
1195, 29850.387275461628
1198, 29849.02567980915
1374, 29845.647238504414
1116, 29761.933425181152
1340, 29759.518437175753
282, 29705.199148115975
766, 29683.683272959395
1096, 29676.16842182984
580, 29649.12136729165
599, 29620.74446433406
883, 29596.59267256236
587, 29568.157799125987
995, 29491.800895167624
758, 29490.932386178305
198, 29480.679379136986
1097, 29465.834762381597
747, 29415.84221302009
669, 29399.8659793936
327, 29388.366914159487
746, 29375.931483081597
990, 29347.38498545807
896, 29343.083180675778
887, 29284.975875873602
880, 29255.704765193164
707, 29234.48221617717
966, 29231.862553365845
1372, 29210.06275315638
806, 29200.500736024886
1127, 29120.57232509246
1129, 29110.538248569374
548, 29082.61544725613
547, 29079.47452668251
340, 29013.318969822154
522, 28995.112736390503
1237, 28964.220849095527
1024, 28964.22028922702
1023, 28964.22028922702
280, 28898.213719966265
839, 28889.211806389885
175, 28851.222032336136
1054, 28842.953757167477
1022, 28794.86424639437
1098, 28782.623562768506
431, 28776.623786683154
1064, 28772.813835625548
344, 28712.302389217894
664, 28702.451371971398
1049, 28690.15284166877
1156, 28671.160884003195
1050, 28623.90506855882
624, 28601.795958547777
1021, 28597.090578858446
1151, 28525.989986884993
755, 28390.85603081395
1275, 28372.710750104507
1154, 28331.95581493202
66, 28328.43824011638
559, 28320.234825922656
296, 28314.690113282508
265, 28310.629346909656
440, 28306.25379246424
377, 28289.147975251195
336, 28261.515576977985
996, 28240.352026322667
911, 28184.569480953087
738, 28135.544126307326
292, 28135.16658064021
950, 28112.816617348413
578, 28069.35415672604
767, 28024.092271761892
1055, 28017.891067394557
952, 27978.289326429873
1220, 27910.939261584634
378, 27879.56106319061
1233, 27798.439659061634
941, 27784.35153404005
35, 27783.38388933652
959, 27777.907627002267
1215, 27776.28908257233
893, 27764.249689222564
301, 27718.081391925385
722, 27705.136152262134
760, 27702.273462678197
627, 27651.406190353828
721, 27643.409601769952
261, 27630.111620535143
542, 27615.362315822178
539, 27615.362315822178
1420, 27600.579109587747
823, 27579.450890377964
1339, 27537.970683383784
201, 27508.409566368762
1295, 27475.01410819626
982, 27450.546096334623
924, 27450.19473543326
916, 27421.362701075373
838, 27412.398565905278
822, 27401.005261014077
1107, 27387.272145880102
263, 27362.812152309256
1070, 27351.635424256754
1071, 27351.635330330988
439, 27325.502709902255
8, 27287.56443790936
115, 27269.432187504517
943, 27242.997449840255
1194, 27203.392779571954
262, 27203.381201954013
906, 27196.170489503245
937, 27193.0266635555
121, 27185.72981265765
1072, 27178.874948056793
436, 27153.806648231497
735, 27151.534879990824
803, 27127.418405027503
1349, 27120.48664449533
1293, 27120.369186243097
1292, 27117.066423317665
944, 27062.624660269787
1332, 27056.331454560877
1213, 27052.19701461244
848, 27019.775301133137
945, 27003.67070674145
1114, 26910.978777089444
76, 26865.426601707364
462, 26833.307946944053
1291, 26827.912611082877
499, 26812.135703479267
87, 26791.98397823376
974, 26752.889408897245
629, 26732.099808944797
1104, 26722.613631056418
1375, 26689.578080528325
52, 26654.002593085956
678, 26576.26973961971
1252, 26538.377738636264
1068, 26533.105055018623
407, 26516.047216998482
324, 26513.73211882411
810, 26501.72093621643
1276, 26480.73247585589
294, 26475.297874064323
615, 26450.490602135073
406, 26448.27450785964
394, 26447.080004902306
243, 26381.426318302652
650, 26372.464156773967
329, 26369.988102845506
1212, 26315.119121153068
1355, 26306.981029695555
392, 26306.84025551868
1359, 26304.511675200225
171, 26274.660682918595
341, 26252.679225961245
1261, 26233.38512357257
60, 26229.063646992916
843, 26209.202367893773
95, 26163.050158757273
355, 26157.036438003688
1208, 26125.846822733856
603, 26121.700391548748
79, 26115.816652877224
1209, 26105.87375482177
1239, 26104.784142448672
1206, 26072.706761806206
323, 26051.978979919506
859, 26041.924325133397
376, 26033.571407391228
716, 26025.045615425173
925, 26012.223835664845
1047, 26001.630842431834
317, 25990.994995927387
736, 25984.97318664466
884, 25983.852876350687
447, 25975.881712332215
319, 25965.780619831887
1131, 25960.1331326632
610, 25947.952573830564
988, 25945.220699983536
100, 25938.59218397987
1257, 25935.62808317304
714, 25928.960468200752
101, 25915.800474089938
543, 25915.45895763234
472, 25910.530262091375
979, 25883.045838130485
561, 25870.791474696263
1353, 25863.633604809555
1289, 25848.043347761573
82, 25848.043347761573
779, 25841.918151608785
723, 25826.62627938122
737, 25814.175917812598
1207, 25812.762960241544
671, 25785.712281387885
75, 25779.694765135802
1205, 25765.075167997602
1095, 25742.47131928538
1014, 25721.567754329455
907, 25699.987090859377
197, 25699.189657300365
1254, 25691.345885196803
385, 25624.795961659445
998, 25575.43743978722
1244, 25556.15276923
715, 25554.447734019574
616, 25554.34231839199
677, 25553.24072436305
57, 25517.207225558246
797, 25516.598247208283
1327, 25514.96235981629
894, 25511.492887825865
1153, 25480.365758256303
1226, 25472.404745720924
489, 25467.96941633846
1045, 25440.35035651552
649, 25399.93651520195
585, 25388.550626858814
1053, 25387.47551794651
1033, 25383.61387304982
1335, 25377.57811332015
926, 25352.95892192408
375, 25304.355183555766
118, 25294.565474854873
652, 25282.64629056296
49, 25262.978567667484
9, 25259.671414317458
931, 25228.148236767032
648, 25227.297489746114
374, 25194.74400284026
393, 25193.86330655765
602, 25159.337495352484
448, 25107.68616674097
1402, 25088.869960851724
300, 25082.239580790676
1142, 25070.31478805994
1073, 25059.32588342565
1331, 25045.508779706106
935, 25044.128264572224
1366, 24920.1627017633
181, 24872.600961377044
946, 24870.72169560433
1377, 24862.441680872525
573, 24851.04137381856
541, 24848.096168487238
590, 24829.70637247304
1038, 24810.28736340695
994, 24757.612852057686
1069, 24735.97674954181
126, 24705.71054502163
651, 24702.05552890541
1259, 24685.392690448905
1260, 24661.590221114475
614, 24655.384711987077
639, 24627.979995399
789, 24614.532972220095
147, 24607.410998341355
1357, 24581.301305524485
928, 24576.691314769658
680, 24572.940426986035
888, 24542.029945970724
631, 24535.839584363304
997, 24499.310981993585
873, 24499.310981993585
50, 24483.38013892357
196, 24482.77045764498
1358, 24474.16744324
1294, 24472.020923407126
837, 24463.61587181453
312, 24461.85539087817
182, 24432.695482972653
572, 24411.37914511406
199, 24409.466934315133
58, 24395.219153434115
1099, 24368.662334596953
97, 24349.170403690903
851, 24321.43025803855
989, 24317.594976797627
403, 24317.594976797627
1325, 24299.808783513075
453, 24297.09610893216
452, 24297.09610893216
127, 24293.676685397906
1143, 24272.305188446848
1165, 24246.168589188845
628, 24226.82368413707
936, 24223.452521232502
718, 24188.844828005433
1231, 24169.261907480453
844, 24159.875849606167
293, 24144.15146270974
1238, 24140.75464905095
849, 24124.614837255795
1089, 24115.786262327056
1164, 24110.306184874888
200, 24110.306184874888
549, 24108.521882183784
188, 24099.099191770656
1333, 24081.56565399375
202, 24056.29646670749
245, 24037.289579615397
1258, 24030.652820610903
138, 23999.445136466147
402, 23989.7088958395
1161, 23985.1482726979
232, 23983.420734321928
1091, 23934.869384649068
1090, 23934.869384649068
591, 23930.232895022564
357, 23890.740050367393
214, 23872.429980684545
679, 23863.244546805345
