1208, 99906.38204848666
603, 99845.7746608753
79, 99759.8666089713
355, 99638.61068942775
1209, 99614.9388840198
1239, 99599.07558660343
95, 99551.44580038107
1206, 99133.73658391272
843, 98888.85525100604
323, 98834.74627044954
859, 98690.18997525622
60, 98607.12966565305
376, 98570.33623149936
1261, 98546.09974583924
716, 98448.2227538414
341, 98274.78203666578
925, 98264.99719399012
1047, 98113.99945311646
171, 97967.97033018708
317, 97962.7337596445
736, 97877.2419643207
884, 97861.34898105639
447, 97748.37754364661
319, 97605.49456652024
1359, 97555.18346208776
1131, 97525.74276778114
392, 97523.16868776713
1355, 97521.23409174864
1212, 97409.5613984048
610, 97354.05848811378
988, 97315.61376274437
100, 97222.42543548574
1257, 97180.79636597005
714, 97087.24905954182
101, 96902.99995763287
543, 96898.22531193605
472, 96829.35696530138
329, 96665.03070349697
650, 96631.77326495141
243, 96511.63995891935
979, 96446.63000006293
561, 96276.69849427325
1353, 96177.64270506953
1289, 95962.40847999616
82, 95962.40847999616
779, 95878.03851650986
723, 95667.87684585169
394, 95643.0471765998
406, 95627.42836315895
615, 95598.46889579801
737, 95497.26346737986
1207, 95477.92908606211
294, 95275.81417339278
1276, 95205.5002086977
671, 95108.87621904931
75, 95027.06201287081
810, 94935.18793553454
1205, 94828.72059482436
324, 94781.3756408962
407, 94751.80230936155
1068, 94534.62945888404
1095, 94523.2430822868
1252, 94467.75753818042
1014, 94242.0168227911
678, 93990.72527521808
907, 93952.95584257254
197, 93942.29936175111
1254, 93837.57285116773
52, 93031.1882866847
385, 92955.8063870358
1375, 92600.37604648717
998, 92309.55448165853
1104, 92204.89322182354
629, 92092.13304208015
1244, 92058.82479416624
715, 92036.70414533869
616, 92035.33676461069
677, 92021.04938229734
974, 91846.25127161536
57, 91555.46461895399
797, 91547.62531883673
1327, 91526.57154392412
894, 91481.94274965397
87, 91388.43257134697
499, 91154.73918001757
1153, 91082.94542160905
1226, 90981.3013826427
1291, 90972.85510827087
489, 90924.74314888602
462, 90910.8703335072
1045, 90573.68778209208
76, 90544.12425449709
649, 90063.50557220721
1114, 90030.51140934754
585, 89920.51611460464
1053, 89907.03122225187
1033, 89858.61925141787
1335, 89783.02612677179
926, 89475.63312359407
945, 89008.37184209247
375, 88873.18277433363
848, 88833.84807173455
118, 88752.54069910324
652, 88605.97222305374
1213, 88485.18917817083
1332, 88440.98438248687
944, 88373.80898502015
49, 88364.87641026649
9, 88324.4278944841
931, 87940.20325196019
648, 87929.86687796125
1292, 87798.1984415939
1293, 87763.5934219499
1349, 87762.3633991383
803, 87689.85384023219
393, 87525.01716041075
735, 87438.80135840652
436, 87415.24922173536
1072, 87156.458050311
602, 87109.72972409237
121, 87086.04153456385
937, 87011.24854754879
906, 86979.0761533358
262, 86905.40302640232
1194, 86905.28486756205
943, 86503.54168428622
448, 86493.66467730782
1402, 86270.77381917674
115, 86238.09514711147
300, 86192.4265592908
8, 86057.25390663008
1142, 86051.77204808692
1073, 85922.44431211948
1331, 85760.22210881655
935, 85744.03776029436
439, 85682.08905684242
1071, 85426.16420805665
1070, 85426.16329183626
263, 85317.32072729051
1107, 85080.39428415995
822, 84948.13166673126
838, 84838.81544487838
916, 84753.06777071531
924, 84478.81938061668
982, 84475.49174642132
1366, 84308.1589055158
1295, 84244.61369873512
201, 83932.18231035188
181, 83766.25241372029
946, 83744.94129333383
1339, 83658.1761462237
1377, 83651.13556330251
573, 83522.220978531
541, 83488.96199575253
590, 83281.71372108298
823, 83277.67117894538
1420, 83085.6215247977
1038, 83063.64953334055
542, 82951.94592331474
539, 82951.94592331474
261, 82819.14671284112
721, 82699.89978409771
627, 82628.41225065668
994, 82476.16099259739
1069, 82236.53471654568
760, 82177.50401270589
722, 82152.32310668721
301, 82038.71081587863
126, 81902.95784032339
651, 81862.8023394608
1259, 81680.08547202795
893, 81636.91983087045
1215, 81533.0081152919
959, 81519.06552290342
35, 81471.93884572176
941, 81463.61924906835
1260, 81420.06441347461
614, 81352.46441078078
1233, 81342.75021115063
639, 81054.86331171636
789, 80909.38985280186
147, 80832.48960581575
378, 80656.02220457325
1357, 80551.43532300925
928, 80501.95284177565
680, 80461.72291218638
1220, 80394.54669896679
888, 80131.2549017244
631, 80065.2994210357
952, 79840.94847528354
997, 79677.63225995706
873, 79677.63225995706
1055, 79520.20277315498
50, 79509.37714152058
196, 79502.9477110305
767, 79470.29234022995
1358, 79412.30076598
1294, 79389.70593404661
837, 79301.31769195879
312, 79282.82156555507
578, 79108.55202878766
182, 78977.32460986271
950, 78765.36075841136
572, 78755.02965102119
199, 78735.13061643217
292, 78590.44538555697
738, 78587.49968970833
58, 78587.08214601569
1099, 78312.1535160483
911, 78207.52381163593
97, 78111.20652063546
851, 77826.44846707942
989, 77787.19095385635
403, 77787.19095385635
996, 77781.19960903758
336, 77621.10473219812
1325, 77605.48880730437
453, 77577.82763875132
452, 77577.82763875132
127, 77542.97903571917
377, 77413.42249556052
1143, 77325.66048925863
440, 77285.6149488423
265, 77253.01512317799
296, 77222.79420758843
559, 77181.5816500549
66, 77120.71773367668
1154, 77094.65982760229
1165, 77061.02180053559
628, 76865.9494296417
936, 76832.02414586407
1275, 76794.49678726996
755, 76661.8813916127
718, 76484.93609342043
1231, 76289.48435723488
844, 76196.04663133301
293, 76039.86108911296
1238, 76006.17899003913
849, 75846.41782831275
1089, 75759.22126488932
1164, 75705.16530809033
200, 75705.16530809033
1151, 75693.63890532058
549, 75687.57613874861
188, 75594.78212803538
1333, 75422.52511462089
1021, 75197.53388446539
202, 75175.20838392293
624, 75165.01775224373
1050, 75012.75280321909
245, 74989.90890471592
1258, 74925.35290568676
1156, 74690.14156863317
138, 74622.80431473725
1049, 74561.5626178117
402, 74528.75393667484
1161, 74484.75440525849
664, 74478.6256756471
232, 74468.09682882122
344, 74412.37795995157
1064, 74008.99562754057
1091, 74002.00353742987
1090, 74002.00353742987
431, 73983.80039513097
591, 73957.70002283815
1098, 73944.17209778838
1022, 73863.50542846527
357, 73581.77989950893
1054, 73548.94654031507
175, 73495.23759432232
214, 73408.36770975452
679, 73321.58145514995
839, 73249.8611839961
280, 73192.05172900137
875, 73022.6711461376
567, 72881.9821203186
744, 72824.57679565076
1134, 72821.6695814925
1024, 72772.01944826682
1023, 72772.01944826682
1237, 72772.01591406637
522, 72577.73702190691
340, 72463.9158339358
1309, 72346.51406860168
1319, 72065.33800395014
547, 72054.49940439676
493, 72048.16517512493
548, 72035.22224915693
1048, 71986.53300373616
1129, 71864.48255737148
731, 71816.88635945634
1127, 71803.40430456585
457, 71785.54065365632
806, 71322.03352251255
1372, 71265.0529172972
966, 71135.62519745155
707, 71120.11657893397
59, 71078.25360460397
763, 71036.31467739331
666, 71006.74480096334
880, 70994.82821246074
405, 70918.45588955299
1163, 70823.77693789538
887, 70823.04328184362
657, 70509.47187713542
896, 70485.48064804667
990, 70460.67092114029
732, 70382.13083730033
630, 70381.95076359103
726, 70358.20858964033
746, 70296.65982153933
327, 70225.55098220304
1250, 70187.15500233241
669, 70159.9777891585
747, 70069.16142150498
1097, 69787.12352585328
1087, 69741.93098804512
198, 69703.99583316834
758, 69646.74474282622
995, 69641.9012800886
342, 69410.77095883878
31, 69272.38257415335
587, 69219.7931987469
883, 69064.45787697527
874, 69057.18049423884
599, 68933.2997078263
1096, 68634.98932150002
766, 68594.82580840793
282, 68480.2045519298
1340, 68193.2572184293
1116, 68180.57982223899
234, 68149.1678718695
1182, 68141.90224798568
1178, 68141.90224798568
1181, 68021.31073023193
1180, 68021.31073023193
1179, 68021.31073023193
1177, 67881.40855635454
948, 67795.27577829703
247, 67791.31714748933
1374, 67745.27379991833
1198, 67727.87370326839
1195, 67720.86467256653
1005, 67459.13157724113
586, 67309.63439670931
1387, 67271.36928300041
1386, 67179.3127277761
1197, 66966.64924254552
1196, 66895.2505399657
511, 66827.86961955129
1298, 66750.8675488747
207, 66723.68557673579
287, 66687.41294899443
386, 66681.99076804555
1311, 66597.53493650923
203, 66545.57185636857
787, 66520.71131212368
788, 66339.82820806907
1214, 66284.89359718793
658, 66279.87917513993
1380, 66202.13807661769
821, 66200.07291174815
132, 66143.19337192939
328, 66140.87754442726
1130, 65999.60166430734
371, 65983.61460632448
1000, 65960.50632457231
1146, 65959.5996902219
566, 65927.35955035244
863, 65826.23022810242
96, 65776.9144708374
660, 65724.32245511115
1093, 65688.21363901635
510, 65688.21363901635
774, 65652.55007781365
773, 65652.55007781365
316, 65451.60925234803
1416, 65421.71001907021
1354, 65415.59270039714
1322, 65123.64427576952
910, 64872.90044498538
1351, 64792.32124898888
32, 64574.40858820255
1158, 64513.95945841494
938, 64387.38766995765
1128, 64301.00100417029
784, 64216.940338599714
206, 64054.960029527654
638, 64041.91788599784
225, 64041.91788599784
383, 64035.3633565783
1007, 64023.95271799766
482, 63843.975428754995
951, 63442.43580787353
117, 63146.153424584016
733, 63139.138617460645
1242, 63055.141310465246
1241, 63055.141310465246
351, 62980.869023248684
881, 62720.24855202727
1124, 62527.034777813584
1303, 62175.4400361073
953, 62161.92979183677
297, 62161.92979183677
588, 62120.09214560569
1305, 61961.34817909842
1297, 61902.87696763719
1211, 61890.2165406758
91, 61864.101333983665
337, 61768.19630493593
1367, 61751.18998415259
314, 61715.726566317084
163, 61705.94977992307
1249, 61616.50253792107
1269, 61574.7980069263
1251, 61564.10137275262
92, 61463.13126122701
933, 61416.16541276199
917, 61273.20042110473
626, 61164.7587628401
1118, 61066.11468032758
595, 61066.11468032758
34, 61020.502903326014
1296, 61020.04451120436
520, 61012.80888506484
632, 61010.536664412175
1392, 60870.030978785726
339, 60849.40709686991
1268, 60795.44423229579
1150, 60549.11391881334
174, 60480.724846577614
942, 60392.635098186
1352, 59992.02078656762
524, 59969.559938831975
913, 59828.39219464247
1185, 59800.27384542688
443, 59574.27299905054
7, 59545.31205571103
33, 59337.16463103238
284, 59335.325465920716
895, 59288.21788767377
1324, 59187.838965650895
980, 59171.19598590161
688, 59168.47276642685
1284, 59071.31118953284
686, 59067.60772537686
1360, 59056.20409006608
1336, 58885.2268634052
1230, 58729.62218108758
0, 58720.970321515444
882, 58697.271074521996
458, 58645.877567156334
668, 58623.95706045329
490, 58610.11952238682
389, 58602.329155911204
687, 58599.978534929476
973, 58365.8028489093
1145, 58360.69670369383
804, 58327.4642666437
1115, 58311.635121809144
387, 58304.43132174209
785, 58299.84346025314
1364, 58233.68464237506
1394, 58183.93840109329
1025, 58074.14959646577
162, 57965.81057256178
1, 57929.0515092633
388, 57917.46752901863
625, 57883.531323557014
805, 57835.801256502215
918, 57831.15680775913
734, 57784.828684355736
550, 57743.14410648095
608, 57674.474898766195
119, 57490.06909083731
208, 57423.34601714636
912, 57376.379391174094
1265, 57345.19701098122
1126, 57310.92612931356
283, 57260.12760907493
778, 57240.07915341406
965, 57202.19055767597
1267, 57198.93773818243
964, 57194.59059729134
963, 57194.59059729134
962, 57171.78694336016
1141, 57114.18034486831
1138, 57114.18034486831
521, 57046.04759824222
753, 57040.087923222934
1140, 56955.78142888548
71, 56920.34015075067
954, 56917.07375184152
1139, 56876.80645491161
914, 56782.53254757928
1338, 56752.74529493509
1337, 56752.74529493509
1218, 56713.29952504135
1219, 56695.58322392047
213, 56658.5366776981
