227, 99599.67240354112
362, 98894.56509151273
1245, 98129.0179899419
1074, 97527.56834895359
1396, 97129.85329241016
256, 96979.04978962928
1077, 96808.06776696649
274, 96426.44743573703
271, 96426.44743573703
831, 96259.27930545075
796, 94829.90231810675
852, 94642.06460352555
273, 94130.25988951924
794, 93770.56607070084
1314, 93659.63251205887
1080, 93415.86541381392
1190, 93067.79359435475
674, 93010.14103887479
1188, 93001.71751455103
139, 92871.18596011946
1404, 92791.52958740608
1228, 92750.011875152
865, 92750.011875152
654, 92742.97736342167
828, 92640.02859105692
1317, 92486.37776343191
815, 92419.70413783286
481, 92368.13637620956
1162, 92350.09692787645
829, 92350.09692787645
501, 91799.3404205811
740, 91335.9095513224
739, 91244.58661362478
1060, 91113.65796559824
123, 91066.27053715993
765, 90910.47943104219
515, 90910.47943104219
514, 90910.47943104219
502, 90870.53548510934
1344, 90865.22008810597
690, 90660.40825714162
141, 90631.88325686328
1039, 89874.66724124955
932, 89699.19971815508
1061, 89540.38338201954
133, 89054.07626898352
700, 88903.20578748829
866, 88628.67918525792
302, 88541.05162001014
673, 88427.1791918105
992, 88412.5174723184
860, 88131.58167089648
562, 88097.1485267561
1085, 88049.18818244542
564, 87884.53220441059
451, 87583.57886589743
1234, 87579.92409551301
1086, 87559.96841727434
74, 87368.43266357206
1399, 87321.52957544127
1172, 87119.54296873188
6, 86806.26116587671
269, 86644.83915508415
516, 86390.94769731205
1288, 85971.2716618202
1397, 85854.79553885519
1109, 85763.52802319877
1081, 85719.48139155135
1029, 85408.11352877699
661, 85331.03686579752
1110, 85168.45363510512
1108, 85168.45363510512
607, 84845.46956821055
1035, 84728.4585002791
353, 84611.58472553667
1101, 83685.37961937393
151, 83542.77191566068
401, 83394.53656445557
145, 83375.62295175975
1395, 83351.46004467284
1004, 83329.51120103318
861, 83290.1379318493
1147, 83268.55321346875
464, 83268.55321346875
1373, 83236.8777857471
1003, 83177.628682633
124, 83104.92788369289
149, 83103.46266978885
369, 82886.04162914092
919, 82288.76325976562
503, 82134.18361920556
5, 82090.10741331193
1199, 81950.34896180907
1334, 81897.27139433604
264, 81745.74405706173
1056, 81704.86979853525
922, 81276.74714761872
19, 81220.45816351747
142, 80760.41056772508
1106, 80741.3009741392
1105, 80741.3009741392
1102, 80741.29887353446
93, 80669.84079402346
409, 80400.57796979515
1302, 80368.05669181579
391, 80355.54588467102
920, 80297.40528898689
155, 80231.46361628434
1400, 80033.58392072478
1088, 79989.96930766881
1232, 79947.69553662364
437, 79844.0180959489
1018, 79770.2984594248
154, 79770.2984594248
571, 79317.49996243634
709, 78972.75683963246
830, 78884.6263815575
554, 78867.45010846258
555, 78609.88530449907
855, 78416.1817049739
454, 78399.39186852057
1059, 78298.67395505334
856, 78190.44890412324
854, 78190.44890412324
745, 78079.34946988392
45, 77719.55651754416
43, 77687.34782849682
442, 77646.54526808152
233, 77422.53420723467
1113, 77422.23698506228
701, 77191.74173596855
1323, 76038.22680541877
168, 75485.33613409774
26, 75091.47774395111
434, 74934.8300146075
390, 74878.13680455033
399, 74763.85007560757
72, 74664.00730065319
553, 74512.46816880711
419, 74342.83022451425
546, 74228.83946657198
417, 74135.58844843606
167, 74134.9517510247
267, 74115.72447973138
1027, 73410.56762575747
410, 73348.28752659632
840, 73345.38968010958
1075, 73289.76124629426
1076, 73063.28725919116
238, 73031.54032978327
1414, 72972.66819390972
134, 72899.42674374
993, 72765.8687605055
558, 72736.0286562066
1057, 72582.19959609625
187, 72497.10310482807
42, 71552.53860868409
647, 71298.16303130261
903, 71293.40619529894
1410, 71162.40753918441
1313, 71107.27122721141
1136, 71079.04943801618
122, 71055.81939360904
1300, 71053.5903281318
418, 71037.67263459372
471, 71009.91663123303
574, 71004.51756410468
423, 70873.06528262496
424, 70855.824860928
1015, 70826.12586397424
1028, 70644.97060812068
659, 70373.83343216009
968, 70238.62812620639
1382, 70182.69381191097
834, 70163.66148216787
1398, 70142.95477223693
1044, 70112.03102585205
1016, 69672.9584827637
1409, 69606.29824519527
1065, 69606.29824519527
85, 69606.29824519527
1408, 69583.48632718787
1407, 69574.34701699381
601, 69571.48925808923
270, 69534.50014665799
268, 69534.50014665799
86, 69491.71621678307
441, 68855.64842562085
1017, 68781.08476759851
309, 68687.29325023673
783, 68329.39692029875
802, 68245.50762044938
801, 68245.50762044938
346, 68222.64272500042
868, 67956.25590207336
970, 67770.0092001692
64, 67518.90264817482
645, 67384.6751210249
644, 67384.6751210249
63, 67384.6751210249
250, 67287.12703349767
61, 67119.09269016737
504, 67064.68493664943
500, 66957.2572519659
228, 66639.0449140969
1403, 66612.36316116659
398, 66484.7565284358
545, 66463.85995295402
1002, 66452.17135239755
304, 66400.45554960142
600, 66399.08235222098
835, 66346.57826145843
397, 66333.43056191162
1191, 66318.90081727863
172, 66231.1589047613
556, 66211.93602705222
759, 66141.68352735558
1401, 66132.16005470045
366, 66051.51939607272
444, 66039.87277961752
1189, 65945.56318969754
1058, 65761.94442660073
699, 65674.50219030175
565, 65634.32284951731
762, 65342.12371085949
772, 65220.164485720874
1066, 65158.25913570802
194, 64976.860852637474
619, 64975.61563579909
905, 64972.60984834029
899, 64972.60984834029
749, 64816.14370548113
192, 64807.89806626287
191, 64807.89806626287
1264, 64664.27351431984
1263, 64664.27351431984
776, 64659.717987083284
460, 64608.27133684898
209, 64528.39352124481
1287, 64462.87376955682
249, 64302.47313634997
420, 64192.498448201964
969, 64154.921163284875
1043, 64078.7620713559
330, 64060.65515889799
415, 64023.81749585826
1155, 63935.11646094665
180, 63854.91337952578
604, 63805.303607261274
972, 63660.4413851941
967, 63660.4413851941
361, 63649.72332603214
1346, 63443.91775264017
853, 63429.3280505673
620, 63170.44754424598
1170, 63110.354932867755
305, 62878.46853323166
1173, 62848.61708388989
704, 62750.88537741973
702, 62750.88537741973
594, 62544.42161987546
583, 62496.38865505922
782, 62371.05302140631
216, 62243.67646376006
161, 62219.24982695079
160, 62214.98919987099
159, 62208.772053994355
210, 61907.25693275766
146, 61907.25693275766
1152, 61753.27856742631
222, 61710.2638710935
1240, 61615.68819025489
367, 61227.71400564537
88, 61082.35363989694
170, 61010.29707888907
53, 61010.29707888907
218, 60998.91213412047
158, 60826.453459560435
157, 60826.453459560435
1067, 60593.44198398955
169, 60568.86932473087
116, 60532.701258019275
347, 60477.36104415181
858, 60365.74249330644
285, 60086.34946919085
1036, 60000.27992685856
1290, 59998.96683735444
827, 59935.04944836822
1040, 59698.893422402
518, 59648.52909876238
696, 59534.98490177329
705, 59420.601414700555
703, 59420.601414700555
459, 59354.33808323147
908, 59145.42714599805
971, 59126.96023382387
846, 59019.60521768462
517, 59018.12514530109
1342, 58887.251441006
540, 58605.755089439685
1204, 58461.19468409704
775, 58285.52123151653
575, 58170.140512873724
495, 58144.65567238854
1201, 58075.87753857049
421, 58073.113364133496
433, 58050.54496469122
204, 58043.36543026069
427, 58005.58171907048
1262, 57925.29308130585
488, 57903.96956090893
509, 57866.44492855926
930, 57750.22870745166
277, 57582.27257962907
1274, 57559.91681610335
252, 57465.16116720837
1200, 57101.026794051024
915, 56936.71067812756
1169, 56907.39427691443
512, 56840.74618934919
108, 56751.044690155424
643, 56616.178012375196
177, 56597.24624459891
1413, 56429.22317730783
1255, 56362.38186270117
1348, 56351.022069528335
613, 56266.355034669556
272, 56119.073765477144
885, 56051.48961703514
1224, 55992.14535671291
867, 55864.49953815951
781, 55825.12800101781
153, 55795.76943439763
1362, 55728.529609237754
1285, 55610.08338612805
1193, 55592.40626277613
156, 55550.53274833284
217, 55500.96288667844
1149, 55475.06780149921
1286, 55412.56053217676
231, 55406.55469206455
698, 55392.46661033985
544, 55287.13262018075
30, 55148.34792756551
461, 55027.64463455923
220, 54949.3810780468
354, 54923.896943833635
299, 54841.98991920987
107, 54680.853719782426
1236, 54609.74408057808
584, 54586.15965653131
135, 54558.16320309286
380, 54525.340381937014
978, 54447.03417622628
612, 54275.549973683126
279, 54245.36039184298
102, 54208.87945726168
136, 54207.63641103259
1379, 54170.54628773058
1419, 54146.315282978794
450, 53998.25893764423
449, 53998.25893764423
278, 53957.20481485694
65, 53852.4297069374
62, 53852.4297069374
112, 53782.869923318496
137, 53777.057040560394
478, 53774.141970459474
4, 53701.31349305327
771, 53687.89317639379
1299, 53665.49112774478
1084, 53598.719415076834
1082, 53598.719415076834
221, 53472.08024943993
106, 53337.90381164082
750, 53337.6818583854
1111, 53325.88939393215
622, 53317.68254385484
621, 53317.68254385484
751, 53265.369881557664
581, 53156.15096848396
15, 53094.089299914536
363, 53008.74762291728
1020, 52976.90613937416
1318, 52919.90710968498
364, 52913.90763664808
845, 52879.835702519274
799, 52871.23853848487
798, 52871.23853848487
633, 52739.365706314675
239, 52640.613113870604
21, 52640.613113870604
692, 52611.10394960865
609, 52603.28184231414
1013, 52400.64694410715
1012, 52373.597783349316
618, 52356.58901510101
350, 52201.43058702493
425, 52183.935901424105
348, 52179.88976550177
1137, 52166.70192228734
416, 51967.96843755896
56, 51898.98621443399
3, 51892.765149420884
2, 51892.765149420884
1310, 51888.44625237068
396, 51811.11320546851
44, 51811.11320546851
291, 51712.66396186892
754, 51652.3469123334
1148, 51571.11732450929
1308, 51539.19628257617
712, 51449.33957931307
1144, 51432.042772095185
557, 51362.75605071138
780, 51209.65052238626
1246, 51150.485854590785
811, 51142.79395650072
534, 51037.92087598832
836, 51023.45019813911
411, 50901.08170934071
426, 50864.29876112742
414, 50864.29876112742
1100, 50836.17834356374
352, 50818.95166718055
479, 50809.1938653566
29, 50726.45331370456
422, 50724.905371787085
413, 50724.905371787085
219, 50706.99288221212
955, 50679.04093813017
1217, 50536.10859777977
1216, 50536.10859777977
412, 50505.914879177726
984, 50397.181894264584
480, 50382.63696577517
1117, 50214.07082974193
131, 50212.529894582105
536, 50153.37420948794
535, 50153.37420948794
636, 50136.59672782664
428, 50053.20799075312
395, 49891.991382637156
987, 49871.232018015835
985, 49871.232018015835
986, 49771.10723368934
847, 49742.8418771038
382, 49599.31406759974
1103, 49501.10157491517
470, 49433.69347996427
1112, 49303.676271586715
179, 49294.95069950157
1312, 49264.403395629146
812, 49249.16864651607
1306, 49184.45174038998
596, 49149.40966535692
41, 49110.161661444494
189, 49059.83262560725
605, 49058.74177250678
813, 48949.953876814114
435, 48948.159724932324
977, 48924.49144772807
961, 48809.164625443904
1052, 48782.329563704756
176, 48721.270398974666
46, 48688.6674408865
513, 48600.422844645975
11, 48586.28611710302
473, 48576.27803940363
1192, 48565.51745896157
20, 48556.771697477496
598, 48519.58914601871
178, 48427.024701257484
246, 48282.347140378675
242, 48272.99460148072
662, 48237.092768381815
663, 48141.533415746446
358, 47837.535677473206
381, 47815.886280418694
173, 47611.74647021836
597, 47536.84255063805
215, 47525.599837603586
790, 47491.28529703874
1363, 47475.8838892931
795, 47327.257676906454
800, 47218.018778415935
251, 47179.302583204306
226, 47076.60185004118
1378, 47006.15969851868
55, 46991.89382628439
186, 46952.07410708216
36, 46952.07410708216
1330, 46909.22158936011
697, 46899.0165041953
474, 46814.1383404924
695, 46793.04945297386
791, 46581.447907823356
39, 46573.249118124004
921, 46385.27580836312
656, 46258.97938283695
