1346, 99806.9835477845
853, 99770.88156463097
361, 99684.73842338321
972, 99658.46039172889
967, 99658.46039172889
1155, 98992.68547887092
415, 98780.78923509002
969, 98470.31816968162
420, 98381.9223376106
1287, 97753.54440613826
583, 97481.93141511257
776, 97304.34009279462
1066, 96196.72155885445
772, 96062.10787651561
762, 95798.7468772381
222, 95582.67986065894
565, 95177.52191523247
1189, 94530.54934888842
367, 94429.9547999886
1191, 93773.83369981726
304, 93611.25990246938
116, 92786.90345989428
347, 92656.93960656745
858, 92395.19343910657
1290, 91538.70730237452
827, 91390.01177888417
970, 91018.11739013797
1040, 90842.06595844499
346, 90214.25144174122
802, 90174.30072769534
801, 90174.30072769534
783, 90028.25578152057
971, 89524.3504814272
846, 89278.467542687
517, 89275.08083100941
1017, 89255.97023179737
441, 89130.71862790894
1342, 88975.95864234427
540, 88334.87294920388
86, 88087.03185580455
1204, 88006.86065383127
601, 87959.18648928078
1407, 87954.61892147757
1408, 87940.01722582293
1409, 87903.60893164601
1065, 87903.60893164601
85, 87903.60893164601
1016, 87797.52660070593
495, 87291.47845139258
1201, 87136.55504439915
433, 87079.53943830261
204, 87063.38510391723
968, 86915.45892068582
488, 86750.1325088051
509, 86665.93487640687
930, 86405.5138042584
1015, 86032.3877728142
277, 86030.06988333556
1274, 85980.17808429024
574, 85770.63230346137
252, 85768.9222962174
1300, 85699.13600351413
122, 85695.89355117443
1410, 85541.36994508997
903, 85352.84836840839
647, 85346.03139148549
42, 84984.3764126989
1200, 84960.27526960269
1169, 84532.3141232804
187, 83689.30131701913
993, 83333.9830936448
885, 82657.43102766054
410, 82582.99948956858
1224, 82528.4428199037
1027, 82504.19201640485
867, 82251.43584085915
781, 82166.1154229292
153, 82102.53064652062
267, 81631.32187857362
167, 81608.01018076461
417, 81607.23866499485
419, 81357.58485021755
231, 81262.54124148647
553, 81155.38986634853
72, 80976.38686473072
390, 80726.0169704698
30, 80708.32062971067
434, 80660.22615755734
26, 80479.51103731818
220, 80282.89198286348
354, 80228.50469013349
299, 80053.85912084779
168, 80031.96710054288
107, 79710.97685073361
584, 79509.9082256677
1323, 79419.70629778264
380, 79380.93553079679
978, 79215.07325934265
279, 78788.90069261364
450, 78268.68193628464
449, 78268.68193628464
278, 78182.4585807925
1113, 77964.03219009431
233, 77963.73079581038
478, 77798.69926377262
442, 77737.88849161223
771, 77618.29797675471
856, 77200.24113454239
854, 77200.24113454239
221, 77168.02538110552
1059, 77095.02926934412
454, 76997.632764959
855, 76981.44482773551
106, 76888.89043242874
1111, 76863.92639443031
622, 76846.87672690582
621, 76846.87672690582
555, 76795.67394236238
554, 76551.4424356059
581, 76511.766956052
709, 76452.49010057647
571, 76132.15167654557
1018, 75719.60680104498
154, 75719.60680104498
437, 75653.30339633688
1232, 75560.45841913599
1088, 75522.73580260327
1400, 75483.89785596853
155, 75308.71813624754
391, 75199.72211501839
409, 75160.32613379741
1013, 74956.22213869271
1012, 74900.88720560957
618, 74866.10466432589
1102, 74864.99357766195
1106, 74864.99177169234
1105, 74864.99177169234
1137, 74478.44860327215
922, 74410.45762074461
1056, 74055.19993375358
264, 74021.65313117909
56, 73933.95079721294
1310, 73912.5627230403
149, 72942.54444266215
124, 72941.4156602578
557, 72850.47221302529
861, 72799.33146709843
1395, 72752.54869843581
401, 72719.76254538428
151, 72607.42141957527
780, 72542.84997605116
1101, 72500.04626238171
534, 72198.7183463738
836, 72169.76419415919
607, 71651.3040575218
29, 71577.00759572675
1110, 71422.56873083652
1108, 71422.56873083652
1217, 71198.608947659
1216, 71198.608947659
1081, 71039.61066844639
1109, 71009.38702161635
1397, 70946.94190562634
1288, 70867.6004059073
131, 70558.01344826672
536, 70441.263227962
535, 70441.263227962
1399, 69975.65809632688
395, 69926.7264902462
1086, 69823.28883374503
1234, 69810.60419713343
451, 69808.28220259894
847, 69634.09200714873
564, 69618.26445048963
1085, 69515.28674464989
562, 69485.42129223437
860, 69464.01522708939
992, 69290.47698232353
673, 69281.47421451556
302, 69211.73372635826
866, 69158.28397014749
700, 68992.04380743107
1112, 68776.50061148507
1061, 68613.13873242252
1306, 68544.72241324611
596, 68476.68302316856
1039, 68418.13734756122
605, 68300.81478573746
977, 68040.87760120434
1344, 67855.02386423449
1052, 67766.22890638994
501, 67343.29261804746
598, 67260.26547298697
178, 67082.51645038613
815, 67013.3050042671
1317, 66978.29381646676
1228, 66840.70442271464
865, 66840.70442271464
1404, 66819.15909367519
139, 66777.91468706385
1188, 66710.59048928782
674, 66706.25703799265
1190, 66676.63403504786
794, 66320.53526069561
273, 66141.77907700081
381, 65915.50129643954
852, 65891.40149815835
796, 65800.65867796465
173, 65528.192702378576
597, 65386.392885666115
215, 65365.12390604797
790, 65300.23096398868
1363, 65271.11647344097
831, 65129.58924540707
256, 64804.16138024624
800, 64784.703351402604
1074, 64561.52123581382
226, 64518.78568412119
1378, 64386.54835683204
186, 64285.11574612271
36, 64285.11574612271
1330, 64204.810977191264
474, 64026.819890149585
362, 63976.11241803816
227, 63360.08580449183
921, 63227.30322921806
570, 62967.012428009875
1245, 62761.721234784905
814, 62650.443622997234
538, 62445.72883922959
1396, 62351.49013779866
1077, 62218.72923593528
275, 62089.58722619755
274, 62060.87261574719
271, 62060.87261574719
432, 61953.26307554987
537, 61764.31957203542
140, 61321.62511075031
1314, 60902.92863848892
1080, 60799.761342402504
654, 60514.00301359021
828, 60470.15616039686
1343, 60452.39299019209
525, 60410.74185972296
481, 60354.19182596295
1162, 60346.48947745668
829, 60346.48947745668
560, 60303.012912627775
18, 60301.82514870207
14, 60047.04777600425
576, 60047.030582939966
877, 60026.91945727519
531, 59938.681270839355
740, 59911.77561532717
739, 59872.46855518532
1060, 59816.0672553139
123, 59795.640025147826
334, 59784.07585117086
765, 59728.4318980038
515, 59728.4318980038
514, 59728.4318980038
502, 59711.18739229979
1031, 59639.681018032476
690, 59620.386092546476
141, 59608.048606593766
826, 59450.17588824124
857, 59263.57790269211
932, 59203.179467266884
133, 58921.458625866486
1010, 58760.903284262335
949, 58462.82550649927
1175, 58284.45158450992
74, 58178.78914575739
1172, 58068.320069577494
6, 57928.97114960228
16, 57859.315254236775
269, 57857.039333830515
516, 57743.7215355775
1121, 57318.53301357962
1029, 57302.969046127946
661, 57268.262780588266
623, 57265.46145172393
1035, 56996.21995941058
353, 56943.308871648944
1051, 56749.81870443076
1083, 56474.354463959186
1176, 56381.57260041663
145, 56380.82478232521
752, 56360.067957077
1004, 56359.73490508923
1147, 56331.843289440774
464, 56331.843289440774
1373, 56317.3448312269
1003, 56290.21578354563
719, 56211.49957423624
369, 56156.52132292937
90, 55895.25835433641
919, 55881.716225214186
503, 55810.38616737103
5, 55790.0316377951
563, 55779.32217033251
1199, 55725.444416968894
1334, 55700.89696036813
611, 55443.85133083643
1376, 55435.91564610105
19, 55386.98785830964
290, 55370.644285231174
960, 55351.311188636166
142, 55172.6640024967
93, 55130.37879214273
1302, 54989.26463727834
920, 54956.179704435126
850, 54872.67011775661
830, 54290.71895393078
1282, 54224.137480582154
1277, 54001.49874373625
1247, 53925.973160052374
745, 53908.0739068112
819, 53879.60929554934
1062, 53862.192256951006
1223, 53804.893279093456
45, 53736.3195016622
43, 53720.92010168025
701, 53483.46664695157
1221, 53357.33732631444
1412, 53158.30559924337
577, 53107.81680966907
335, 53045.36676370884
338, 52985.62376416155
223, 52767.58541026303
1001, 52515.25611837865
260, 52492.17093483431
399, 52306.55868085878
546, 52044.121180238
113, 51754.161868724455
840, 51608.280814227335
1075, 51580.73297074189
1076, 51468.45244685879
238, 51452.69661604722
1414, 51423.46797604361
134, 51387.08586065405
710, 51371.55781457829
558, 51305.841341191684
1057, 51229.25637204906
890, 51018.97047450694
259, 51014.49643076568
999, 50865.41190276454
359, 50648.03704056455
743, 50592.95459029556
1313, 50490.075260361824
1136, 50475.84481362498
418, 50454.9752103192
471, 50440.97170870968
1037, 50403.13275746964
423, 50371.88086849981
424, 50363.17138607409
37, 50360.544364136826
1028, 50256.55319068778
47, 50243.60133174714
80, 50131.41790264924
659, 50119.18275013919
1382, 50022.15948326718
834, 50012.49028219039
94, 50010.04965199502
1398, 50001.96871621778
1044, 49986.25231239308
310, 49919.70991310938
1281, 49778.534858220206
270, 49692.000340896455
268, 49692.000340896455
1390, 49629.03007390554
909, 49600.15271539859
67, 49542.00637239232
205, 49502.640166044825
309, 49257.81578386731
1009, 49185.53936022202
742, 49129.531385691196
224, 49089.38026350948
711, 49035.85303712437
868, 48880.72449137275
64, 48654.03362161047
1371, 48614.056030965934
1026, 48588.724305921576
645, 48584.295565716915
644, 48584.295565716915
63, 48584.295565716915
250, 48533.56569628356
61, 48446.08326159631
504, 48417.731246248935
500, 48361.712835838836
228, 48195.48695562018
1403, 48181.52913203623
398, 48114.73243638319
545, 48103.78720814237
1002, 48097.664112597166
600, 48069.845849687525
835, 48042.321995138096
397, 48035.42778628943
172, 47981.774238301645
556, 47971.684473714486
759, 47934.796389092335
1401, 47929.794157015334
366, 47887.42151315683
444, 47881.29944564179
552, 47834.866132986965
1058, 47735.029498809294
699, 47688.93971376519
1316, 47367.555935203585
637, 47367.555935203585
809, 47321.2210664159
807, 47321.2210664159
194, 47320.01375084638
619, 47319.353331907914
905, 47317.75914028336
899, 47317.75914028336
379, 47249.59056722905
749, 47234.71817790758
192, 47230.33896969159
191, 47230.33896969159
1264, 47154.012343965784
1263, 47154.012343965784
460, 47124.22613213333
209, 47081.71685420599
249, 46961.33262592797
1406, 46890.52756244514
483, 46890.52756244514
484, 46867.19943094262
1043, 46841.90065572063
330, 46832.22415785079
485, 46790.849038364104
180, 46722.17047283606
604, 46695.60514673708
981, 46517.25471860463
12, 46356.923518167125
620, 46354.668234652665
1170, 46322.30215393452
73, 46245.89737883209
305, 46197.25350857006
1173, 46181.13783261353
929, 46165.403840218954
704, 46128.347739718214
702, 46128.347739718214
594, 46016.682348521914
782, 45922.76580036403
248, 45867.57774889366
824, 45866.697229073565
216, 45853.67608711644
589, 45847.280996709334
161, 45840.41844168091
160, 45838.10569025347
159, 45834.73075267389
526, 45700.61374812901
210, 45670.84182691372
146, 45670.84182691372
1152, 45586.985079852646
89, 45555.10405286918
1417, 45541.33210381503
1240, 45511.96057234923
295, 45474.96926012953
289, 45449.34159742275
88, 45220.31740692661
170, 45180.81329718921
53, 45180.81329718921
1235, 45178.40156365478
218, 45174.56942844702
235, 45157.49341663932
325, 45128.17702986996
720, 45111.93301779957
158, 45079.91355760489
157, 45079.91355760489
940, 45072.366280628856
832, 45072.366280628856
288, 44967.66094109161
1067, 44951.80168790514
169, 44938.27658478866
384, 44881.02339241742
1347, 44864.67763449044
13, 44754.92523514405
22, 44754.92018199342
281, 44690.050251020264
185, 44674.81791753528
285, 44672.11654925781
1036, 44624.52492435299
876, 44486.0140473478
518, 44429.66221780349
1119, 44414.60727152054
696, 44366.635822790384
705, 44303.08159069948
703, 44303.08159069948
459, 44266.23559609604
908, 44149.932794452914
465, 44063.63688916892
356, 44014.45914567354
1283, 43936.67320961923
307, 43908.850700642746
1174, 43886.09006213736
150, 43886.09006213736
152, 43865.150092901626
775, 43669.01316533566
777, 43627.13130907282
