1310, 99919.40871415564
56, 99880.3480692513
1137, 98903.53054935529
618, 98228.10377075474
1012, 98168.29069994196
557, 98143.30923406768
1013, 98073.39922549046
780, 97585.81786897121
534, 96964.09314845782
836, 96911.87589570886
29, 95846.01960008415
581, 95532.14927151041
1217, 95168.73235674272
1216, 95168.73235674272
622, 95014.81231794362
621, 95014.81231794362
1111, 94988.76094205638
106, 94950.6632294788
221, 94528.4094098359
131, 94027.65284013335
771, 93861.41306860502
536, 93820.43018048136
535, 93820.43018048136
478, 93598.95419250036
278, 93049.46123305452
450, 92927.62225038222
449, 92927.62225038222
395, 92909.87690751167
847, 92393.97643096313
279, 92204.80035089228
978, 91627.90913088192
380, 91406.99130616846
584, 91236.5759597318
107, 90973.2536654773
1112, 90890.21407764126
299, 90530.71187565097
1306, 90485.8650949659
596, 90367.33302115143
354, 90308.39590354182
220, 90239.58283221353
605, 90061.29986058937
30, 89708.06969650548
977, 89609.89441289914
1052, 89134.12743250151
231, 89033.14211604113
598, 88260.83582076011
153, 88046.2056170402
781, 87973.19855418678
178, 87955.0143742505
867, 87875.60178853545
1224, 87561.60471780928
885, 87416.86976707284
381, 85959.5933372001
1169, 85413.36394168966
173, 85302.09383532761
597, 85061.95899678791
215, 85025.96748001149
1200, 84980.837654504
790, 84916.19871321475
1363, 84866.97179059945
252, 84186.91402530298
800, 84046.48792980103
1274, 83984.36816432192
277, 83936.82024461878
226, 83599.48363264951
930, 83582.47948865773
1378, 83377.59976996742
509, 83340.2337178213
488, 83262.52216575858
186, 83207.58590506077
36, 83207.58590506077
1330, 83073.0969379877
204, 82975.9784249687
433, 82961.31061136114
1201, 82909.62641134353
474, 82775.36169836526
495, 82769.85384138208
1204, 82136.77241183148
540, 81853.10190768146
921, 81443.92443526935
1342, 81310.23722239443
517, 81062.033423817
846, 81059.24138613831
570, 81012.55230739797
971, 80857.60731911272
814, 80489.28780012768
538, 80151.71052965715
1040, 79811.96689355669
275, 79565.92167706303
827, 79393.74555504063
432, 79342.19326417716
1290, 79281.86501994314
537, 79032.56514359974
858, 78650.41200159313
347, 78461.73805805453
116, 78368.78600432017
140, 78309.17679765273
367, 77233.76217234167
1343, 76897.1864683523
525, 76829.80518020623
560, 76655.64330204166
18, 76653.7240232957
222, 76479.3853614645
14, 76242.50880850975
576, 76242.48109035657
877, 76210.06145540762
531, 76067.8884950128
334, 75819.05334450112
1031, 75586.96353187789
583, 75305.43462950314
826, 75282.82229617896
857, 74983.85094622188
1010, 74180.93392691448
853, 73994.04576158698
1346, 73974.20111463511
949, 73706.51771045964
361, 73696.35972792257
972, 73681.99632298184
967, 73681.99632298184
1175, 73423.22318314263
1155, 73317.42814884847
415, 73201.13003583172
969, 73030.4961285815
420, 72981.86320922029
16, 72749.83164676152
1287, 72635.49584956194
776, 72387.18836708523
1121, 71896.93494786893
623, 71813.45345135001
1066, 71772.41225708448
772, 71697.45078980872
762, 71550.6404104376
565, 71203.52833938252
1051, 71004.38981477181
1189, 70840.81431310809
1083, 70573.68722528107
1176, 70428.85404701252
1191, 70414.99285125785
752, 70395.30209052758
304, 70323.28530379242
719, 70163.67692969473
90, 69671.65236222306
563, 69491.61637462092
611, 68971.70237505854
1376, 68959.4222058793
290, 68858.44979621831
970, 68849.7120635558
960, 68828.55333302624
346, 68388.74763496482
802, 68365.78667299883
801, 68365.78667299883
783, 68281.80805148224
850, 68090.00661486166
1017, 67836.63271866961
441, 67764.25855043808
86, 67159.28339622045
1282, 67094.25323234138
601, 67084.9433335514
1407, 67082.28641609955
1408, 67073.79228787465
1409, 67052.60986530162
1065, 67052.60986530162
85, 67052.60986530162
1016, 66990.8672028383
1277, 66753.71722356023
1247, 66638.34800190812
819, 66567.56253907732
1062, 66540.97870057111
968, 66476.1083936812
1223, 66453.55112151825
1015, 65958.29686954812
574, 65804.33289972614
1221, 65772.16738803331
1300, 65762.2408954214
122, 65760.33157971932
1410, 65669.30148114637
903, 65558.13960685417
647, 65554.11783831858
1412, 65470.00419913171
577, 65393.43714915358
42, 65340.540717964504
335, 65298.77724265584
338, 65208.26877026985
223, 64878.34768482349
187, 64572.26927414384
1001, 64497.32010703536
260, 64462.50224188101
993, 64360.535034086155
410, 63911.66825725345
1027, 63864.4575924144
113, 63353.080232412874
267, 63340.18716446608
167, 63326.151055806615
417, 63325.68649096964
419, 63175.25512924196
553, 63053.26924610422
72, 62945.16207188417
390, 62793.7748797263
710, 62780.71199675015
434, 62753.95957741083
26, 62644.520116043976
168, 62373.02205611288
890, 62254.92212124597
259, 62248.26056275593
999, 62026.430493814434
1323, 62000.51306597437
359, 61703.49876664134
743, 61621.764436024496
1037, 61340.393473461256
37, 61277.328286262025
1113, 61109.77996474082
233, 61109.59479576259
47, 61104.277089792966
442, 60970.75597171708
80, 60938.43267423964
94, 60759.19014030938
856, 60639.53065101336
854, 60639.53065101336
310, 60625.893372075654
1059, 60574.5975634454
454, 60514.45398343188
855, 60504.45456943153
1281, 60417.79588707291
555, 60389.63798760952
554, 60238.50885375004
1390, 60197.69492913838
709, 60177.21917274518
909, 60155.214215619526
67, 60069.708606668784
205, 60011.843853163584
571, 59978.57421404663
1018, 59722.228015491106
154, 59722.228015491106
437, 59680.97350068108
1232, 59623.17894092138
1088, 59599.68863734144
1400, 59575.4986352771
1009, 59546.44601455813
155, 59466.32367817508
742, 59464.37637576759
224, 59405.56632883851
391, 59398.34158010971
409, 59373.75965451928
711, 59327.195504378884
1102, 59189.3083665866
1106, 59189.307237728404
1105, 59189.307237728404
922, 58904.82973664131
1371, 58710.88390892878
1056, 58681.981283841866
1026, 58673.940982933425
264, 58660.914880521465
149, 57981.14623412612
124, 57980.43301433562
861, 57890.621121372365
1395, 57861.03386359448
401, 57840.29397217105
151, 57769.200102792995
1101, 57701.20685812443
552, 57578.1875560177
607, 57162.307010428725
1110, 57016.63202370637
1108, 57016.63202370637
1316, 56902.46442632826
637, 56902.46442632826
809, 56835.611160352404
807, 56835.611160352404
1081, 56772.31521654091
1109, 56753.01082838875
379, 56732.31242470333
1397, 56713.11555504047
1288, 56662.405099960175
1406, 56215.45152226856
483, 56215.45152226856
484, 56181.92579883323
1399, 56090.75753718169
485, 56072.246182787
1086, 55992.81447541654
1234, 55984.656964728674
451, 55983.16362264688
564, 55860.89097179251
1085, 55794.57173675487
562, 55775.33066821547
860, 55761.53762302218
981, 55679.80216639987
992, 55649.65593997723
673, 55643.84876351314
302, 55598.85305149429
866, 55564.35584657827
700, 55456.99514165727
12, 55450.2451793417
73, 55291.464015355916
1061, 55211.91210819445
929, 55176.44147709061
1039, 55085.57531764218
248, 54751.537977535445
824, 54750.283339192276
589, 54722.61983707748
1344, 54719.958368752974
526, 54513.80042508217
501, 54386.682470205415
89, 54306.88436366194
1417, 54287.31368553651
295, 54193.04038495896
815, 54171.2536962848
289, 54156.64852218154
1317, 54148.37316906435
1228, 54058.41128340504
865, 54058.41128340504
1404, 54044.31760288209
139, 54017.333102764656
1188, 53973.27199264802
674, 53970.43533300282
1190, 53951.042350642616
1235, 53772.3879486562
235, 53742.77141422818
794, 53717.661228151526
325, 53701.25333003735
720, 53678.25285160088
940, 53622.24205067733
832, 53622.24205067733
273, 53600.32781046472
288, 53474.11079199993
852, 53435.78063863242
796, 53376.08643362094
384, 53351.639458122416
1347, 53328.543007297136
13, 53173.54576348974
22, 53173.538630496594
281, 53081.99363777102
185, 53060.50487513238
831, 52933.66357500371
876, 52794.38109256571
256, 52718.50012377045
1119, 52693.84137381852
1074, 52557.811059726155
465, 52200.554815463365
362, 52169.196492783085
356, 52131.55170641756
1283, 52022.46542817258
307, 51983.464656217504
1174, 51951.56622329027
150, 51951.56622329027
152, 51922.22478034616
227, 51758.836957936925
777, 51589.0700779452
165, 51492.67155676326
1222, 51422.44961203377
1245, 51358.841558563494
1271, 51321.03948649257
1248, 51316.1097482647
1396, 51083.80819475121
1077, 50994.660485024615
274, 50888.57187646827
271, 50888.57187646827
125, 50712.33941619325
343, 50632.02151461872
258, 50563.87065754332
808, 50563.085170839026
1314, 50107.38755720818
1080, 50037.53221251928
475, 49923.870439703845
654, 49843.82384751634
438, 49836.33937120773
828, 49814.07262201713
891, 49804.61188430723
481, 49735.35116041298
1162, 49730.12059766667
829, 49730.12059766667
1273, 49641.5948323555
530, 49634.94104329069
740, 49434.53095173341
739, 49407.76659264065
1060, 49369.351954915044
123, 49355.435951503336
765, 49309.63885176651
515, 49309.63885176651
514, 49309.63885176651
502, 49297.885166955864
690, 49235.97636254775
141, 49227.56206500177
932, 48951.1000156238
133, 48758.34226763375
1032, 48639.672082454825
74, 48248.6692057029
1172, 48172.667591316946
817, 48161.205454378054
6, 48076.726618784494
477, 48039.73491668267
269, 48027.17122859806
1063, 48025.78340653378
266, 47973.918962247444
463, 47968.442226962645
516, 47949.06165419231
184, 47890.47519454076
183, 47890.47519454076
748, 47804.54741332034
1029, 47644.757339050295
661, 47620.76192707857
98, 47588.33622063397
1278, 47553.1690096233
456, 47548.91371160479
1418, 47527.63005943648
236, 47456.77165180223
1035, 47432.505586072286
934, 47407.63645205075
353, 47395.85555304857
1307, 47278.69600706995
1094, 47231.99270302022
455, 47190.84413953886
1326, 47038.631785976075
145, 47005.53137691811
1004, 46990.87130335428
1147, 46971.48037894274
464, 46971.48037894274
1373, 46961.39944043015
1003, 46942.53399672475
369, 46849.51921512189
768, 46826.74117660556
331, 46812.9331839495
195, 46752.011581346174
793, 46741.97276427521
833, 46728.08449502148
919, 46658.0993376739
1315, 46617.466456199705
365, 46617.466456199705
503, 46608.36243905968
5, 46594.16582356789
1199, 46549.10705232893
257, 46547.53126239558
1334, 46531.97719947399
1384, 46463.990404547265
19, 46312.70396786321
816, 46228.103092515514
527, 46199.933944665165
142, 46162.75940879013
93, 46133.153495133774
1302, 46034.29901252373
920, 46011.110117395496
825, 45983.09185266805
240, 45966.66498971899
368, 45935.4226525057
786, 45795.024210621326
276, 45780.09708544971
640, 45769.82769383998
17, 45757.977682111356
10, 45757.977682111356
792, 45734.38288848441
429, 45678.73136275474
255, 45643.05253547397
830, 45543.72851707806
430, 45465.51817061405
306, 45419.27035550638
745, 45274.14364693095
820, 45247.50484600426
642, 45194.289967688244
45, 45152.938123391104
43, 45142.06486082924
701, 44974.27677883384
1370, 44687.70302712555
1369, 44687.70302712555
713, 44429.55240910369
1356, 44339.11012131313
345, 44154.42545187921
399, 44139.14518920657
717, 44083.35883154322
546, 43952.11926727038
1135, 43896.45739520552
840, 43640.86910202262
770, 43627.910379389636
313, 43624.82939154957
1075, 43621.168867547625
1383, 43574.63430074097
466, 43546.81992035303
1076, 43540.84031966824
238, 43529.56384938254
1414, 43508.64205401949
862, 43505.96106619822
134, 43482.5947022311
468, 43468.47285151453
469, 43450.55589345876
467, 43437.120990194715
558, 43424.40814921951
1057, 43369.532796125764
872, 43256.421407329326
99, 43098.3559490425
1270, 43062.37405724045
1256, 43019.70329887016
1313, 42838.59124393482
1136, 42828.346634426285
418, 42813.320861372486
471, 42803.237513769585
423, 42753.47561911619
424, 42747.20124772712
476, 42728.78288918221
519, 42678.62587474508
1028, 42670.36615613805
1272, 42629.87970454003
659, 42571.296681724016
1120, 42503.19436512434
