1301, 99904.7118145515
70, 99805.97603667567
1329, 99666.74307976953
667, 99316.1913261552
109, 99152.33705064656
1368, 99018.74121647462
592, 98843.97119662484
496, 98407.97832450035
120, 97921.32233382743
311, 97604.54550912949
676, 97408.15946262886
1405, 97277.52854853628
1125, 96898.63248500762
326, 96749.05052228233
665, 96708.50216718981
1350, 96580.86778387241
892, 96397.09022880737
1411, 96378.90697002939
148, 96332.23262562638
486, 96116.18476152261
213, 96109.19647117033
728, 95378.32254050163
71, 95365.15485459851
1321, 95360.88400645487
729, 95249.75853564047
753, 95030.90260179447
370, 94993.96391616327
958, 94656.20135980111
778, 94480.93188977725
1388, 94235.3766205396
741, 93996.23363580648
208, 93985.82184338756
119, 93807.626967194
983, 93805.6399257079
241, 93608.33937178254
734, 93033.27616419148
757, 92726.44788325144
1, 92661.85805954871
1025, 92293.00600546935
670, 92266.52911103712
1115, 91699.48681934009
1145, 91578.41978332498
582, 91425.74593160582
211, 91018.34113998323
490, 90970.93012582045
212, 90940.11506336754
668, 90937.61378614556
458, 90884.91830852807
0, 90705.15910622678
497, 90376.42187397377
1360, 89916.73206508464
1284, 89881.73344647544
315, 89762.61154854306
980, 89651.46138809621
1324, 89613.28296250264
286, 89495.07112107506
7, 88806.08803744454
51, 88522.90557901567
1185, 88244.96637892541
1171, 87947.43046561773
1079, 87801.56146985917
193, 87801.56146985917
756, 87726.48030601152
904, 87518.94167640766
902, 87518.94167640766
901, 87518.94167640766
900, 87518.94167640766
942, 86985.92952915611
174, 86803.82854549248
1150, 86663.34151156321
1034, 86432.51806369542
166, 86263.36609069945
632, 85735.27027399046
520, 85730.78363678766
889, 85437.33448552026
897, 85324.4929521479
1328, 85117.93245532388
1279, 85117.93245532388
1249, 84566.56636506808
314, 84380.3730416482
1367, 84314.16947014444
337, 84282.48561512017
1305, 83925.50515321168
360, 83778.52607680512
956, 83731.20259273292
494, 83667.15127450683
588, 83636.01647639381
1303, 83535.89745488892
446, 83320.39777762147
110, 82973.03388015187
1124, 82909.52415716246
761, 82229.30810336242
1008, 81938.80857827885
733, 81857.27084585208
1304, 81563.42179108059
1122, 81432.5881768005
1184, 81261.96082709989
579, 81055.69772534081
482, 80702.18946948127
492, 80610.07317551674
498, 80407.88127057557
638, 80388.11555199712
225, 80388.11555199712
206, 80367.57535542107
938, 79850.32462879027
1322, 78746.25541262885
864, 78731.43104496162
1354, 78323.57843590117
1416, 78314.81056078023
1078, 78313.07517700987
332, 78176.74768734691
730, 78078.13793666227
1183, 77976.16718616236
870, 77750.61639567837
863, 77742.90539991733
566, 77602.31751787596
1046, 77563.99306504696
1000, 77556.44166264494
371, 77524.51860192133
328, 77308.55182552803
132, 77305.3881757595
1214, 77112.72149545969
788, 77038.50660808846
1415, 76804.39638623975
787, 76796.00575933598
203, 76762.8983969302
386, 76582.17020838197
287, 76575.01970911535
207, 76527.24936796834
1123, 76198.58509904316
48, 75889.59482899343
1005, 75582.17602785869
1225, 75205.92511061249
247, 75169.48321952039
948, 75164.61660993086
1177, 75059.02375410823
568, 75001.53844110547
1181, 74888.7107197758
1180, 74888.7107197758
1179, 74888.7107197758
1182, 74743.0827242892
1178, 74743.0827242892
234, 74734.34316909063
1030, 74638.12775012448
874, 73672.04741156529
31, 73428.68919640261
342, 73273.83344663147
1087, 72908.37047522896
349, 72432.7897610524
1250, 72428.0719089669
726, 72246.81881549214
630, 72221.80203264247
732, 72221.61242226607
657, 72088.01785930047
1133, 71949.51836881362
927, 71790.90011700944
1163, 71762.41742680004
405, 71665.47316259368
769, 71603.19016504417
666, 71575.53958074664
763, 71545.51917526367
59, 71503.02719077258
322, 71488.38527800943
655, 71109.15515923475
457, 70801.26906107362
731, 70770.80346542587
871, 70732.47464926577
38, 70693.22654025171
1048, 70606.8319933587
493, 70547.64006315796
869, 70531.34041964274
1319, 70531.18285563435
617, 70373.68323860737
253, 70290.92500584951
1309, 70263.91433002397
1132, 70201.05539024498
569, 69896.7887134842
689, 69849.74247578128
1134, 69821.44952469993
744, 69818.77713664171
567, 69766.09411449921
875, 69637.66279984827
244, 69588.23245383332
679, 69367.97917046201
214, 69290.47837542607
357, 69136.6820853686
54, 69013.5847234336
1019, 68877.6250100393
445, 68877.6250100393
591, 68808.06528020173
1091, 68769.76092407205
1090, 68769.76092407205
947, 68468.96569268322
114, 68410.51928930705
641, 68393.3910998054
232, 68372.07939310995
1161, 68358.04341824698
402, 68321.02645334178
138, 68242.1817714185
1011, 68012.09868639773
1258, 67991.10889434049
245, 67938.0363269228
202, 67786.66139296559
1333, 67586.82064344363
188, 67449.09267093179
549, 67375.39038882419
1164, 67361.45856424172
200, 67361.45856424172
1089, 67318.71902159193
849, 67250.01897249269
78, 67225.48690196089
1227, 67216.41444605678
1238, 67124.91721528435
293, 67098.66858777539
81, 67019.84568705864
844, 66977.5223151866
1231, 66905.49188852009
718, 66755.88545368088
936, 66493.71025310358
628, 66468.3214342799
1165, 66323.14143054039
1143, 66128.35989978428
127, 65970.24727978901
453, 65945.04524770916
452, 65945.04524770916
1325, 65925.07087054774
408, 65883.03267783462
528, 65844.14740706577
989, 65794.51397365984
403, 65794.51397365984
851, 65766.45436585578
97, 65564.4743186336
1099, 65423.564327147855
105, 65268.17492442151
103, 65268.17492442151
83, 65264.70671700161
237, 65237.91642523313
104, 65233.525513371394
58, 65232.91265957931
199, 65131.25492562295
572, 65117.64445058211
182, 64966.44969997264
312, 64761.1779216273
837, 64748.84210147335
1294, 64690.03641806329
1358, 64675.041943289565
196, 64615.04176916419
50, 64610.79547926739
997, 64500.11294955523
873, 64500.11294955523
190, 64386.72892103773
1120, 64293.47199776303
631, 64248.287109901634
888, 64205.879776118025
1272, 64005.7477020176
680, 63995.27855308893
928, 63969.85262508757
1357, 63938.64142098311
519, 63896.173128522525
476, 63784.07771186385
147, 63762.66243289601
789, 63714.89298143104
639, 63624.96925313145
614, 63442.79180647827
1260, 63401.74040167145
1259, 63244.96135908423
1256, 63146.62397071964
651, 63135.84803167429
126, 63111.98384136028
1270, 63054.910309569736
99, 62977.92062327961
1069, 62915.33116184991
994, 62775.79399511993
872, 62643.425723365355
1038, 62439.65979966417
590, 62317.00324124234
467, 62268.290389923364
469, 62240.70242903942
468, 62203.97528293073
541, 62201.46669134536
573, 62183.018648757396
862, 62127.36753401806
1377, 62111.75406155891
946, 62060.13792736157
181, 62048.43964189864
466, 62044.23608230785
1383, 61987.86098747314
313, 61886.56394335241
770, 61880.364666022804
1366, 61754.41445488081
1135, 61348.03585376935
935, 61006.097617503154
1331, 60997.907435062545
717, 60986.67251473425
1073, 60916.105262091325
1142, 60851.26765299448
345, 60851.178323128544
300, 60781.12807859472
1402, 60742.22799945683
448, 60632.216413339804
1356, 60503.86475902107
713, 60336.264700560314
602, 60333.10380715259
393, 60135.48131076663
648, 59945.84778563945
931, 59941.04461796083
1370, 59866.61256202781
1369, 59866.61256202781
9, 59763.8380946911
49, 59745.33328804721
652, 59635.620631815356
118, 59569.41029047104
375, 59515.18544000214
926, 59248.040146768995
1335, 59114.023278225126
1033, 59081.29909079282
1053, 59060.3894916288
585, 59054.57187809099
649, 58993.06115415205
642, 58980.92880044988
820, 58890.54054207117
1045, 58776.2024452799
489, 58629.30719008978
1226, 58605.815347309566
306, 58602.097627117044
1153, 58563.71729039207
430, 58525.286236126194
894, 58399.945679525736
1327, 58381.77286047371
797, 58373.209848495964
57, 58370.023088351474
255, 58233.71568870103
677, 58182.34723046759
616, 58176.63703822852
715, 58176.090693272665
429, 58175.74101920239
1244, 58167.255938744864
792, 58085.72256761555
998, 58067.59932508123
17, 58047.70704169512
10, 58047.70704169512
640, 58028.64803765102
276, 58012.149322020116
786, 57988.19743483875
385, 57814.756153893155
368, 57764.63546666273
240, 57715.30606549302
825, 57689.429852415364
1254, 57478.82762477581
197, 57439.604875970654
907, 57435.62165001201
527, 57351.71765965239
1014, 57328.12782012624
816, 57308.36749532607
1095, 57224.56045922675
1205, 57113.177301139796
75, 57041.47166985452
671, 57012.03303827932
1384, 56949.94656598704
1207, 56880.2399936487
737, 56873.38026678397
257, 56824.944234772025
723, 56813.03918610463
779, 56739.18088396156
1315, 56721.063778404634
365, 56721.063778404634
1289, 56709.675056280554
82, 56709.675056280554
1353, 56634.77598906744
561, 56600.48437874914
833, 56558.15708601346
979, 56541.916926060665
793, 56537.82427366628
195, 56523.14378198236
331, 56434.35154205451
768, 56414.29742794676
472, 56411.20030126936
543, 56387.85240899158
101, 56386.23564450423
714, 56324.038156116185
1257, 56292.60168831479
100, 56278.64299592168
988, 56247.46421690242
610, 56234.6288893176
1131, 56177.50424912248
319, 56151.07605558294
1326, 56109.79486038222
447, 56103.89715895511
884, 56066.748229979814
736, 56061.53288739055
317, 56033.52407312024
1047, 55984.15424377385
925, 55935.109751772274
455, 55894.74106883131
716, 55875.91428248656
1094, 55837.12353709464
376, 55836.653991961524
859, 55798.2681133174
1307, 55771.99294164235
323, 55752.16440869306
1206, 55657.47286291279
934, 55593.62511154241
236, 55526.2081396231
1239, 55511.85926670088
1209, 55506.9326736655
79, 55462.035998610656
603, 55435.51851905334
1418, 55429.517117704505
1208, 55416.85332032895
456, 55400.596009764195
1278, 55394.8204575644
98, 55347.17488407635
355, 55277.04346942809
95, 55250.20578431533
748, 55057.56001243935
843, 55045.5113067358
60, 54958.1087147308
184, 54944.019035850746
183, 54944.019035850746
1261, 54939.14564151066
341, 54854.71647772343
463, 54841.75145490108
266, 54834.594522908184
1063, 54766.991891979276
171, 54758.993729270696
477, 54748.86012502669
1359, 54629.78959845138
392, 54619.748724464924
1355, 54619.14187933928
817, 54591.94073248041
1212, 54584.0943670996
329, 54349.523821172465
650, 54339.008878457986
243, 54301.000151322834
394, 54024.951688832014
406, 54019.967885852995
615, 54010.72534268304
1032, 53989.929000009004
294, 53907.583640221004
1276, 53885.066399717674
810, 53798.36741135184
324, 53748.938639649205
407, 53739.42705911413
1068, 53669.499607110316
1252, 53647.93955244935
678, 53493.75697815276
52, 53181.57169920501
1375, 53040.50790608125
1104, 52910.517711781846
629, 52873.36776101121
530, 52814.41570015465
1273, 52806.88424635922
974, 52792.22508899742
87, 52640.64852350139
891, 52623.65730964028
438, 52588.28283515533
499, 52563.027823515484
1291, 52502.49876234244
475, 52491.16855864321
462, 52481.8475061039
76, 52359.41596957373
1114, 52187.25087705698
945, 51842.157114376496
808, 51802.60692643687
258, 51801.78248221008
848, 51782.9035177381
343, 51730.44846365914
1213, 51664.23702492039
1332, 51649.164064696175
125, 51646.87589698346
944, 51626.24657992673
1292, 51429.276379429655
1293, 51417.40066815993
1349, 51416.97847895127
803, 51392.08186015389
735, 51305.749577217706
436, 51297.63992296217
1072, 51208.411878344
121, 51184.09528411959
937, 51158.24962362717
906, 51147.12641440652
262, 51121.6420639501
1194, 51121.6011772089
1248, 51035.343462146666
1271, 51030.46845467043
943, 50982.319982848436
1222, 50930.59698593754
115, 50889.99992567475
165, 50861.898684065665
8, 50826.97134595679
777, 50768.19610421164
439, 50695.86871340301
1071, 50606.16560258101
1070, 50606.16528104841
263, 50567.9489118323
1107, 50484.622767580564
152, 50449.64085467417
822, 50438.02437131558
1174, 50421.970965069515
150, 50421.970965069515
