385, 99570.92396149867
1254, 99423.38754309215
197, 99306.09156333489
907, 99294.18622110343
1014, 98973.35504395452
998, 98829.78601284056
1095, 98665.06862025193
1244, 98542.44021817675
715, 98517.09440182368
616, 98515.5276865647
677, 98499.15770902776
1205, 98334.41771712013
75, 98122.04517645355
671, 98034.96727214844
57, 97965.90291426035
797, 97956.92746829172
1327, 97932.82291290784
894, 97881.72978520725
1207, 97645.92242875126
737, 97625.70831652489
723, 97448.04680324456
1153, 97425.09392833355
1226, 97308.81106892129
489, 97244.1151171876
779, 97230.95375315676
1289, 97144.33944784138
82, 97144.33944784138
1353, 96924.7617109157
1045, 96842.67424684402
561, 96824.36858880844
979, 96653.10456582536
472, 96271.7668966524
649, 96259.65153710332
543, 96203.78584301745
101, 96199.07985100413
585, 96096.32849486843
1053, 96080.92784599903
1033, 96025.64075153404
714, 96018.18326766712
1335, 95939.32060487256
1257, 95926.85980915737
100, 95886.33259652398
988, 95795.86022203822
610, 95758.63606523495
1131, 95593.11176764121
926, 95588.4097248209
319, 95516.613347039
447, 95380.17586332794
884, 95272.85721165902
736, 95257.79869353617
317, 95176.96094805175
1047, 95034.60939987889
375, 94901.14754204046
925, 94893.36921252357
118, 94763.59764325159
716, 94723.12544687602
376, 94610.35269915457
652, 94596.52186555778
859, 94500.19806776341
323, 94368.03472881182
49, 94321.7741261821
9, 94275.68974478134
1206, 94097.06114131815
931, 93838.07120958949
648, 93826.30198077582
1239, 93681.60702835732
1209, 93667.57704019491
79, 93539.79881257223
603, 93464.39540844942
1208, 93411.34991530266
393, 93365.47686622814
355, 93014.79550168483
95, 92938.83014457935
602, 92893.06636770097
843, 92361.08468363072
448, 92192.8117773115
60, 92115.27933921847
1261, 92062.018597729
1402, 91939.6232370748
300, 91850.64660789997
341, 91825.18739075899
1142, 91690.93614624991
171, 91557.27032024512
1073, 91544.1172072753
1331, 91359.99579933901
935, 91341.62913799344
1359, 91196.63929817446
392, 91168.66129577567
1355, 91166.97059637416
1212, 91069.36919205273
329, 90418.28043227
650, 90389.18182832221
243, 90284.06038329893
1366, 89713.93454564041
394, 89523.50425029728
406, 89509.82003450843
615, 89484.44682543563
294, 89201.68223532832
1276, 89140.04505364325
181, 89100.55964903388
946, 89076.44827623869
1377, 88970.32588731607
810, 88903.03544682688
573, 88824.50955228407
541, 88786.89468348322
324, 88768.1346508036
407, 88742.19422973185
590, 88552.54620994393
1068, 88551.66832333224
1252, 88492.990379966
1038, 88306.04719699561
678, 88074.2575546445
994, 87642.35844937556
1069, 87371.82146501161
52, 87231.17738001207
126, 86995.37855543985
651, 86950.07576005679
1375, 86852.29904804516
1259, 86743.97237667275
1104, 86504.2985099401
1260, 86450.768935055
629, 86405.04267758243
614, 86374.5611617262
974, 86188.55605843735
639, 86039.15831329522
789, 85875.26169679461
147, 85788.63720576372
87, 85785.27925824535
499, 85579.33124469923
1357, 85472.12879243483
1291, 85418.99675826172
928, 85416.41821673815
680, 85371.12784305551
462, 85364.34698356668
76, 85040.9069325173
888, 84999.19546411993
631, 84924.98674825607
1114, 84587.67462886829
997, 84488.959418829
873, 84488.959418829
50, 84299.79476411451
196, 84292.56728706071
1358, 84190.6763767814
1294, 84165.2810316323
837, 84065.94587493024
312, 84045.16068013536
182, 83701.93987440121
945, 83684.76740912099
848, 83530.47781597228
572, 83452.29497074208
199, 83429.95176769566
58, 83263.73986750207
1213, 83222.13381641266
1332, 83183.03002938493
944, 83123.60188186911
1099, 82955.18026811982
97, 82729.73343430486
1292, 82614.15561532471
1293, 82583.51574416309
1349, 82582.42663486238
803, 82518.22071060311
851, 82410.3745735051
989, 82366.35769565665
403, 82366.35769565665
735, 82295.86982060768
436, 82275.00643034016
1325, 82162.66104466964
453, 82131.65648636152
452, 82131.65648636152
127, 82092.59759991911
1072, 82045.7156901113
121, 81983.31235829886
937, 81917.02410810857
906, 81888.50799585102
1143, 81849.0698713213
262, 81823.20291541376
1194, 81823.09817225914
1165, 81552.62317302529
943, 81466.87234557475
628, 81334.18022357477
936, 81296.19711169765
115, 81231.3950846899
8, 81070.92286221836
718, 80907.70554353151
439, 80737.88997450803
1231, 80689.02843820944
844, 80584.51041202042
1071, 80510.60956013802
1070, 80510.60874632548
263, 80413.92465386531
293, 80409.83658837223
1238, 80372.17281543069
1107, 80203.41551521645
849, 80193.5518656364
1089, 80096.07994951242
822, 80085.87094998412
1164, 80035.66041998693
200, 80035.66041998693
549, 80016.00168356144
838, 79988.70351322198
916, 79912.47533042025
188, 79912.29804479523
1333, 79719.82762390614
924, 79668.61415102401
982, 79665.65467104592
1295, 79460.28749510007
202, 79443.57721444318
245, 79236.66709889325
201, 79182.27640834686
1258, 79164.59582778746
1339, 78938.36084460793
138, 78826.91972507734
402, 78721.98102250828
1161, 78672.89272900841
232, 78654.30947292782
823, 78599.49233573815
1420, 78428.3914988837
542, 78309.27108733311
539, 78309.27108733311
261, 78190.91036303087
1091, 78134.52343519469
1090, 78134.52343519469
591, 78085.13529866237
721, 78084.61038256521
627, 78020.87623333433
357, 77666.20445376249
760, 77618.73076770951
722, 77596.26579394497
301, 77494.89786512792
214, 77473.031465692
679, 77376.37465013434
893, 77136.28441310283
875, 77043.56485330703
1215, 77043.50765312405
959, 77031.05812807212
35, 76988.97635945262
941, 76981.54709702976
567, 76886.97217214246
1233, 76873.60362394429
744, 76823.08722392286
1134, 76819.8520052118
1309, 76291.27789630508
378, 76259.97864907747
1220, 76026.18779666646
1319, 75978.66932403938
493, 75959.58104690637
1048, 75891.07852323937
731, 75702.55363244111
457, 75667.72505694613
952, 75530.9309804499
1055, 75243.81766155928
767, 75199.12947998111
59, 74882.28732529983
578, 74875.1487545935
763, 74835.74068823364
666, 74802.92382110622
405, 74704.94882982674
1163, 74599.89722585713
950, 74567.63425820413
292, 74410.84742833814
738, 74408.20671189654
657, 74251.26549046363
732, 74110.06390710695
630, 74109.86425228426
726, 74083.54084165345
911, 74067.48293280703
1250, 73893.91819614837
996, 73684.98998627167
336, 73541.29775248571
1087, 73400.59080965546
377, 73354.84733014005
440, 73240.07975929193
265, 73210.80285518891
296, 73183.66122247113
559, 73146.6461221523
66, 73091.97735422866
1154, 73068.57042313636
342, 73033.86547038752
31, 72880.668815147
1275, 72798.88457589057
755, 72679.69940576848
874, 72642.50233296613
1151, 71808.86324912753
234, 71638.44290290329
1182, 71630.41426812648
1178, 71630.41426812648
1181, 71497.17144211267
1180, 71497.17144211267
1179, 71497.17144211267
1021, 71362.22381230946
1177, 71342.6223172176
624, 71332.93929882674
948, 71247.48808805918
247, 71243.11604973415
1050, 71195.79002676925
1156, 70905.11149428901
1005, 70876.33229904872
1049, 70789.22407536802
664, 70714.46278953346
344, 70654.73951431103
1064, 70290.96857093705
431, 70268.24085300171
1098, 70232.49201041987
1022, 70159.71634868003
207, 70064.93792059379
287, 70024.94265131082
386, 70018.96418173562
1054, 69875.852208965
203, 69868.56538224676
787, 69841.1605051323
175, 69827.37207733528
788, 69641.79584170031
839, 69605.83920608762
1214, 69581.2590513275
280, 69553.63642238698
132, 69425.13140528944
328, 69422.58006400737
371, 69249.34462243681
1000, 69223.89277822211
566, 69187.38591259532
1024, 69174.21799547184
1023, 69174.21799547184
1237, 69174.21480209008
863, 69076.01631880832
522, 68998.64791520796
340, 68895.76790042584
1416, 68630.70361814369
1354, 68623.97149219323
547, 68525.57541521598
548, 68508.1400195742
1129, 68353.69302908941
1322, 68302.75323706624
1127, 68298.43441361217
806, 67862.76878598913
1372, 67811.17948994237
966, 67693.98291993362
707, 67679.93850915087
880, 67566.46806696669
938, 67493.30587023686
887, 67410.85544425131
206, 67128.12436814967
638, 67113.8008985946
225, 67113.8008985946
896, 67104.96591221413
990, 67082.47850914784
746, 66933.80062831515
482, 66896.44592294752
327, 66869.32936232993
669, 66809.87149361408
747, 66727.51585137538
1097, 66471.68853458852
198, 66396.26738818169
758, 66344.31892908564
995, 66339.92388505585
733, 66123.0076693295
587, 65956.78415248504
883, 65815.73368937138
599, 65696.61377219143
1124, 65451.989822154
1096, 65425.604303961605
766, 65389.108080956205
282, 65284.94179176735
1303, 65066.832472465554
1340, 65024.09646700264
1116, 65012.56991011637
588, 65006.21962450392
1305, 64832.4030017009
337, 64620.967105782125
1374, 64616.65959253049
1367, 64602.35386859432
1198, 64600.82934107287
1195, 64594.452562425955
314, 64563.54105774898
1249, 64454.95660984955
586, 64220.21075386749
1387, 64185.37675525787
1386, 64101.56718042015
1197, 63907.915130453905
1196, 63842.88664614426
520, 63794.65980869755
632, 63792.17566692125
511, 63781.51166647193
1298, 63711.36620139778
1311, 63571.6650548013
1150, 63287.89257101527
658, 63282.15628117103
174, 63213.18059730432
1380, 63211.284583755114
821, 63209.401799570245
942, 63116.957772353744
1130, 63026.609483421205
1146, 62990.12917156034
96, 62823.501724140726
660, 62775.5247677444
1093, 62742.58258114508
510, 62742.58258114508
774, 62710.04500781334
773, 62710.04500781334
316, 62526.68746212558
1185, 62470.234212142714
7, 62192.05007743046
910, 61998.33722013578
1351, 61924.73680120047
1324, 61802.1960048771
980, 61784.05052167044
32, 61725.65646118472
1284, 61675.157743982665
1158, 61670.4209281946
1360, 61658.68964347279
1128, 61475.793291419446
784, 61398.95271994593
0, 61293.350120470335
383, 61232.94151877693
1007, 61222.507687116835
458, 61211.53869167412
668, 61187.658648824574
490, 61172.58453615527
1145, 60900.925702480614
1115, 60847.50218140179
951, 60690.55593183286
1025, 60588.957682100234
1, 60431.038114288225
117, 60419.3642608737
1242, 60336.03745493872
1241, 60336.03745493872
734, 60274.10500648415
351, 60268.02923291357
881, 60029.334615408436
119, 59953.47334369889
208, 59880.91330876223
778, 59681.65131390453
953, 59517.70033690196
297, 59517.70033690196
753, 59464.26738010643
71, 59334.136469373974
1297, 59280.17571576555
1211, 59268.565256132984
91, 59244.615226553455
163, 59099.55751343133
213, 59049.71329281503
1269, 58979.240364342724
1251, 58969.42644055564
148, 58965.83358053388
1411, 58948.359401977104
892, 58941.55924182126
92, 58876.78152821819
1350, 58873.06159009138
933, 58833.6837485432
665, 58825.736013382004
1125, 58755.60893101326
917, 58702.476175129515
626, 58602.93560804075
1118, 58512.37557256083
595, 58512.37557256083
34, 58470.49761992427
1296, 58470.07673894822
120, 58385.86074982374
1392, 58332.32491917868
339, 58313.38456591384
1268, 58263.82416122868
592, 58062.70347566934
1368, 58002.5661915751
109, 57956.823223497864
70, 57735.80491858018
1301, 57639.37025100579
1329, 57560.0791819149
1352, 57525.51295507061
524, 57504.86073013129
667, 57442.98368512899
913, 57375.04572894071
443, 57141.299535813196
496, 57137.98409749238
33, 56923.12693839082
284, 56921.43437405599
895, 56878.08030964702
311, 56866.19732631646
676, 56799.479208207034
688, 56767.863825199864
1405, 56755.03789619425
686, 56675.01100624809
326, 56574.73833638994
1336, 56507.08496634571
1230, 56363.77971192414
486, 56357.74593113185
882, 56333.98188582609
389, 56246.525532259795
687, 56244.360098245146
728, 56103.255913394314
1321, 56097.221716958804
729, 56058.74799437715
973, 56028.598267794485
804, 55993.26774533983
387, 55972.04108031878
370, 55970.04657410957
785, 55967.81292603963
1364, 55906.83827184295
1394, 55860.98646863375
958, 55852.6202027004
1388, 55705.8349379685
162, 55659.89805164966
