330, 100000.0
1043, 99955.90926009257
180, 99499.55318915786
249, 99416.38359256541
604, 99379.15150862354
209, 98881.14387574555
460, 98694.16516323277
1264, 98563.7700924629
1263, 98563.7700924629
192, 98231.94715182233
191, 98231.94715182233
749, 98213.00911424302
905, 97855.93115244349
899, 97855.93115244349
619, 97849.11370806904
620, 97847.53613467002
194, 97846.2898873863
1170, 97703.4353885936
305, 97148.78425628523
1173, 97077.54425936617
704, 96844.56678092449
702, 96844.56678092449
594, 96353.68267849572
699, 96305.74886976797
1058, 96118.33218137111
782, 95942.83612159039
216, 95641.7634597304
161, 95584.10315773664
160, 95574.04822026698
159, 95559.37728869483
444, 95530.70592397297
366, 95506.3454380262
1401, 95338.24921893123
759, 95318.46351111236
556, 95172.93745595813
172, 95133.2488756412
397, 94923.03352921343
835, 94896.12320919064
210, 94849.75794555189
146, 94849.75794555189
600, 94788.91733848085
1002, 94680.93483477882
545, 94657.21650800605
398, 94614.86385931504
1152, 94488.78503152855
1403, 94357.6272920987
228, 94304.14148784375
1240, 94167.03699306595
500, 93674.14072039754
504, 93464.68513933252
61, 93359.21595879726
250, 93036.04789234826
88, 92927.00328734942
645, 92850.19910666958
644, 92850.19910666958
63, 92850.19910666958
170, 92760.3327412797
53, 92760.3327412797
218, 92734.01751725712
64, 92596.55035920115
158, 92336.019706021
157, 92336.019706021
1067, 91800.13218010934
868, 91786.42762761151
169, 91743.74286374793
285, 90641.20872541462
309, 90485.68295586944
1036, 90445.48971976519
518, 89648.57396355386
696, 89392.34002723909
705, 89134.70720591118
703, 89134.70720591118
270, 89056.27194802144
268, 89056.27194802144
459, 88985.68508224412
908, 88516.94284006146
1044, 88126.54889696251
1398, 88077.74118717466
834, 88045.11350489462
1382, 88015.16242899619
659, 87716.385061375
1028, 87298.76109226201
424, 86978.91017529635
423, 86952.94511307741
471, 86747.83277175669
418, 86706.44622182695
1136, 86644.88306140812
775, 86604.72626537566
1313, 86602.98396127783
575, 86350.23226666935
421, 86136.59880584282
427, 85988.1117608848
1262, 85811.79181424523
1057, 84511.40169005257
558, 84303.80465055033
134, 84085.36029111924
1414, 83988.12791797222
238, 83910.27549142757
1076, 83868.40523799705
915, 83659.9186448775
1075, 83571.96659403492
840, 83499.75174430496
512, 83452.89628185959
108, 83259.6806653805
643, 82969.7163216818
177, 82929.06434290436
1413, 82568.82395612488
1255, 82425.79274871471
1348, 82401.49995072589
546, 82383.50088351137
613, 82220.582924925
272, 81906.46913889871
399, 81734.35404921131
1362, 81077.19336953218
1285, 80826.73023993404
1193, 80789.39216486012
156, 80700.98877703972
217, 80596.41482043179
1149, 80541.81940891671
1286, 80410.12823863504
698, 80367.82255261097
544, 80146.27889058877
461, 79602.12680401078
701, 79017.32813693513
1236, 78730.58141094024
135, 78623.4161039786
43, 78504.66357446683
45, 78471.80100504657
745, 78108.39051345116
612, 78037.83689771313
102, 77900.0835055252
136, 77897.51655254094
1379, 77820.94724573194
1419, 77770.94917898584
830, 77318.80439056765
65, 77166.0987335215
62, 77166.0987335215
112, 77023.35471418774
137, 77011.43328851585
4, 76856.19537757237
1299, 76782.84247406457
1084, 76646.2276069479
1082, 76646.2276069479
750, 76113.5466281333
920, 76008.03897184077
751, 75966.3782407676
1302, 75944.84238498897
93, 75677.31656747362
15, 75618.46872597896
142, 75597.78338691358
363, 75445.47572486574
1020, 75380.99139296623
1318, 75265.6406476172
364, 75253.50542646793
19, 75199.07043275917
845, 75184.60965943887
799, 75167.23152565192
798, 75167.23152565192
633, 74900.96479000845
239, 74701.93781421079
21, 74701.93781421079
692, 74642.52546173292
1334, 74628.05405843424
609, 74626.78148096248
1199, 74584.03520106456
5, 74468.64848931586
503, 74432.4137610027
919, 74305.91877117267
369, 73825.53880656426
350, 73820.58246541106
425, 73785.60116157815
348, 73777.51213793359
1003, 73595.74430650206
1373, 73549.42186629209
1147, 73524.70813842484
464, 73524.70813842484
1004, 73477.24713085029
145, 73441.43190469051
416, 73354.56419463195
3, 73204.81618007101
2, 73204.81618007101
396, 73042.42903226159
44, 73042.42903226159
291, 72846.91455622119
754, 72727.27862943112
1148, 72566.34373175148
353, 72508.46557950549
1308, 72503.15712464324
1035, 72422.85601287626
712, 72325.45969106496
1144, 72291.28304018099
661, 71988.33082283394
1029, 71933.56489636931
1246, 71736.26467153493
811, 71721.13654213946
516, 71250.85757785002
411, 71246.67723316897
426, 71174.63348214985
414, 71174.63348214985
1100, 71119.58437765419
352, 71085.87308463012
269, 71079.07898579646
479, 71066.78185336276
6, 70970.81336357631
422, 70901.99224181565
413, 70901.99224181565
219, 70867.00019578739
955, 70812.41570855114
1172, 70762.7703483756
74, 70599.41148991811
412, 70474.86774471555
984, 70263.3358546658
480, 70235.06706528815
1117, 69907.91898029405
636, 69757.84834545023
428, 69596.52350245955
133, 69535.83877364549
987, 69245.19834881388
985, 69245.19834881388
932, 69147.5223336777
986, 69052.32059671944
382, 68722.0822518316
141, 68603.28755616507
690, 68586.95277130768
1103, 68533.68412163586
502, 68467.17795611448
765, 68444.51925373948
515, 68444.51925373948
514, 68444.51925373948
470, 68404.54341557987
123, 68356.47733216305
1060, 68329.80187058679
739, 68256.35093689502
740, 68205.33655481426
179, 68139.1643574729
1312, 68080.81195376885
812, 68051.72039374798
41, 67786.59624157065
189, 67690.74575745189
1162, 67650.54613845066
829, 67650.54613845066
481, 67640.86906135415
828, 67495.80432047161
813, 67481.74351303623
435, 67478.33377358511
654, 67441.26070592678
961, 67214.46448968115
1080, 67089.8430349086
176, 67047.89775272938
46, 66986.16994893218
1314, 66964.67180568846
513, 66819.25050435957
11, 66792.53123126159
473, 66773.61887912425
1192, 66753.28777254443
20, 66736.76596262227
246, 66219.47406384
242, 66201.88296465944
662, 66134.37906228735
663, 65954.88651864018
274, 65618.4907477802
271, 65618.4907477802
1077, 65442.935911871835
358, 65385.62621666881
1396, 65296.69926415398
1245, 64852.77722898131
795, 64436.03260220053
227, 64226.02642396782
251, 64162.08071537525
55, 63815.96351250834
697, 63644.79840093284
362, 63605.20091321757
695, 63449.80542161247
791, 63061.370558380346
39, 63046.34524470314
1074, 63036.93011121862
256, 62807.31983439364
831, 62504.631305864634
656, 62471.81353214703
694, 62295.835292684584
691, 62273.43922303229
40, 62179.65713684916
796, 61898.79779961227
852, 61818.71201162338
606, 61817.19910621209
1381, 61757.9768490592
273, 61599.94035167303
794, 61445.696117157015
1190, 61143.152438166704
674, 61118.26342520339
1188, 61114.6260447636
139, 61058.23204046988
1404, 61023.791131028025
1228, 61005.832151831266
865, 61005.832151831266
1317, 60891.66555184568
815, 60862.75734159604
501, 60593.09703156247
706, 60387.046384318266
1280, 60361.37047615196
693, 60328.93109092833
1344, 60184.707233452784
1039, 59748.536923845444
1061, 59600.61342621857
700, 59317.63152737762
866, 59195.292869526114
302, 59156.18995215415
673, 59105.33713371322
992, 59098.78638953491
860, 58973.12713284055
562, 58957.7073588185
1085, 58936.22321883969
564, 58862.4056036993
451, 58727.24762548243
1234, 58725.60438930625
1086, 58716.63123868002
1399, 58609.311939835585
1288, 57997.9180795257
1397, 57944.88504145354
1109, 57903.29709922914
1081, 57883.216046514965
1110, 57631.43255779285
1108, 57631.43255779285
164, 57490.94891331149
607, 57483.359775135636
1389, 57309.1091696198
653, 56962.09317696658
1101, 56948.50254794568
151, 56882.42636642038
401, 56813.66630821792
1395, 56793.67033484127
861, 56765.19345679322
124, 56679.104135118396
149, 56678.42258803049
264, 56043.57555988775
1056, 56024.36059752864
922, 55822.73671086935
1106, 55569.630736029394
1105, 55569.630736029394
1102, 55569.6297410184
409, 55408.025017666616
391, 55386.634333487
155, 55327.655470446116
1400, 55233.481920287755
1088, 55212.70574115382
1232, 55192.56158439419
437, 55143.12961706973
1018, 55107.956949695916
154, 55107.956949695916
571, 54891.47884129337
709, 54726.149809811155
554, 54675.55928757846
555, 54551.64748932749
855, 54458.29481869072
454, 54450.196561395605
1059, 54401.59494609466
856, 54349.32819585205
854, 54349.32819585205
442, 54085.98322585847
233, 53977.1967274973
1113, 53977.052260849436
1323, 53300.6835162266
168, 53028.4220550667
26, 52833.7484884053
434, 52756.15339266436
390, 52728.0468712109
72, 52621.77523526464
553, 52546.45815191279
419, 52462.038497312446
417, 52358.751436449966
167, 52358.433851974274
267, 52348.842539991136
1027, 51996.07030454514
410, 51964.8180992755
993, 51671.80924650958
187, 51536.13702692594
42, 51057.0072801276
647, 50927.355493698014
903, 50924.928481121904
1410, 50858.05452528156
122, 50803.590119658984
1300, 50802.45061471974
574, 50777.359307642015
1015, 50686.0628670107
968, 50384.46939396657
1016, 50092.730725188805
1409, 50058.263640170364
1065, 50058.263640170364
85, 50058.263640170364
1408, 50046.464339665166
1407, 50041.73648772837
601, 50040.25807034609
86, 49998.97495587952
441, 49668.85177903026
1017, 49630.041445884744
783, 49394.43646352595
802, 49350.58387399969
801, 49350.58387399969
346, 49338.626220599734
970, 49101.45496743439
304, 48378.490224241905
1191, 48335.18338679458
1189, 48136.565966114074
565, 47970.519812413164
762, 47814.2459261826
772, 47748.90876170891
1066, 47715.71918252567
776, 47447.817497088916
1287, 47341.73600668919
420, 47195.74700105212
969, 47175.431390102094
415, 47104.502754962676
1155, 47056.47089136476
972, 46907.51013079048
967, 46907.51013079048
361, 46901.69069522874
1346, 46789.847196799004
853, 46781.91130189944
583, 46272.45272160652
222, 45840.09108234537
367, 45573.28693561743
116, 45187.11594426266
347, 45156.270527966284
858, 45094.0132748255
1290, 44889.02677414025
827, 44853.239518891765
1040, 44720.849348433316
971, 44399.129420090714
846, 44338.56792255527
517, 44337.73259580802
1342, 44263.8285597416
540, 44104.59155494209
1204, 44022.66935945915
495, 43842.937210327924
1201, 43803.82102983685
433, 43789.40789980568
204, 43785.32249569383
488, 43705.95217760478
509, 43684.57009717437
930, 43618.305266417534
277, 43522.42368155402
1274, 43509.651084205514
252, 43455.4871070354
1200, 43246.93571491487
1169, 43135.773139419674
885, 42642.20538829177
1224, 42607.8500892612
867, 42533.89495200045
781, 42511.06768610613
153, 42494.04085244608
231, 42267.906969969845
30, 42117.47262185858
220, 42001.324897932565
354, 41986.434108693335
299, 41938.55246727292
107, 41844.25632727412
584, 41788.780922422324
380, 41753.12686034119
978, 41707.19399429674
279, 41588.753694240346
450, 41443.353915463784
449, 41443.353915463784
278, 41419.16681384245
478, 41311.210870611874
771, 41260.28911457647
221, 41132.70589415938
106, 41053.264252741195
1111, 41046.146403908715
622, 41041.2838944857
621, 41041.2838944857
581, 40945.50720282105
1013, 40495.76620131431
1012, 40479.60957526977
618, 40469.44819491085
1137, 40355.90396150727
56, 40195.503302142635
1310, 40189.18069597705
557, 39873.09849933463
780, 39780.76827452828
534, 39677.060064015044
836, 39668.31406736422
29, 39488.56663892899
1217, 39373.12147462867
1216, 39373.12147462867
131, 39176.42765759416
536, 39140.40842850997
535, 39140.40842850997
395, 38981.03176223688
847, 38889.924956375115
1112, 38620.970520573144
1306, 38547.77559209094
596, 38526.24778910525
605, 38470.51592935051
977, 38387.91306015275
1052, 38300.335791041485
598, 38138.18843288497
178, 38080.973762054804
381, 37702.04934341133
173, 37575.019560126355
597, 37528.35160152785
