735, 99895.26207047001
436, 99864.522695091
803, 99777.91769567764
1349, 99684.20500816492
1293, 99682.61815681824
1292, 99638.01315168205
1072, 99526.91335754296
121, 99435.09983315325
937, 99337.60304299586
906, 99295.67185319497
262, 99199.66813076865
1194, 99199.51417604493
944, 98906.9223680853
1332, 98822.9149858831
1213, 98767.78115198248
943, 98676.40623914983
848, 98336.97308969132
115, 98331.14451222219
945, 98123.99383280492
8, 98096.0980787018
439, 97608.92210596199
1071, 97276.9276244364
1070, 97276.92643637788
263, 97135.815755333
1114, 96911.05703084783
1107, 96828.82106221412
822, 96657.5459753541
838, 96516.04108470578
916, 96405.079731732
76, 96322.90609227862
924, 96050.39711262418
982, 96046.09545448559
462, 95911.29343974369
1291, 95842.3988988672
1295, 95747.75093438031
499, 95641.34756797653
87, 95385.42789713602
201, 95344.37715179405
1339, 94990.94932565588
974, 94891.74132739258
629, 94630.70385782687
1104, 94511.93625552312
823, 94500.67347917332
1420, 94253.44913126259
1375, 94099.99322413235
542, 94081.46000277785
539, 94081.46000277785
261, 93910.67207857389
721, 93757.37571283735
627, 93665.5041636473
52, 93659.24864751918
760, 93086.512579577
722, 93054.20374339614
301, 92908.46402758529
678, 92706.43340873218
893, 92393.4828339329
1215, 92260.40640420519
1252, 92246.98031811867
959, 92242.55396532007
1068, 92183.30462279136
35, 92182.2177525475
941, 92171.56713860504
1233, 92016.86478682036
407, 91977.73350270915
324, 91949.88360193952
810, 91805.58533445277
1276, 91554.20926511213
294, 91489.27926537364
615, 91193.72340508987
406, 91167.38668970505
394, 91153.19534465285
378, 91139.05371405021
1220, 90805.33274943459
243, 90377.98834692352
650, 90272.89292089938
329, 90243.88780454661
952, 90099.7026118267
1055, 89691.44708960391
767, 89627.95734539827
1212, 89604.50746198383
1355, 89510.22113855119
392, 89508.5913898257
1359, 89481.63939306403
578, 89168.10153198049
171, 89137.1434936051
341, 88884.66100669453
950, 88732.31993400434
1261, 88663.87571220042
60, 88614.53031001263
292, 88510.39857842957
738, 88506.66233692164
843, 88388.23787329785
911, 88025.00735851495
95, 87865.52487544058
355, 87797.73448052927
996, 87485.30045452795
1208, 87447.32090554775
603, 87400.88381786113
79, 87335.04944314723
336, 87282.81826595729
1209, 87223.95419492808
1239, 87211.79164416554
377, 87020.30417365806
440, 86858.83999585433
1206, 86854.79700936559
265, 86817.66597282243
296, 86779.50038825285
559, 86727.45956587036
66, 86650.61671999369
323, 86625.20114740329
1154, 86617.72227430646
859, 86514.13423606641
376, 86422.01658752203
716, 86328.13374516374
1275, 86239.0065613562
925, 86187.21313295008
755, 86071.80165696368
1047, 86071.03070019947
317, 85954.59807627097
736, 85888.77361192786
884, 85876.53524638823
447, 85789.52774636759
319, 85679.44795356528
1131, 85617.9885085795
610, 85485.64111389477
988, 85455.99717597359
100, 85384.12972501508
1257, 85352.01969161494
714, 85279.85099316321
101, 85137.65934092883
543, 85133.97370259806
472, 85080.80803193065
1151, 84853.16505474309
979, 84785.17939160457
561, 84653.82874711113
1353, 84577.23653000261
1289, 84410.7468582655
82, 84410.7468582655
779, 84345.45980996224
1021, 84230.22444379903
624, 84189.4296216984
723, 84182.77268970998
737, 84050.63696372347
1207, 84035.65940664064
1050, 83998.45399943968
671, 83749.62975924488
75, 83686.18481304814
1156, 83594.13124542533
1205, 83532.32169048079
1049, 83433.10162418026
664, 83329.2681655653
1095, 83295.19783001138
344, 83246.3486356105
1014, 83076.73775250775
907, 82852.03052447489
197, 82843.74337742776
1254, 82762.28966307317
1064, 82741.82967448805
431, 82710.33898693018
1098, 82660.81400744808
1022, 82560.02115559351
1054, 82167.22790131862
175, 82100.20027701798
385, 82075.62141564274
839, 81794.1215730367
280, 81722.04577326954
998, 81571.38907583227
1244, 81375.53824866464
715, 81358.25334883036
616, 81357.18485672017
677, 81346.0202584186
1024, 81198.75518785279
1023, 81198.75518785279
1237, 81198.7507877678
57, 80981.97783505228
797, 80975.84459726582
1327, 80959.37214281147
522, 80956.94802146594
894, 80924.45172129462
340, 80815.35368006607
1153, 80612.07589857915
1226, 80532.44828309935
489, 80488.13189459199
547, 80306.46039008144
548, 80282.51574542238
1045, 80212.91971140711
1129, 80070.4996648979
1127, 79994.68365383669
649, 79812.52366469627
585, 79700.21147416173
1053, 79689.61756482076
1033, 79651.58150597994
1335, 79592.18059250894
806, 79397.6760127061
926, 79350.51483901135
1372, 79327.06768589393
966, 79166.73293581785
707, 79147.52531543143
880, 78992.38875368964
375, 78876.3359403277
118, 78781.29360327635
887, 78779.77871309363
652, 78665.78727363728
49, 78475.69342934512
9, 78443.79011421314
896, 78362.33087262438
990, 78331.66747595587
931, 78140.57413536066
648, 78132.4129701619
746, 78129.01984829121
327, 78041.1924500615
669, 77960.21973812213
747, 77848.1034126113
393, 77812.59243773036
1097, 77500.12230029074
602, 77484.18508175314
198, 77397.61784664536
758, 77327.03742793381
995, 77321.06688630485
448, 76996.36586779215
1402, 76819.68601866266
587, 76801.08532292448
300, 76757.55840243136
1142, 76645.99150943536
883, 76609.90745591224
1073, 76543.37380839145
599, 76448.5585927598
1331, 76414.6076427636
935, 76401.75817514076
1096, 76081.83065900991
766, 76032.48205321403
282, 75891.68223110995
1340, 75539.42205572584
1116, 75523.86648995192
1366, 75259.6433412234
1374, 74990.10997468919
1198, 74968.78985158658
1195, 74960.20210390697
181, 74827.51857124316
946, 74810.5125550812
1377, 74735.64573866603
573, 74632.72917109108
541, 74606.17199173434
586, 74456.67858274549
590, 74440.63424827094
1387, 74409.8587726125
1386, 74297.2448503891
1038, 74266.3629339378
1197, 74037.21596748779
1196, 73949.95410969888
511, 73867.62070837246
994, 73796.37453769798
1298, 73773.55254155297
1069, 73604.47212810491
1311, 73586.30455483586
126, 73337.13474645052
651, 73304.93770097748
658, 73198.67481790474
1259, 73158.3919502931
1380, 73103.86779191486
821, 73101.34959321468
1260, 72949.72737727706
614, 72895.45626906489
1130, 72856.97904382783
1146, 72808.23587422557
639, 72656.42252816324
96, 72585.7084551753
789, 72539.51179075561
660, 72521.67025469594
1093, 72477.70881226462
510, 72477.70881226462
147, 72477.69280979897
774, 72434.29435801832
773, 72434.29435801832
1357, 72251.65394255468
928, 72211.84066075733
316, 72189.77335679796
680, 72179.46820678108
888, 71913.419121732
631, 71860.29355960085
997, 71547.85554430424
873, 71547.85554430424
910, 71486.41661662517
50, 71412.15478661688
196, 71406.96817588153
1351, 71388.58294239193
1358, 71333.83434464996
1294, 71315.60222064318
837, 71244.27022150856
312, 71229.34124091965
32, 71124.13254074527
1158, 71050.80587969323
182, 70982.6597482335
572, 70803.04041789511
1128, 70792.59158885722
199, 70786.95655718698
784, 70690.71470211375
58, 70667.26714190778
383, 70470.74516439585
1007, 70456.92605217024
1099, 70444.88117727957
97, 70282.23868095462
851, 70051.61748954102
989, 70019.81020590744
403, 70019.81020590744
1325, 69872.54944182551
453, 69850.12538166867
452, 69850.12538166867
127, 69821.87242140465
951, 69753.32156465032
1143, 69645.6277400097
1165, 69430.8736609281
117, 69395.32883147465
1242, 69285.42725140933
1241, 69285.42725140933
628, 69272.4790638851
936, 69244.92435077747
351, 69195.76305752168
718, 68962.87520646062
881, 68881.29761328908
1231, 68803.93726055331
844, 68727.92709506383
293, 68600.83173305528
1238, 68573.41636365092
849, 68443.34722537162
1089, 68372.33380390616
1164, 68328.30229389569
200, 68328.30229389569
549, 68313.97363979652
188, 68238.37017095844
953, 68208.49181067737
297, 68208.49181067737
1333, 68097.97671036878
1297, 67896.71756648226
202, 67896.298909225
1211, 67881.48701451399
91, 67850.072205895
245, 67745.10970415955
1258, 67692.4203377629
163, 67659.88151285073
1269, 67502.23168784661
1251, 67489.37674496039
138, 67445.36914768176
402, 67368.53145129721
92, 67368.054612989
1161, 67332.57812095806
232, 67318.96565370423
933, 67311.63515098649
917, 67139.94414027654
626, 67009.76440486065
1091, 66937.83994277689
1090, 66937.83994277689
591, 66901.58898946522
1118, 66891.38456230586
595, 66891.38456230586
34, 66836.65955323537
1296, 66836.10961395527
1392, 66656.17862396974
339, 66631.4482772713
357, 66593.8288943159
1268, 66566.74828863826
214, 66451.75828971769
679, 66380.63342977049
875, 66135.54225936085
567, 66020.11894175904
744, 65973.01072778729
1134, 65970.62481082384
1352, 65604.75370661766
1309, 65580.42919751801
524, 65577.89441414761
913, 65409.125253570164
1319, 65349.30281414665
493, 65335.18132335534
1048, 65284.49504131189
731, 65144.93594320226
457, 65119.14282538693
443, 65105.50729413909
33, 64822.430428998276
284, 64820.235520015645
895, 64764.020359086826
688, 64621.16135060715
59, 64536.58819436333
763, 64502.01182342139
686, 64500.868103930385
666, 64477.63080652525
405, 64404.82353546785
1163, 64326.728227190135
1336, 64283.45371116684
1230, 64098.05651358943
657, 64067.338379810986
882, 64059.5226476271
732, 63962.186146753775
630, 63962.03742579118
389, 63946.45837057257
687, 63943.65949070881
726, 63942.428408724685
1250, 63801.117014056006
973, 63664.92954481043
804, 63619.31600810125
387, 63591.915052560544
785, 63586.45737494014
1364, 63507.76411615011
1394, 63448.60362395038
1087, 63433.01296308685
162, 63189.30411807119
342, 63158.93933780148
388, 63131.860118535056
625, 63091.54031435424
31, 63044.33697901052
805, 63034.83914066774
918, 63029.322193517124
550, 62924.790626861424
874, 62866.04176112889
608, 62843.25293819325
912, 62489.49652231037
1265, 62452.510638475076
1126, 62411.86556919683
283, 62351.626774089455
965, 62282.93444027997
1267, 62279.07814232907
964, 62273.92456011576
963, 62273.92456011576
962, 62246.891723132794
1141, 62178.609886319384
1138, 62178.609886319384
234, 62112.65378035991
1182, 62106.61824124387
1178, 62106.61824124387
521, 62097.86703535522
1181, 62006.42646019952
1180, 62006.42646019952
1179, 62006.42646019952
1140, 61990.92057706057
954, 61945.06928702656
1139, 61897.376391048696
1177, 61890.15132087476
948, 61818.54382395786
247, 61815.252384176
914, 61785.74096194912
1338, 61750.474866632234
1337, 61750.474866632234
1218, 61703.7787558642
1219, 61682.807965050735
1005, 61538.93287239925
646, 61440.60342047163
400, 61277.864768849664
505, 61164.366465616295
1393, 61138.67215151087
879, 61094.592984662275
878, 61094.592984662275
77, 61091.65628674968
23, 60970.74599602178
207, 60926.32166554071
308, 60920.638799063054
287, 60896.07695751453
386, 60891.5556092095
203, 60777.78010608556
24, 60776.51334544918
787, 60757.041668265934
788, 60606.110196971575
1214, 60560.25788130818
25, 60506.37768181763
132, 60441.95453364563
328, 60440.02072187139
1391, 60387.579512658274
371, 60308.67234746128
1000, 60289.36742481506
566, 60261.67420024641
863, 60177.16862289123
333, 60151.35791913151
684, 60128.571005533595
321, 59939.65709355208
84, 59933.89311183631
1266, 59843.30975965413
1416, 59838.920924427155
1354, 59833.803065698376
1092, 59727.30252724352
685, 59670.71961615028
975, 59652.43597695914
506, 59641.346650969805
976, 59621.99888403722
635, 59620.88017037525
634, 59620.88017037525
1322, 59589.45876781878
1186, 59562.663353526455
682, 59458.403787833115
725, 59376.44898900126
683, 59216.807318728046
1341, 59061.20216923152
1006, 59027.397485937916
938, 58972.426125591395
681, 58916.39171032295
818, 58730.301676802155
206, 58693.440312850755
638, 58682.48991292456
225, 58682.48991292456
482, 58516.248311817275
529, 58447.75860020027
508, 58279.55823472572
842, 58219.95884281724
