938, 99521.50566975206
1322, 98740.98884330304
206, 98729.53773408297
638, 98698.55713662696
225, 98698.55713662696
482, 98229.1971053416
1354, 98077.31879693059
1416, 98063.5709647732
863, 97168.51004719999
566, 96948.98643182396
1000, 96877.39561209148
371, 96827.59104689033
733, 96570.54509148141
328, 96490.91989582132
132, 96485.9915428262
1214, 96186.04273496046
788, 96070.60183191775
787, 95693.77573067238
203, 95642.37507855459
386, 95361.97865628931
287, 95350.89146370706
207, 95276.83427901693
1124, 95145.94300816125
1303, 94334.20637638426
588, 94206.85553390348
1305, 93842.24837608315
1005, 93816.35337168624
337, 93399.90656232645
1367, 93361.0278223016
314, 93279.98892521819
247, 93181.3536887516
948, 93173.87553014625
1249, 93053.50093998715
1177, 93011.67591942691
1181, 92750.29049326511
1180, 92750.29049326511
1179, 92750.29049326511
1182, 92527.01485411683
1178, 92527.01485411683
234, 92513.62202470322
520, 91683.4950793455
632, 91678.36430806271
874, 90891.25074375379
1150, 90640.41745840844
31, 90521.1248082325
174, 90487.24834040672
942, 90290.20922740796
342, 90285.90032572964
1087, 89731.67954465022
1250, 89005.25846746458
1185, 88972.5706881871
726, 88731.69743774123
630, 88693.96479112728
732, 88693.67882582724
657, 88492.28016726655
7, 88409.34988636617
1163, 88002.1364613263
405, 87856.39548211865
666, 87721.27362755762
763, 87676.18613721526
1324, 87623.60312444893
59, 87612.38222846425
980, 87587.13195686867
1284, 87368.4528050474
1360, 87335.40946385692
0, 86604.23920318513
457, 86561.12172843011
731, 86515.58815385496
458, 86440.9993289664
668, 86393.38493739416
490, 86363.33656210238
1048, 86270.66774957567
493, 86182.31611132146
1319, 86157.7574304593
1145, 85822.86168419967
1309, 85759.2744338181
1115, 85716.80578515326
1025, 85204.61921744984
1134, 85101.05068035326
744, 85097.08070320036
567, 85018.8307975635
1, 84892.64721042434
875, 84828.18044553409
734, 84583.27711301799
679, 84428.34638314969
214, 84313.56821007066
357, 84085.96167319876
119, 83953.215341748
208, 83811.00437195231
591, 83600.367384427
1091, 83543.83023942754
1090, 83543.83023942754
778, 83421.17677184711
753, 82997.0754352003
232, 82957.6516501251
1161, 82936.98933952306
402, 82882.50547075787
138, 82766.49890365786
71, 82743.78549251868
1258, 82397.46758887883
245, 82319.53452447342
213, 82191.70053417757
202, 82097.39337927931
148, 82029.28200524022
1411, 81995.46903138062
892, 81982.31266928546
1350, 81849.85548349869
1333, 81804.44973232341
665, 81758.4099963082
1125, 81623.01141315018
188, 81602.76833341602
549, 81494.91367064293
1164, 81474.53163309825
200, 81474.53163309825
1089, 81412.01538250006
849, 81311.56083618052
1238, 81128.74479923556
293, 81090.4047065232
844, 80913.53326726645
120, 80911.19132982615
1231, 80808.43320002848
718, 80590.2916680597
592, 80291.9080280586
936, 80208.50161234941
1368, 80176.9549286158
628, 80171.56237124621
109, 80089.57772899682
1165, 79960.44568690743
1143, 79677.49820730674
70, 79668.13448322377
1301, 79484.63427400388
127, 79448.06847201753
453, 79411.5197556893
452, 79411.5197556893
1325, 79382.55638796244
1329, 79333.92991569487
989, 79193.33368738949
403, 79193.33368738949
851, 79152.6854457219
667, 79111.65969287134
97, 78860.29746083863
1099, 78656.53123337898
496, 78534.3121939588
58, 78381.11731953846
199, 78234.39594329779
572, 78214.75910332178
311, 78021.77605913302
182, 77996.73023250281
676, 77896.23737878127
1405, 77812.67612793302
312, 77701.04568319907
837, 77683.28843159364
1294, 77598.65699635977
1358, 77577.08229515297
196, 77490.77140649744
50, 77484.6642835545
326, 77474.16344745546
997, 77325.53423388743
873, 77325.53423388743
486, 77067.81527748
631, 76963.88448312948
888, 76903.03805489386
680, 76601.1008281597
728, 76592.71032583447
1321, 76581.46424686293
928, 76564.67436715741
1357, 76519.96742299235
729, 76509.78060115792
370, 76344.6501842391
147, 76268.05567553273
789, 76199.72135010405
958, 76126.33700036498
639, 76071.13967854383
1388, 75853.90938914829
614, 75810.86249424223
1260, 75752.2525177865
741, 75698.8847701863
983, 75575.22225485163
1259, 75528.55168291359
241, 75447.10523508987
651, 75372.98995788523
126, 75338.98092056761
1069, 75058.91929964282
757, 74873.16619512485
994, 74860.403229898
670, 74573.01420624966
1038, 74382.89026755496
590, 74208.88889867521
541, 74045.10752618771
582, 74022.8166934
573, 74018.96682376468
1377, 73918.01329977303
946, 73844.92129699278
181, 73828.3589278221
211, 73755.52291056112
212, 73704.14770074707
1366, 73412.46870962044
497, 73333.44465089247
315, 72928.78988474433
286, 72752.08876818516
935, 72357.3609642434
1331, 72345.83965922546
1073, 72230.79836685081
1142, 72139.65570380885
51, 72108.34000087332
300, 72041.10059436841
1402, 71986.45915107445
448, 71832.00021592082
1171, 71726.03493505374
1079, 71628.98322144506
193, 71628.98322144506
756, 71579.0059547399
904, 71440.77732072426
902, 71440.77732072426
901, 71440.77732072426
900, 71440.77732072426
602, 71412.56182593972
393, 71135.85930435054
648, 70870.65519436763
931, 70863.94189384604
1034, 70715.20790654137
9, 70616.40051783378
166, 70601.94101945056
49, 70590.56635896763
652, 70437.45854971264
118, 70345.10908807731
375, 70269.50451422272
889, 70047.6564052166
897, 69971.78744185125
926, 69897.39256759743
1328, 69832.81298283376
1279, 69832.81298283376
1335, 69710.94492204043
1033, 69665.44122547009
1053, 69636.3706997832
585, 69628.2831521603
649, 69542.78944009697
1045, 69241.63184943607
489, 69037.85910581877
1226, 69005.28809028961
1153, 68946.9314851797
360, 68928.70924678836
956, 68896.67200957716
494, 68853.30007780832
894, 68720.05161673906
1327, 68694.88988725064
797, 68683.03466760222
57, 68678.6228556746
446, 68618.29393793116
677, 68418.9507530047
616, 68411.05463601719
715, 68410.29915846241
1244, 68398.08293985443
110, 68382.52779383436
998, 68260.32838088169
385, 67911.19737478298
761, 67876.57002750118
1008, 67678.5086413715
1254, 67448.1645153586
1304, 67422.20920030127
197, 67394.16235963379
907, 67388.67894108997
1122, 67332.78496807592
1014, 67240.74972993175
1184, 67216.08710214533
1095, 67098.31468914155
579, 67074.90358968572
1205, 66945.22991771395
75, 66846.7322289947
671, 66806.30648588171
492, 66769.457794333
498, 66630.67746672072
1207, 66625.41341927621
737, 66616.00200601801
723, 66533.2319582985
779, 66431.96123068398
1289, 66391.51693779057
82, 66391.51693779057
1353, 66288.88338604094
561, 66241.90932688484
979, 66161.70363661085
472, 65982.79457344222
543, 65950.85361730907
101, 65948.64197757957
714, 65863.5757597888
1257, 65820.59285789463
100, 65801.50982288051
988, 65758.8908600196
610, 65741.34828825049
1131, 65663.29010318172
319, 65627.18626466338
447, 65562.7489244605
884, 65512.023455942326
736, 65504.90300782269
864, 65475.37389598319
317, 65466.66670828925
1047, 65399.28503419825
925, 65332.36717805191
716, 65251.62526066088
376, 65198.090521469196
1078, 65185.77675267134
859, 65145.76031900919
332, 65091.295135427004
323, 65082.924599833816
730, 65022.919371475655
1206, 64953.92200957146
1183, 64952.182719805816
870, 64795.60932898427
1239, 64755.688997848934
1209, 64748.98514333496
79, 64687.90118551959
1046, 64665.94421746537
603, 64651.830681759384
1208, 64626.444713443285
355, 64436.383923785776
95, 64399.91836911341
1415, 64137.107245955274
843, 64121.983789922146
60, 64003.41218421368
1261, 63977.694802116035
341, 63863.22891662623
171, 63733.521587977084
1123, 63714.09856080345
1359, 63558.563750136855
392, 63544.97287056086
1355, 63544.15149820719
48, 63497.92095062548
1212, 63496.71931809291
329, 63179.514919852976
650, 63165.30621975143
243, 63113.95298889102
1225, 63018.58477789287
568, 62875.010363778114
394, 62741.3363336118
406, 62734.61472599672
615, 62722.14992561736
1030, 62619.41447567149
294, 62583.09627256883
1276, 62552.750350768416
810, 62435.946376552376
324, 62369.38121914385
407, 62356.57433594981
1068, 62262.44271670498
1252, 62233.42794596278
678, 62026.043134699736
52, 61606.71856927302
1375, 61417.49862196897
1104, 61243.27323944435
629, 61193.50606446114
974, 61084.84319625158
349, 61059.70779139088
87, 60881.99869973947
499, 60778.1950437849
1133, 60715.9240651417
1291, 60697.28161038081
462, 60669.682292478436
927, 60602.930917531514
76, 60506.128553187256
769, 60469.113465080314
322, 60387.21587460935
1114, 60276.33803078859
655, 60116.39648014895
871, 59846.95541922808
38, 59818.85568301319
945, 59816.444730784126
848, 59737.57444108124
869, 59702.90235461686
617, 59589.899494763995
1213, 59579.7051629161
1332, 59559.660636476656
253, 59530.550383705704
944, 59529.1876321296
1132, 59466.07719168342
1292, 59267.450245606466
1293, 59251.67936272742
1349, 59251.11871808342
569, 59247.60627776182
803, 59218.059822864554
689, 59213.80005821724
735, 59103.46155090159
436, 59092.699732328954
244, 59025.75919465303
1072, 58974.32486825786
121, 58942.07597499208
937, 58907.804311053354
906, 58893.05641324039
262, 58859.271212096464
1194, 58859.217011681045
943, 58674.65874919283
54, 58611.79961064209
115, 58552.41142037853
1019, 58513.70612818986
445, 58513.70612818986
8, 58468.989302535956
439, 58295.5666892879
947, 58218.51168415851
1071, 58176.984834236486
1070, 58176.984409303375
114, 58176.24988730382
641, 58163.86268022905
263, 58126.48388176892
1107, 58016.413173652014
822, 57954.882072195665
838, 57903.98009773733
1011, 57887.86930643115
916, 57864.02342007456
924, 57736.05683762436
982, 57734.50252074983
1295, 57626.566118256014
201, 57480.20522488856
1339, 57351.561980042265
78, 57317.03300765388
1227, 57310.43773135418
823, 57172.47845408164
81, 57167.47643511791
1420, 57081.89591429877
542, 57018.76880243438
539, 57018.76880243438
261, 56955.9925446531
721, 56899.56906454452
627, 56865.719316836505
760, 56651.7901544238
722, 56639.821810155736
301, 56585.79417795622
893, 56394.35193380776
1215, 56344.746017657344
408, 56338.26643686153
959, 56338.08705783005
35, 56315.57422281681
941, 56311.59904192982
528, 56309.82954942444
1233, 56253.81839777523
378, 55924.52470191225
105, 55888.04928767064
103, 55888.04928767064
83, 55885.506305328
237, 55865.86163875588
104, 55862.641669258264
1220, 55798.69187877389
952, 55531.44943378565
1055, 55376.09665404989
767, 55351.888379878634
190, 55240.497635479165
578, 55176.15569577942
1120, 55171.83936057377
950, 55008.9840596064
1272, 54959.83073494209
292, 54923.61201581609
738, 54922.17331170065
519, 54879.020252164715
476, 54796.310181481604
911, 54736.31700342687
996, 54527.144236707194
336, 54448.417727576234
377, 54346.14560342525
1256, 54325.18234465288
440, 54283.12607320548
265, 54267.04177301926
1270, 54257.28945895993
296, 54252.12758583587
559, 54231.78336596581
66, 54201.72660588386
99, 54200.2750135071
1154, 54188.85397717876
1275, 54040.38653267146
755, 53974.682365450724
872, 53952.34022906584
467, 53673.84451173664
469, 53653.34527536616
468, 53626.051275713704
862, 53569.105459501865
466, 53507.288404981235
1151, 53492.92131039741
1383, 53465.354569462455
313, 53389.97980645562
770, 53385.365846613866
1021, 53244.67480988719
624, 53228.37063333071
1050, 53151.96742594518
1156, 52989.78916567681
1135, 52988.69354047295
1049, 52925.03839121564
664, 52883.23797711607
344, 52849.829575321775
717, 52718.8836247774
1064, 52646.03321493089
431, 52633.282828891446
345, 52617.6058767441
1098, 52613.22332472711
1022, 52572.37137989529
1054, 52412.82361889102
175, 52385.54263816654
1356, 52357.7207343015
839, 52260.76005464935
713, 52232.166489242125
280, 52231.32702763112
1024, 52017.07187186622
1023, 52017.07187186622
1237, 52017.07006613072
522, 51917.73115820738
