1305, 99987.87550280106
588, 99601.29763626092
337, 99485.8545730457
1303, 99459.33937184051
1367, 99441.74527071918
314, 99349.8114738536
1249, 99092.92947002326
1124, 98572.67798495946
520, 97540.80146692236
632, 97534.99420491463
733, 97088.84672792484
1150, 96361.04761867569
174, 96187.95277650056
942, 95965.33519072193
482, 95468.16432151277
638, 95028.95733264738
225, 95028.95733264738
206, 95000.25530238694
1185, 94478.21673763376
938, 94278.3498827031
7, 93843.38344327302
1324, 92958.5605657068
980, 92917.5141512126
1322, 92743.08535312739
1284, 92671.44569144154
1360, 92634.27021256207
1354, 92157.35503851641
1416, 92145.21665849617
0, 91812.10211183029
458, 91628.66019117244
668, 91575.16102697412
490, 91541.40072391393
863, 91354.49783579822
566, 91160.43215501613
1000, 91097.13230393428
371, 91053.09233779409
1145, 90934.40047473567
1115, 90815.343923133
328, 90755.31810592885
132, 90750.95822730956
1214, 90485.55799007091
788, 90383.38760497811
1025, 90240.61856236127
787, 90049.77838998543
203, 90004.26069060902
1, 89890.75436734868
386, 89755.9056583627
287, 89746.08365408069
207, 89680.47388304441
734, 89543.95758431776
119, 88838.13265291514
208, 88678.90647539773
1005, 88385.35915330703
778, 88242.59780719457
247, 87821.53032585823
948, 87814.88768691577
753, 87768.19636719162
1177, 87670.79522098404
71, 87484.9981395035
1181, 87438.52881021945
1180, 87438.52881021945
1179, 87438.52881021945
1182, 87240.06727553753
1178, 87240.06727553753
234, 87228.16114031353
213, 86868.06754184187
148, 86686.66175553754
1411, 86648.90106375646
892, 86634.20915331332
1350, 86486.30709767935
665, 86384.21463809433
1125, 86233.07536356733
874, 85784.42559044907
31, 85454.64762688395
120, 85438.96859197182
342, 85244.98685392145
1087, 84750.75639470173
592, 84748.73164896337
1368, 84620.67296593857
109, 84523.34767193311
1250, 84102.45163032386
70, 84054.08720090706
726, 83858.1570994798
1301, 83849.85233995113
630, 83824.45472806282
732, 83824.19930109355
1329, 83682.15783329979
657, 83644.28561190047
667, 83434.89297131803
1163, 83206.24233986835
405, 83075.94178392165
666, 82955.11430142967
763, 82914.79205999404
59, 82857.72766977763
496, 82792.9764438236
311, 82223.54830656436
676, 82084.13613471913
1405, 81991.35378019528
457, 81916.8605317336
731, 81876.08075436005
1048, 81656.69103819795
326, 81615.59520204965
493, 81577.53288925956
1319, 81555.52813822226
1309, 81198.3908984424
486, 81164.76907767853
728, 80637.98059438406
1321, 80625.51531054942
1134, 80608.07631741486
744, 80604.5144615025
729, 80546.06487301913
567, 80534.30521449684
875, 80363.21681612947
370, 80363.07275959461
958, 80121.2091946276
679, 80004.27680574797
214, 79901.20495179728
1388, 79819.49572762352
357, 79696.76874777443
741, 79647.85660121281
983, 79510.96705298964
241, 79369.17114635887
591, 79260.41476630293
1091, 79209.59350603307
1090, 79209.59350603307
757, 78734.26053606547
232, 78682.46697920181
1161, 78663.87920032957
402, 78614.86331808794
138, 78510.48808444044
670, 78402.42219586758
1258, 78178.3574077625
245, 78108.19764029414
202, 77908.1762752546
582, 77794.49764921174
1333, 77644.31812927125
211, 77499.3254118617
188, 77462.60521041062
212, 77442.60426478714
549, 77365.4105375211
1164, 77347.04152703837
200, 77347.04152703837
1089, 77290.696774712
849, 77200.1497554729
1238, 77035.33527890805
497, 77033.44591357281
293, 77000.76571069598
844, 76841.26719785764
1231, 76746.47380010443
315, 76587.05201921095
718, 76549.68481664991
286, 76392.20256007134
936, 76205.13728875089
628, 76171.79267854519
1165, 75981.19075669337
1143, 75725.65946287547
51, 75682.73701753009
127, 75518.39421862016
453, 75485.37089218534
452, 75485.37089218534
1325, 75459.20018483231
989, 75288.19918970986
403, 75288.19918970986
1171, 75261.70163464962
851, 75251.46002105856
1079, 75154.85307757638
193, 75154.85307757638
756, 75099.83643642168
97, 74987.13568330025
904, 74947.68942651883
902, 74947.68942651883
901, 74947.68942651883
900, 74947.68942651883
1099, 74802.87018282509
58, 74553.73943572491
199, 74420.98499617015
572, 74403.21561617711
182, 74205.89203323977
1034, 74149.53549639847
166, 74025.00939050489
312, 73938.20172655223
837, 73922.12252069668
1294, 73845.48379625072
1358, 73825.94534659541
196, 73747.77534817054
50, 73742.24393377261
997, 73598.09996853712
873, 73598.09996853712
889, 73415.90573591467
897, 73332.56935522614
631, 73270.40223312099
888, 73215.2535990384
1328, 73179.93881858852
1279, 73179.93881858852
680, 72941.52852314372
928, 72908.49867749366
1357, 72867.95841777007
147, 72639.48256191376
789, 72577.49314393653
639, 72460.83607363811
614, 72224.6395706215
360, 72187.70537592594
1260, 72171.44156863235
956, 72152.56780822242
494, 72105.0011171997
1259, 71968.3612245896
446, 71847.31533009889
651, 71827.10557406596
126, 71796.22048896573
110, 71588.87964298189
1069, 71541.83449017815
994, 71361.46419181542
761, 71034.55465585108
1038, 70927.41610666063
1008, 70817.66421764833
590, 70769.18857939284
541, 70620.2231439061
573, 70596.44435235302
1304, 70537.0866043894
1377, 70504.60506794865
1122, 70439.21477917998
946, 70438.10469357282
181, 70423.03511823395
1184, 70311.51091289871
579, 70157.03940623673
1366, 70044.52751241224
492, 69822.94771290103
498, 69671.19820586547
935, 69083.37562289412
1331, 69072.87327340027
1073, 68967.99804561795
1142, 68884.89883885912
300, 68795.0306821649
1402, 68745.20073070252
448, 68604.32436459692
864, 68409.04890356003
602, 68221.6325227568
1078, 68092.98176399934
332, 67989.89135561517
393, 67969.06162749234
730, 67915.29377452174
1183, 67838.1278219718
648, 67726.90424187768
931, 67720.77329620831
870, 67667.34992905131
1046, 67525.94915001879
9, 67494.66926818955
49, 67471.06833675211
652, 67331.1802236314
118, 67246.79146903963
375, 67177.69689410675
1415, 66949.5080931054
926, 66837.53061986876
1335, 66667.02980407001
1033, 66625.41198371549
1053, 66598.82274980936
585, 66591.42533625463
649, 66513.2224682417
1123, 66488.7215936812
48, 66253.34058146342
1045, 66237.68065057822
489, 66051.18135763469
1226, 66021.3669137979
1153, 65967.94613959815
894, 65760.21875445108
1327, 65737.17745955025
1225, 65731.67220111159
797, 65726.3210536026
57, 65722.28089989716
568, 65575.48461003267
677, 65484.444631255355
616, 65477.21128588731
715, 65476.51921664396
1244, 65465.328231729894
998, 65339.12271864832
1030, 65297.51013354634
385, 65019.16444699498
1254, 64594.60557228063
197, 64545.074464835925
907, 64540.04485214827
1014, 64404.34515351888
1095, 64273.66161185969
1205, 64133.18094390634
75, 64042.77870872431
671, 64005.672293585994
1207, 63839.60916110058
737, 63830.968280298795
723, 63754.970396156066
779, 63661.97479835459
1289, 63624.83202431886
82, 63624.83202431886
349, 63603.3448187037
1353, 63530.56811411932
561, 63487.42068070686
979, 63413.742867058034
472, 63249.36833230964
1133, 63230.40914273148
543, 63220.0183667331
101, 63217.986087500896
714, 63139.814322341415
927, 63107.87266235513
1257, 63100.31192580078
100, 63082.77344047461
988, 63043.602469275516
610, 63027.478530858985
769, 62962.777495435505
1131, 62955.72845087437
319, 62922.53988760811
322, 62873.99089620198
447, 62863.30192677389
884, 62816.666068831204
736, 62810.11945072636
317, 62774.96357610916
1047, 62713.00625143993
925, 62651.47021623368
655, 62580.461497516815
716, 62577.21502363715
376, 62527.97705914983
859, 62479.84375286694
323, 62422.04329377007
1206, 62303.36385965364
871, 62288.53356847787
38, 62258.094874516166
869, 62132.50218951113
1239, 62120.95652355939
1209, 62114.78706826761
79, 62058.57003702999
603, 62025.371460824885
617, 62010.124349479265
1208, 62002.00581682889
253, 61945.85904790021
1132, 61876.051102854966
355, 61827.047194993924
95, 61793.474402463944
569, 61639.54869522747
689, 61602.95857078389
843, 61537.537421079425
60, 61428.323148786854
1261, 61404.63316065745
244, 61399.46351162179
341, 61299.18174114394
171, 61179.67083487752
1359, 61018.43572495794
392, 61005.90935408448
1355, 61005.15230904475
1212, 60961.433542431696
54, 60951.66621977771
1019, 60845.59142757284
445, 60845.59142757284
329, 60668.99567858601
650, 60655.893628180536
243, 60608.53810940712
947, 60526.46417366184
114, 60480.786511196115
641, 60467.39858992648
394, 60264.837017499616
406, 60258.635536229296
615, 60247.135138767946
1011, 60169.16734820385
294, 60118.82785085402
1276, 60090.824142657475
810, 59983.025562822644
324, 59921.58538100675
407, 59909.7639332226
1068, 59822.86949598229
1252, 59796.08341086547
678, 59604.59977700814
78, 59552.69199917273
1227, 59545.57222139489
81, 59391.2573706189
52, 59217.27405464581
1375, 59042.42659559641
1104, 58881.39792101742
629, 58835.39387434704
974, 58734.93749060107
87, 58547.37551136289
408, 58496.78577765878
528, 58466.12870320119
499, 58451.373992132205
1291, 58376.533503043596
462, 58351.003902378965
76, 58199.69710184577
105, 58011.557466910934
103, 58011.557466910934
83, 58008.817573033346
237, 57987.652074212434
1114, 57987.06065510063
104, 57984.182878083724
945, 57561.31382866271
848, 57488.27475973286
1213, 57342.055620835585
1332, 57323.48822040253
190, 57314.16956070482
944, 57295.259941012635
1120, 57240.26325933806
1292, 57052.758177672426
1293, 57038.14377305272
1349, 57037.62423511012
1272, 57012.09286786306
803, 57006.988582623155
519, 56925.139371011115
735, 56900.7805653837
436, 56890.80587952241
476, 56836.15177078488
1072, 56781.08016453448
121, 56751.18472167179
937, 56719.41279252261
906, 56705.74016634028
262, 56674.41729102054
1194, 56674.36703975586
943, 56503.23613733071
115, 56389.860859279506
1256, 56329.45692462795
8, 56312.483030524054
1270, 56256.46530725741
99, 56195.174296373596
439, 56151.599561965704
1071, 56041.571379504494
1070, 56041.570985193626
263, 55994.7082165527
872, 55928.697492054205
1107, 55892.55600138816
822, 55835.44526736173
838, 55788.196716479906
916, 55751.10575128429
924, 55632.30440585816
982, 55630.861294490474
467, 55629.48119436747
469, 55607.46124826177
468, 55578.14342919214
1295, 55530.64040901811
862, 55516.97864231463
466, 55450.587071796275
1383, 55405.55326732575
201, 55394.71988104228
313, 55324.612851492115
770, 55319.6584670398
1339, 55275.23240890723
823, 55108.86226629002
1420, 55024.69597684608
542, 54966.034667189575
539, 54966.034667189575
261, 54907.69475365195
1135, 54893.835080744466
721, 54855.254725732506
627, 54823.79294959777
760, 54624.92456554866
722, 54613.797214727885
717, 54604.328040403925
301, 54563.563910795485
345, 54495.683996509295
893, 54385.538942694875
1215, 54339.40264555083
959, 54333.20921759331
35, 54312.26988251885
941, 54308.57247891623
1233, 54254.82732815875
1356, 54216.96475950999
713, 54082.3466902836
378, 53948.45712658118
1220, 53831.35037772391
1370, 53704.704025038765
1369, 53704.704025038765
952, 53582.57849507004
1055, 53437.924354611496
767, 53415.38066708507
578, 53251.710865784815
950, 53095.9807012306
292, 53016.43894718412
738, 53015.098422527815
642, 52990.872396670806
820, 52917.90001159402
911, 52841.90473627368
306, 52684.881842605835
996, 52646.93447759933
430, 52622.790820475406
336, 52573.54001630177
377, 52478.1837404527
440, 52419.41957578964
265, 52404.42061037668
296, 52390.51252851884
255, 52386.94804397304
559, 52371.540298798325
66, 52343.50963753142
429, 52340.02578780267
1154, 52331.5044150233
792, 52267.15004898619
17, 52236.36723456287
10, 52236.36723456287
640, 52220.932816047236
276, 52207.570958377815
1275, 52193.027134427415
786, 52188.17162789291
755, 52131.73580450067
368, 52007.02495107643
240, 51967.03574711168
825, 51946.0563020814
1151, 51682.17519870362
527, 51672.080256841444
816, 51636.8883911368
