96, 99814.95051216404
1146, 99764.87900227917
660, 99693.89505792494
1130, 99673.50565978354
1093, 99610.83832584468
510, 99610.83832584468
774, 99528.85203354737
773, 99528.85203354737
821, 99219.74155755514
1380, 99215.10281656918
316, 99067.77059637748
658, 99041.00642049093
1311, 98340.09595152568
1298, 98007.65837564309
511, 97842.1294934564
910, 97747.9452208729
1196, 97698.05210128469
1351, 97565.11908061952
1197, 97546.16092233305
1386, 97098.42579125738
32, 97071.84719873739
1158, 96935.30992841152
1387, 96906.75535252757
586, 96827.45993306523
1128, 96455.32052821179
784, 96266.29262528227
1195, 95988.95588864258
1198, 95974.87769736748
1374, 95939.95865609664
383, 95858.82075324604
1007, 95833.2528037462
1116, 95080.26270195172
1340, 95055.61955835018
951, 94536.20963382549
282, 94503.64120243401
766, 94286.21818581093
1096, 94210.4403817508
117, 93879.83831053019
1242, 93678.81541593344
1241, 93678.81541593344
599, 93654.12676657445
351, 93514.97531756836
883, 93413.1104621871
587, 93130.437160392
881, 92941.54171047175
995, 92377.11836644394
758, 92368.59770553593
198, 92268.08958690835
1097, 92122.83442538323
953, 91720.78922558564
297, 91720.78922558564
747, 91635.93601148971
669, 91481.07402002596
327, 91369.83022239432
746, 91249.73432505789
1297, 91157.91008824338
1211, 91130.45812366997
91, 91073.84853499394
990, 90974.8533080343
896, 90933.5275387481
163, 90731.50705208584
1269, 90448.23589651415
1251, 90425.1574815881
887, 90377.79490990103
92, 90207.4955349866
933, 90106.36486407925
880, 90099.5877444454
707, 89898.60104805986
966, 89873.83368892071
917, 89798.96530304228
1372, 89668.0861243357
806, 89578.03975985046
626, 89566.24193006635
1118, 89354.87740545765
595, 89354.87740545765
34, 89257.25203470905
1296, 89256.27125585402
1392, 88935.66713377018
339, 88891.64739491478
1127, 88830.08965280335
1268, 88776.53376529684
1129, 88736.78762768886
548, 88477.83906807246
547, 88448.77454062154
340, 87839.56825589505
522, 87672.89978306746
1237, 87391.0678451406
1024, 87391.06274835445
1023, 87391.06274835445
1352, 87073.72728790002
524, 87026.41869425605
280, 86792.91890755587
913, 86729.4470589984
839, 86711.76854101749
175, 86370.41073898076
1054, 86296.3533487097
443, 86196.44690989067
1022, 85867.29553203867
1098, 85758.53648197431
431, 85705.29503610586
33, 85700.95522949395
284, 85697.11875350773
1064, 85671.50868497723
895, 85598.88892154174
688, 85349.5051394166
686, 85139.78772319994
344, 85137.26024307558
664, 85050.70534280973
1049, 84942.80920399589
1156, 84776.54684566129
1336, 84761.38510090204
1230, 84439.35087380026
882, 84372.49188798096
1050, 84364.71713139249
389, 84176.46449123864
624, 84172.94634127662
687, 84171.61466014905
1021, 84132.2069693533
973, 83689.30992521837
804, 83610.50827012963
387, 83563.18762350675
785, 83553.76390375564
1151, 83519.76886222896
1364, 83417.9414523143
1394, 83315.90149855817
162, 82869.36398326799
388, 82770.59454308692
625, 82701.30190126397
805, 82603.90319576435
918, 82594.42933791815
550, 82415.02200944681
755, 82371.8442915834
608, 82275.20715225892
1275, 82219.28563275284
1154, 81877.97985656901
66, 81848.60859675675
559, 81780.16474540748
296, 81733.9457154304
265, 81700.1180663675
912, 81669.90851535667
440, 81663.68859673182
1265, 81606.74486834071
1126, 81537.358605777
377, 81521.47452133585
283, 81434.57430348654
965, 81317.44004154323
1267, 81310.86661781634
964, 81302.08223901516
963, 81302.08223901516
336, 81292.42711350055
962, 81256.01153075296
1141, 81139.69661844822
1138, 81139.69661844822
996, 81117.56811349458
521, 81002.2554370399
1140, 80820.3776652138
954, 80742.45934535276
1139, 80661.4485864553
911, 80659.02024351586
914, 80471.9734560735
1338, 80412.16050934943
1337, 80412.16050934943
1218, 80332.99348360529
1219, 80297.4520757726
738, 80258.79947496078
292, 80255.72738891585
950, 80074.13766459929
646, 79887.49043456938
578, 79722.53601324906
400, 79612.57945142423
505, 79421.10761695787
1393, 79377.7907046737
767, 79358.50094426972
1055, 79308.79322411172
879, 79303.50487332564
878, 79303.50487332564
77, 79298.55684400642
23, 79094.95863940848
308, 79010.65455536386
952, 78992.30046184956
24, 78768.39655871973
1220, 78457.78140359923
25, 78315.24518043821
378, 78210.34258560067
1391, 78116.3385948133
333, 77721.50905278957
684, 77683.47005832067
1233, 77575.27982496152
941, 77465.66605302307
35, 77458.14451132229
959, 77415.59494672477
1215, 77403.02488930424
321, 77368.4333042714
84, 77358.83024635528
893, 77309.60575666485
1266, 77207.98473028594
1092, 77014.99505812407
301, 76952.70121168693
685, 76920.94241620672
975, 76890.56220306201
506, 76872.13872901986
722, 76853.00667195192
976, 76839.9996673764
635, 76838.14152822965
634, 76838.14152822965
760, 76830.98269176297
1186, 76741.4734802063
682, 76568.4883538168
627, 76440.97924446594
725, 76432.63329429523
721, 76379.89893298203
261, 76278.46284785513
683, 76168.30711472972
542, 76166.15705980948
539, 76166.15705980948
1420, 76053.80457444134
1341, 75911.0567292242
823, 75893.59621935825
1006, 75855.22109302817
681, 75671.99957054964
1339, 75580.31296260563
818, 75365.2871877907
201, 75358.05272258987
1295, 75107.96081515553
982, 74925.39276852737
924, 74922.77518892367
529, 74900.65259870737
916, 74708.37558785737
838, 74641.87520268446
508, 74624.65154459298
822, 74557.4621038423
842, 74526.96170059848
1107, 74455.87376271834
507, 74304.91115085046
263, 74275.36819177473
1070, 74193.07217337225
1071, 74193.07148226594
724, 74178.37933409837
372, 74060.62032457709
439, 74001.10162674618
675, 73875.55516754821
8, 73723.52118289669
115, 73591.31752039914
957, 73457.45799710977
943, 73399.11396556946
841, 73388.36732358935
1210, 73347.42035857636
1194, 73112.33327818342
262, 73112.2496497338
906, 73060.18793514301
404, 73045.93990052034
937, 73037.50392158488
121, 72984.88816777673
1072, 72935.50279489222
436, 72755.25662633278
735, 72738.9497671679
803, 72566.12263560052
1349, 72516.5423968198
1293, 72515.70262826789
1292, 72492.09448642192
229, 72425.6823305016
230, 72399.26486245441
944, 72104.32687048338
1332, 72059.6701629723
1213, 72030.3509008353
111, 71915.7405104855
143, 71908.56031499401
848, 71800.94879387197
945, 71687.33844475362
523, 71298.05843363836
991, 71238.86109431591
1114, 71037.77521233322
76, 70721.23776797556
462, 70499.09978921417
1291, 70461.86961050179
1345, 70448.1197479514
499, 70353.1416482899
87, 70214.56608209877
764, 70017.11279740112
974, 69946.68919514118
629, 69804.75255556391
1365, 69752.84668394635
373, 69745.42304151056
1104, 69740.1057824404
1375, 69515.54936611699
52, 69274.72330948077
130, 69253.9707291676
1361, 68909.06342462389
678, 68752.07594163781
1252, 68499.05902027154
1068, 68463.94215248687
407, 68350.48532627651
324, 68335.10465709081
1229, 68311.50376793121
810, 68255.37469675281
303, 68150.39227139285
1276, 68116.32674806965
294, 68080.37913450011
615, 67916.58353976966
406, 67901.97471122604
394, 67894.10195853119
1243, 67865.92567264581
551, 67535.02819810311
243, 67463.09781594443
650, 67404.52189891045
329, 67388.34954237373
1167, 67306.36028957255
1042, 67034.83134867605
1203, 67031.63397485178
1212, 67031.1809053316
1355, 66978.40230501603
392, 66977.48977544303
1359, 66962.39758930507
1041, 66830.86478361645
171, 66769.29007839003
341, 66627.52275126497
1261, 66503.38780868489
60, 66475.62258192213
843, 66348.19537862505
95, 66053.2283458474
355, 66014.9103811266
1208, 65816.60767709931
603, 65790.29894031664
79, 65752.9889033658
1209, 65689.99683304926
1239, 65683.09814421246
1202, 65604.45047998377
1206, 65480.396346681315
1320, 65479.28153583198
323, 65349.814847095935
859, 65286.58506477839
376, 65234.112765620834
716, 65180.60674653101
925, 65100.23927324328
1047, 65033.93168688932
317, 64967.437402823314
736, 64929.825804224536
884, 64922.83134417044
447, 64873.09086773206
319, 64810.12515594482
1131, 64774.95316750038
610, 64699.17169647128
988, 64682.189900781006
100, 64641.008096084704
1257, 64622.60281875627
714, 64581.22387934014
101, 64499.64653421321
543, 64497.531153548094
472, 64467.01165342845
979, 64297.13873706236
561, 64221.570684662234
1353, 64177.4798696116
1289, 64081.57252145823
82, 64081.57252145823
779, 64043.93866062987
723, 63950.09877101163
737, 63873.81711539326
1207, 63865.16697244129
532, 63810.88969578826
671, 63699.8311819856
75, 63663.12099679887
1205, 63574.03817930466
1095, 63436.59588098558
1014, 63309.80630782618
907, 63179.225385084035
197, 63174.406377159656
1254, 63127.028543561435
128, 62960.09279889019
385, 62726.74440299416
998, 62431.80195759975
1244, 62317.01140004483
715, 62306.87429472122
616, 62306.247621189206
677, 62299.69932332321
57, 62085.94909765172
797, 62082.344080230876
1327, 62072.661208718346
894, 62052.13117573106
1153, 61868.298623319715
1226, 61821.38493198001
489, 61795.26599202869
1045, 61632.91334044606
708, 61485.68179646369
649, 61396.25110449191
585, 61329.76826529443
1053, 61323.49500572137
1033, 61300.96851195208
1335, 61265.77897006847
926, 61122.48960647436
375, 60840.75423761346
118, 60784.19122883801
652, 60715.40740132272
298, 60609.4642382372
49, 60602.10643038957
9, 60583.07895609475
931, 60402.06168189877
648, 60397.185130622864
144, 60261.918327142674
393, 60205.90010545066
602, 60009.10868897952
448, 59716.097503528756
1402, 59609.76816412914
300, 59572.352522722926
1142, 59505.12859414789
1073, 59443.25829183642
1331, 59365.570098010954
935, 59357.8144527088
533, 59176.22073568364
1366, 58666.12749431495
181, 58403.21583567685
946, 58392.85546990999
1377, 58347.23298641454
573, 58284.48476710252
541, 58268.28670437413
590, 58167.26304712178
1038, 58060.803318211154
994, 57773.15022852838
1069, 57655.46884746035
126, 57491.3062428952
651, 57471.51770549368
1259, 57381.402169006746
1260, 57252.95339957705
614, 57219.519528804805
639, 57072.13460458831
789, 56999.97327449514
147, 56961.79632863122
1357, 56822.08493952039
928, 56797.457581139795
680, 56777.42863287084
888, 56612.67781781889
631, 56579.748758376045
997, 56385.87919462153
873, 56385.87919462153
50, 56301.56429418361
196, 56298.340353989886
1358, 56252.870616781525
1294, 56241.53202877395
837, 56197.15876220215
312, 56187.869564463246
182, 56034.25882889065
129, 55968.83679170683
572, 55922.266752822434
199, 55912.2326913593
58, 55837.533264888436
1099, 55698.59875590133
97, 55596.872365548545
851, 55452.45925266532
989, 55432.526238866696
403, 55432.526238866696
1325, 55340.1915564093
453, 55326.12423611529
452, 55326.12423611529
127, 55308.39758891891
1143, 55197.74970298719
1165, 55062.76817249456
628, 54963.100053013855
936, 54945.75192734619
1385, 54906.45880285802
718, 54768.01298671695
318, 54718.85467830635
1231, 54667.72315187275
844, 54619.72708455717
293, 54539.4249377083
1238, 54522.095198575546
849, 54439.83749281023
1089, 54394.90052133254
1164, 54367.02799564393
200, 54367.02799564393
549, 54357.95618591884
188, 54310.07696593956
1333, 54221.10916811008
202, 54093.17438019313
245, 53997.16577392915
1258, 53963.686382284526
138, 53806.566313836236
402, 53757.65146843641
1161, 53734.75585055593
232, 53726.0859392965
1091, 53483.05557775089
1090, 53483.05557775089
591, 53459.91065448872
357, 53263.2137684635
214, 53172.290194264206
679, 53126.74190140814
875, 52969.63635088605
567, 52895.568692653316
744, 52865.32434479655
1134, 52863.79231349053
593, 52655.559155889154
1309, 52612.94557279451
1319, 52464.081806145616
493, 52454.97971274422
1048, 52422.303169543535
731, 52332.28022802311
457, 52315.634007013614
59, 51938.97629839762
763, 51916.57879572025
666, 51900.78271091371
405, 51853.598131047176
1163, 51802.963390634046
