60, 99905.5395947843
1261, 99842.89238034107
843, 99806.01140988011
341, 99564.39710370929
171, 99249.49316527211
95, 99140.03920719177
355, 99053.74406896229
1359, 98825.8596508643
392, 98793.0055875332
1355, 98791.02028376768
1212, 98676.42227278948
1208, 98607.95036387107
603, 98548.90763951904
79, 98465.21582725967
1209, 98324.02268042213
1239, 98308.56783399307
329, 97912.47558518691
650, 97878.35439707038
1206, 97855.18208012948
243, 97755.10355830786
323, 97563.84301730283
859, 97422.9778318338
376, 97306.18042331836
716, 97187.17715891494
925, 97008.61123456818
394, 96864.08787169514
1047, 96861.44713929847
406, 96848.06774633813
615, 96818.3643672325
317, 96714.01609612502
736, 96630.68898754295
884, 96615.19821666912
447, 96505.08396261293
294, 96487.43681156434
1276, 96415.32378680185
319, 96365.81003088864
1131, 96288.07041078588
810, 96138.1078807415
610, 96120.7123375618
988, 96083.23534136047
100, 95992.39119103465
324, 95980.3762303694
1257, 95951.80859975933
407, 95950.05007061824
714, 95860.61129632393
1068, 95727.3561322297
101, 95680.98422469333
543, 95676.32924014659
1252, 95658.78675619107
472, 95609.18621381801
979, 95236.02556346853
678, 95169.68116419495
561, 95070.32960258803
1353, 94973.73939879796
1289, 94763.85395703041
82, 94763.85395703041
779, 94681.57746231633
723, 94476.62266859387
737, 94310.22808877908
1207, 94291.37132722653
52, 94186.04760212458
671, 93931.41702497462
75, 93851.61516869083
1375, 93744.4984269961
1205, 93658.14521643307
1095, 93360.15099752365
1104, 93339.20385280384
629, 93223.65398001923
1014, 93085.79299435898
974, 92971.70113707852
907, 92803.77067718309
197, 92793.37327702274
1254, 92691.19134538918
87, 92502.62246508349
499, 92263.20351348935
1291, 92076.87355607346
462, 92013.37572141639
385, 91830.73898155673
76, 91637.69878815122
998, 91199.982830069
1114, 91111.64042710137
1244, 90955.23652605512
715, 90933.64299456065
616, 90932.30819333688
677, 90918.36119680348
57, 90463.84022608078
797, 90456.18674113519
1327, 90435.63192715516
894, 90392.06043392442
945, 90064.94749301362
1153, 90002.49324764285
1226, 89903.24505395285
848, 89886.25991384812
489, 89848.01881291963
1213, 89529.30758097135
1045, 89505.21288907189
1332, 89484.05367070591
944, 89415.28501766667
649, 89006.96355368725
585, 88867.30665803463
1053, 88854.13578082566
1292, 88826.0727395231
1033, 88806.85077123935
1293, 88790.65288205731
1349, 88789.39390214813
1335, 88733.01615351063
803, 88715.1780588019
735, 88458.22893224085
436, 88434.12449271647
926, 88432.75899013964
1072, 88169.27458134657
121, 88097.21265878684
937, 88020.67348281515
906, 87987.75043050488
262, 87912.35939909847
1194, 87912.23848622877
375, 87844.22420988257
118, 87726.35765737543
652, 87583.15618860668
943, 87501.15355550985
49, 87347.58699145574
9, 87308.06422336942
115, 87229.55874078123
8, 87044.53986059394
931, 86932.6125813824
648, 86922.51169856002
439, 86660.73672220722
393, 86526.86417455862
1071, 86398.94114860556
1070, 86398.94021139972
263, 86287.60629341795
602, 86120.97280842719
1107, 86045.26788873783
822, 85909.99073692865
838, 85798.18657599052
916, 85710.48964189085
448, 85518.76559249165
924, 85430.02035527783
982, 85426.6173647993
1402, 85300.86464366842
300, 85224.2683552218
1295, 85190.51831449957
1142, 85086.75338644053
1073, 84960.30791966512
201, 84871.04483665156
1331, 84801.69506324903
935, 84785.87043885843
1339, 84590.88457092964
823, 84201.86750246654
1420, 84005.53657484507
542, 83868.88693698474
539, 83868.88693698474
261, 83733.13800868325
721, 83611.24647747615
627, 83538.17538422895
1366, 83381.64064620118
760, 83077.31090994929
722, 83051.57563196348
301, 82935.46424922685
181, 82851.5420012339
946, 82830.69370793545
1377, 82738.92383914726
573, 82612.80341962613
541, 82580.2646223262
893, 82524.86339840539
1215, 82418.68041829005
959, 82404.43329749095
590, 82377.4977160668
35, 82356.27769047685
941, 82347.77651255853
1233, 82224.27154547718
1038, 82164.1369412812
994, 81589.2595315712
378, 81522.64276946938
1069, 81354.75182714133
1220, 81255.52745699298
126, 81028.27596853947
651, 80988.97336268559
1259, 80810.13216862686
952, 80690.04998484795
1260, 80555.61181712056
614, 80489.43905556104
1055, 80362.45979679153
767, 80311.48682723609
639, 80198.10734464081
789, 80055.69026142127
147, 79980.4034939276
578, 79942.0657293407
1357, 79705.23329537615
928, 79656.78467896522
680, 79617.39483466953
950, 79591.62042636547
292, 79413.02019236503
738, 79410.01251215198
888, 79293.81204569983
631, 79229.22739254592
911, 79022.06083290522
997, 78849.59509763922
873, 78849.59509763922
50, 78684.8153206402
196, 78678.51854779224
1358, 78589.74078582125
996, 78586.83470024362
1294, 78567.6115431999
837, 78481.04337687015
312, 78462.92786702234
336, 78423.4096995962
377, 78211.41785965521
182, 78163.70483634298
440, 78080.9640131275
265, 78047.68990742828
296, 78016.84417412589
559, 77974.77994668369
572, 77945.9601107915
199, 77926.46778069802
66, 77912.65910349492
1154, 77886.06337225811
58, 77781.4420074126
1275, 77579.71838897902
1099, 77512.11171905213
755, 77444.37954061058
97, 77315.24436434031
851, 77036.24981218574
989, 76997.78524491451
403, 76997.78524491451
1325, 76819.74809116109
453, 76792.64411727141
452, 76792.64411727141
127, 76758.49721100679
1143, 76545.5474932468
1151, 76456.39758163069
1165, 76286.21261940131
628, 76095.03836828854
936, 76061.79001806787
1021, 75950.27719068991
624, 75917.10695699055
1050, 75761.78283429035
718, 75721.61073081287
1231, 75530.03588725133
844, 75438.44809755593
1156, 75432.71078021167
1049, 75301.56470155009
293, 75285.34982366255
1238, 75252.33268955974
664, 75216.97427330445
344, 75149.4071407771
849, 75095.72164091893
1089, 75010.24163326275
1164, 74957.24884784216
200, 74957.24884784216
549, 74940.0054606831
188, 74849.03435961671
1064, 74738.01659573652
431, 74712.32263665608
1333, 74680.15544068615
1098, 74671.91026621617
1022, 74589.64886848544
202, 74437.67550734409
1054, 74268.88822554577
245, 74255.98969056501
175, 74214.1230533405
1258, 74192.69058185868
839, 73963.93109305647
280, 73904.98949690738
138, 73896.01832800556
402, 73803.78989670056
1161, 73760.64194810532
232, 73744.30663909455
1024, 73476.75853087343
1023, 73476.75853087343
1237, 73476.75492788969
1091, 73287.20186583986
1090, 73287.20186583986
522, 73278.70006332862
591, 73243.7498412678
340, 73162.67142283746
357, 72875.03447889586
547, 72745.34381314374
548, 72725.69528506501
214, 72704.93365320111
679, 72619.80171982714
1129, 72551.67070698776
1127, 72489.41928083402
875, 72326.57448152974
567, 72188.55240359785
744, 72132.23381693407
1134, 72129.38161667886
806, 71998.83787782537
1372, 71940.77115659563
966, 71808.8796663541
707, 71793.07613240332
880, 71665.40764529069
1309, 71663.18848940861
887, 71490.36621074071
1319, 71387.28872769284
493, 71370.43749271228
1048, 71309.95887857271
896, 71146.42775457412
731, 71143.48245034665
990, 71121.15064462704
457, 71112.72169993327
746, 70954.0539863151
327, 70881.6096346263
669, 70814.80611023944
747, 70722.28770548382
1097, 70434.97824068727
59, 70418.56668832678
763, 70377.4024048419
198, 70350.30092203464
666, 70348.37843540151
758, 70291.98367373909
995, 70287.05005440823
405, 70261.7181441667
1163, 70168.78346612515
657, 69860.2523813993
587, 69857.10923809258
732, 69735.2434649643
630, 69735.06668618055
726, 69711.75886538398
883, 69698.90363030182
599, 69565.32701080517
1250, 69543.83036022884
1096, 69261.53337653697
766, 69220.63345857705
1087, 69106.7052352724
282, 69103.9130046972
1340, 68811.72606390897
1116, 68798.8176951179
342, 68781.53623513132
31, 68645.64310681661
874, 68434.31153794384
1374, 68355.6071315259
1198, 68337.89214032269
1195, 68330.75628834013
586, 67912.10850425284
1387, 67873.15551742657
1386, 67779.4457308117
1197, 67562.97182222057
234, 67542.49912270055
1182, 67535.36227446851
1178, 67535.36227446851
1196, 67490.29657008674
511, 67421.71220038335
1181, 67416.90613796664
1180, 67416.90613796664
1179, 67416.90613796664
1298, 67343.33634768348
1177, 67279.47661353498
948, 67194.86365920781
247, 67190.97483317343
1311, 67187.27293179125
1005, 66864.63254862945
658, 66863.98007238902
1380, 66784.86354501851
821, 66782.7618646678
1130, 66578.75145263154
1146, 66538.04457620827
96, 66352.14563876876
660, 66298.63012146503
1093, 66261.88767762436
510, 66261.88767762436
774, 66225.59864816641
773, 66225.59864816641
207, 66142.0225761794
287, 66106.379435472
386, 66101.05132379838
316, 66021.14015004197
203, 65966.99665598465
787, 65942.56644916878
788, 65764.80966358303
1214, 65710.82285938218
132, 65571.56386147595
328, 65569.28788848275
910, 65432.361488396
371, 65414.72816295458
1000, 65392.01655713268
566, 65359.43853977868
1351, 65350.38735471926
863, 65260.04272533073
32, 65128.711119632266
1158, 65067.22024701599
1416, 64862.43032719601
1354, 64856.41714859603
1128, 64850.599671717166
784, 64765.09684029573
383, 64580.41119933471
1322, 64569.42762060723
1007, 64568.80550450633
951, 63977.394612761585
938, 63845.5794630046
117, 63676.106407786756
1242, 63583.56136763223
1241, 63583.56136763223
206, 63518.708719491035
351, 63508.03976394025
638, 63505.88401083301
225, 63505.88401083301
482, 63311.236226007895
881, 63243.047252217344
953, 62675.424191525664
297, 62675.424191525664
733, 62618.04935023389
1297, 62412.08289591104
1211, 62399.2133475061
91, 62372.66691381123
163, 62211.90782066928
1269, 62078.59879496541
1251, 62067.72642191044
1124, 62015.959069796445
92, 61965.098958603136
933, 61917.36313786665
917, 61772.05800215887
1303, 61670.07258385615
626, 61661.84498198071
588, 61615.62038781697
1118, 61561.59233656548
595, 61561.59233656548
34, 61515.237668905495
1296, 61514.77181368594
1305, 61459.44100250367
1392, 61362.318953766895
339, 61341.36018793995
1268, 61286.521635308534
337, 61269.40084254868
1367, 61252.66803717262
314, 61217.77474386546
1249, 61120.14416274296
520, 60526.090687013435
632, 60523.85457352307
1352, 60470.153549149705
524, 60447.333319611374
913, 60303.90995747791
1150, 60069.736623494595
443, 60045.743931120334
174, 60002.42555768482
942, 59915.72258045584
33, 59804.87534723927
284, 59803.007074776695
895, 59755.15426459488
688, 59633.51749684137
686, 59531.0620655763
1336, 59345.81248216717
1185, 59332.63481817644
1230, 59187.76734427513
882, 59154.909673321265
7, 59081.63667827452
389, 59058.482752956574
687, 59056.09539638765
973, 58818.267476299916
804, 58779.33236990977
387, 58755.94123760513
785, 58751.28204696127
1324, 58729.69269797799
980, 58713.30633692511
1364, 58684.09526515208
1394, 58633.57685333869
1284, 58614.960169043086
1360, 58600.08555610954
162, 58412.07108444725
388, 58362.98113509223
625, 58328.52098776787
805, 58280.05454078667
918, 58275.33847024941
0, 58269.995650940444
458, 58196.051159870985
550, 58185.969629611245
668, 58174.46557158891
490, 58160.839390383466
608, 58116.243786741696
1145, 57915.21784023129
1115, 57866.90208342067
912, 57813.5761308122
1265, 57781.91686400907
1126, 57747.12216429589
283, 57695.54778968832
965, 57636.72670532836
1267, 57633.42427949855
1025, 57633.0180033902
964, 57629.01084804201
963, 57629.01084804201
962, 57605.85953934831
1141, 57547.375319800165
1138, 57547.375319800165
1, 57490.11316389836
521, 57478.20574408637
1140, 57386.567851730244
734, 57348.064981079515
954, 57347.27262943437
1139, 57306.39454243775
914, 57210.692361568974
1338, 57180.45432267729
1337, 57180.45432267729
1218, 57140.41196722338
1219, 57122.42785780197
119, 57057.73320494101
208, 56992.00932377006
646, 56914.652792113164
778, 56811.48101770859
400, 56774.979716768015
505, 56677.535692724545
