135, 99722.92191715352
1236, 99551.052069034
612, 99327.99856124829
102, 99104.9362861581
136, 99100.78169066436
1379, 98976.88906131839
1419, 98896.02567243522
461, 98191.66739120048
65, 97920.01543435239
62, 97920.01543435239
112, 97690.27800058054
137, 97671.10156039134
4, 97421.53593871761
544, 97376.13832068084
1299, 97303.70520224296
1084, 97084.41365892526
1082, 97084.41365892526
698, 97051.0908927306
1286, 96989.46960198358
1149, 96798.56431027678
217, 96719.82286299352
156, 96569.65219229285
1193, 96443.3680706334
1285, 96390.21261065349
750, 96231.35176221591
1362, 96036.41169774186
751, 95996.22509274264
15, 95441.3341158015
363, 95165.92049990025
1020, 95063.3426263113
272, 94898.32192003205
1318, 94879.9637156816
364, 94860.68025652246
845, 94751.23222455995
799, 94723.63351047183
798, 94723.63351047183
613, 94480.11886102468
633, 94301.18242127671
1348, 94242.35254953933
1255, 94210.59659573277
1413, 94024.4341586898
239, 93985.91971575914
21, 93985.91971575914
692, 93891.89339364362
609, 93866.9833509452
177, 93561.61855711999
643, 93509.92805289397
108, 93144.3295617032
512, 92903.69639562674
915, 92648.4676158397
350, 92595.03162330462
425, 92540.00104339502
348, 92527.27774350668
416, 91863.00534940852
3, 91628.27759193
2, 91628.27759193
396, 91374.01117376976
44, 91374.01117376976
291, 91068.25007463523
754, 90881.35626772782
1148, 90630.18767721241
1308, 90531.64912274407
712, 90254.76147044782
1144, 90201.54617576046
1262, 90145.05514398086
427, 89951.29458001957
421, 89789.37670042003
575, 89558.40999570988
1246, 89339.08776790732
811, 89315.62559308654
775, 89286.28803916882
411, 88581.01818003246
426, 88469.68064807147
414, 88469.68064807147
1100, 88384.64381363922
352, 88332.58423471528
479, 88303.10739565977
422, 88048.83200626123
413, 88048.83200626123
219, 87994.87500226547
955, 87910.73257169775
412, 87391.09458569824
908, 87341.05218200757
984, 87066.06051351452
480, 87022.65891882233
459, 86889.43243967097
705, 86747.81743377846
703, 86747.81743377846
1117, 86520.98926416184
696, 86505.18172255524
636, 86291.2345517219
518, 86266.57776143025
428, 86044.51107178151
1036, 85541.3063459446
987, 85508.14329059717
985, 85508.14329059717
285, 85366.97071951111
986, 85214.22017375675
382, 84711.86689900723
1103, 84425.78159922246
169, 84411.57829260059
1067, 84363.89834941961
470, 84229.89016143174
158, 83916.32697948627
157, 83916.32697948627
179, 83827.8776200242
1312, 83739.57848242414
812, 83695.5699975409
218, 83590.28559062899
170, 83568.91550443521
53, 83568.91550443521
88, 83434.09902712905
41, 83294.89961833785
189, 83150.22144928834
813, 82835.07455332787
435, 82829.93681303941
1240, 82459.1651391946
961, 82432.70080877049
1152, 82214.020974052
176, 82182.31008026181
46, 82089.58932916335
210, 81942.68074893062
146, 81942.68074893062
513, 81839.05406256746
11, 81798.97628725013
473, 81770.61291590583
1192, 81740.12582419034
20, 81715.3539553561
159, 81420.33392996163
160, 81409.68628996077
161, 81402.39226958566
216, 81360.6193257626
782, 81144.0076341099
246, 80941.14568480504
242, 80914.86512754759
594, 80852.43394431198
662, 80814.0451913625
663, 80546.18758118789
704, 80509.99881829471
702, 80509.99881829471
1173, 80349.69128522523
305, 80300.95273003289
1170, 79925.90979738162
620, 79829.73555366612
358, 79698.80712294763
604, 78838.43077385558
180, 78762.82144724394
330, 78452.03485593371
1043, 78424.89565384139
795, 78292.44111444779
249, 78092.3829057823
251, 77888.36841879139
209, 77761.7458181852
460, 77646.06199257307
1264, 77565.33115190783
1263, 77565.33115190783
55, 77378.90780184063
192, 77359.6858952364
191, 77359.6858952364
749, 77347.94025607668
697, 77127.39836825037
905, 77126.29517418059
899, 77126.29517418059
619, 77122.0601231743
194, 77120.30590655387
695, 76841.22532041241
791, 76272.26051648773
39, 76250.28149794402
699, 76160.08129509623
1058, 76042.82519022163
444, 75674.56045690196
366, 75659.2734378471
1401, 75553.74325315596
759, 75541.31677894502
556, 75449.8857962419
172, 75424.9402324733
656, 75411.49968536994
397, 75292.74111267968
835, 75275.80914916506
600, 75208.3355394427
694, 75155.22094833093
1002, 75140.34125102924
545, 75125.40203685059
691, 75122.62678287509
398, 75098.72197493915
40, 74986.19335602342
1403, 74936.56983632829
228, 74902.83156716842
500, 74504.8405042944
606, 74459.68823374991
1381, 74373.78220303879
504, 74372.2781386233
61, 74305.48178306164
250, 74100.6191823256
645, 73982.67473482122
644, 73982.67473482122
63, 73982.67473482122
64, 73821.54776113007
868, 73305.72726264135
309, 72473.67252896554
706, 72394.51641458774
1280, 72357.61756177031
693, 72311.0078340096
270, 71553.80404539607
268, 71553.80404539607
1044, 70952.37830772749
1398, 70920.73690741985
834, 70899.58099761869
1382, 70880.15792113602
659, 70686.26177924177
1028, 70414.80816649146
424, 70206.56666166455
423, 70189.6489384644
471, 70055.93801602104
418, 70028.94373700806
1136, 69988.78014004626
1313, 69961.43903411148
1057, 68590.09342837337
558, 68453.28452498015
134, 68309.1902589289
164, 68271.50034222801
1414, 68245.00687444577
238, 68193.59616692358
1076, 68165.93929397977
1389, 68015.22238983522
1075, 67969.98246979248
840, 67922.20648484144
653, 67526.99355030103
546, 67181.75010723223
399, 66749.43840188842
701, 64926.236968200355
43, 64579.714138888
45, 64557.47412328257
745, 64311.31266503982
830, 63775.07778551334
920, 62880.643796928736
1302, 62837.38535272933
93, 62654.12460130314
142, 62599.59971266649
19, 62325.95986240493
1334, 61933.200567074455
1199, 61902.880849180474
5, 61823.37482829293
503, 61798.399030628134
919, 61711.17646378328
369, 61379.479209017976
1003, 61220.55109241819
1373, 61188.493827810584
1147, 61171.38801222494
464, 61171.38801222494
1004, 61138.53205610543
145, 61113.73343644171
353, 60466.31002483731
1035, 60406.7634247168
661, 60104.16452905658
1029, 60065.983299744985
516, 59589.21308032583
269, 59469.015548260104
6, 59393.210774682535
1172, 59247.438506145954
74, 59132.8778805367
133, 58384.903042358215
932, 58110.89796759201
141, 57726.045625528146
690, 57714.47961522066
502, 57629.645154540354
765, 57613.591096776676
515, 57613.591096776676
514, 57613.591096776676
123, 57551.196000254815
1060, 57532.2861498616
739, 57480.20578252007
740, 57444.02363215916
1162, 57049.98421513875
829, 57049.98421513875
481, 57043.102092952024
828, 56939.898282412316
654, 56901.07621805055
1080, 56650.715022578755
1314, 56561.44043483074
274, 55598.0299737838
271, 55598.0299737838
1077, 55471.946955183616
1396, 55366.84147081294
1245, 55047.33991178937
227, 54595.124390049095
362, 54145.87744980558
1074, 53733.51575886965
256, 53566.58927029679
831, 53346.260364349895
796, 52904.329764398586
852, 52845.81639394227
273, 52685.862240514936
794, 52572.988235741526
1190, 52351.35271757344
674, 52333.10564255227
1188, 52330.43876272324
139, 52289.085576947844
1404, 52263.824989918474
1228, 52250.651404037926
865, 52250.651404037926
1317, 52166.87987742542
815, 52145.66088461508
501, 51947.58764017271
1344, 51647.1341908073
1039, 51325.603108941934
1061, 51216.408212195565
700, 51007.30264237013
866, 50916.81561345551
302, 50887.88235110374
673, 50850.24703396859
992, 50845.39828055049
860, 50752.35829222966
562, 50740.93745403969
1085, 50725.02358320446
564, 50670.33260212571
451, 50570.14545954284
1234, 50568.92700091764
1086, 50562.27324811522
1399, 50482.672160936025
1288, 50028.41568141788
1397, 49988.950893858695
1109, 49957.996089419095
1081, 49943.047143343305
1110, 49755.49102692079
1108, 49755.49102692079
607, 49645.085463509495
1101, 49245.64002620984
151, 49196.22215245586
401, 49144.780553379176
1395, 49129.817771296606
861, 49108.50636075323
124, 49044.06164073419
149, 49043.55134319417
264, 48567.5006888496
1056, 48553.06959533691
922, 48401.563525500365
1106, 48211.166223252905
1105, 48211.166223252905
1102, 48211.165474311
409, 48089.47920379122
391, 48073.36526799561
155, 48028.927057320274
1400, 47957.945143451856
1088, 47942.28111406485
1232, 47927.09211047434
437, 47889.81346199823
1018, 47863.282975543
154, 47863.282975543
571, 47699.89704043857
709, 47575.00189697927
554, 47536.764399120795
555, 47443.06992976953
855, 47372.4457482782
454, 47366.317681194676
1059, 47329.53516103417
856, 47289.96926948252
854, 47289.96926948252
442, 47090.46685959019
233, 47007.98004578142
1113, 47007.87047613168
1323, 46494.052180082115
168, 46286.75242075565
26, 46138.36204295848
434, 46079.176367698674
390, 46057.73267598785
72, 45976.62726109622
553, 45919.1209876004
419, 45854.63998004686
417, 45775.71220254269
167, 45775.46945700634
267, 45768.138168010206
1027, 45498.25563135626
410, 45474.32458223272
993, 45249.78112631262
187, 45145.703277960485
42, 44777.605491107926
647, 44677.85267099878
903, 44675.9847569022
1410, 44624.507616378636
122, 44582.570635132135
1300, 44581.69311152144
574, 44562.36927552779
1015, 44492.038443760124
968, 44259.48362774618
1016, 44034.20545877273
1409, 44007.56929889765
1065, 44007.56929889765
85, 44007.56929889765
1408, 43998.44978192028
1407, 43994.79554439295
601, 43993.65283321744
86, 43961.74063541869
441, 43706.3235465288
1017, 43676.26912161282
783, 43493.69733783544
802, 43459.692720420106
801, 43459.692720420106
346, 43450.419144443156
970, 43266.373687618434
304, 42704.04536111346
1191, 42670.2983367318
1189, 42515.43409184491
565, 42385.851452870476
762, 42263.79967000267
772, 42212.74310005029
1066, 42186.80148591486
776, 41977.251166798465
1287, 41894.19974194084
420, 41779.83458718005
969, 41763.91326817242
415, 41708.314250141455
1155, 41670.65249128312
972, 41553.79645372426
967, 41553.79645372426
361, 41549.229530956014
1346, 41461.43289009545
853, 41455.20143232491
583, 41054.657769080884
222, 40713.94782091128
367, 40503.34178058168
116, 40198.025300653426
347, 40173.613289471854
858, 40124.329773165555
1290, 39961.954201707464
827, 39933.58941958742
1040, 39828.61452902184
971, 39573.232582694654
846, 39525.11374314744
517, 39524.44993862164
1342, 39465.71027437031
540, 39339.074827936834
1204, 39273.88656198479
495, 39130.77586617546
1201, 39099.61311994142
433, 39088.12908302348
204, 39084.87378320772
488, 39021.61760281399
509, 39004.57240301088
930, 38951.7365668342
277, 38875.255590078246
1274, 38865.06467457882
252, 38821.841580602704
1200, 38655.30930531011
1169, 38566.47417119919
885, 38171.454991567494
1224, 38143.9235766064
867, 38084.64212701086
781, 38066.33974022406
153, 38052.68667094175
231, 37871.25134649154
30, 37750.440579027985
220, 37657.10346948811
354, 37645.13326731646
299, 37606.636883349776
107, 37530.797130261046
584, 37486.16334634728
380, 37457.470756396935
978, 37420.49887171986
279, 37325.12630297307
450, 37207.96877666866
449, 37207.96877666866
278, 37188.47159366675
478, 37101.420118288086
771, 37060.34269960729
221, 36957.37888912993
106, 36893.234138018284
1111, 36887.48563905718
622, 36883.558475439255
621, 36883.558475439255
581, 36806.18603961626
1013, 36442.37647351826
1012, 36429.29182212121
618, 36421.06196219086
1137, 36329.072593998346
56, 36199.03381329563
1310, 36193.905885061526
557, 35937.34388953855
780, 35862.32421958261
534, 35778.01885506444
836, 35770.907173182684
29, 35624.67986094752
1217, 35530.694719593004
1216, 35530.694719593004
131, 35370.44023411654
536, 35341.07696040952
535, 35341.07696040952
395, 35211.088355125015
847, 35136.734885938844
1112, 34917.0413583684
1306, 34857.201791201216
596, 34839.59787352647
605, 34794.015545919254
977, 34726.432565028284
1052, 34654.74938759023
598, 34521.94718389197
178, 34475.0615672122
381, 34164.20789885222
173, 34059.86673306465
597, 34021.517496288645
