938, 99953.15819378544
206, 99154.33295949396
638, 99123.08523550925
225, 99123.08523550925
482, 98649.68852529734
1322, 98319.72039515959
1354, 97661.68236110102
1416, 97648.05079629675
733, 96976.9265876536
863, 96760.52468279413
566, 96542.83857782905
1000, 96471.84611209886
371, 96422.4575529389
328, 96088.59296271192
132, 96083.70562135163
1214, 95786.24893969644
788, 95671.76512301642
1124, 95540.39862969336
787, 95298.05522581944
203, 95247.07869361476
386, 94968.99190661324
287, 94957.99590112222
207, 94884.54753267612
1303, 94721.94640646006
588, 94593.54722961417
1305, 94225.94655619039
337, 93779.98868570999
1367, 93740.7929415039
314, 93659.0937073463
1005, 93435.97702313727
1249, 93430.76326754547
247, 92806.09880048691
948, 92798.68074947267
1177, 92637.78367925683
1181, 92378.49255641326
1180, 92378.49255641326
1179, 92378.49255641326
1182, 92157.00123337838
1178, 92157.00123337838
234, 92143.71529739477
520, 92049.70862554148
632, 92044.5367856338
1150, 90998.32936164123
174, 90843.94924744088
942, 90645.35532015124
874, 90534.1790091654
31, 90166.94961031567
342, 89933.5598442183
1087, 89383.64313929921
1185, 89317.40706355046
7, 88749.82590881303
1250, 88662.82354464699
726, 88391.36022896532
630, 88353.91641907029
732, 88353.63264231756
657, 88153.77358392073
1324, 87958.04256589273
980, 87921.292521024
1284, 87700.94368499976
1360, 87667.64841256395
1163, 87667.36226094271
405, 87522.72710539319
666, 87388.62887275677
763, 87343.8825962248
59, 87280.56124561893
0, 86930.9280386415
458, 86766.45546290185
668, 86718.48195312725
490, 86688.2070487987
457, 86237.20128725682
731, 86192.00776854926
1145, 86143.67116436297
1115, 86036.82139411676
1048, 85948.91343730726
493, 85861.21926610499
1319, 85836.84321921815
1025, 85520.81479817357
1309, 85441.31636198527
1, 85206.52729991388
734, 84894.86945703092
1134, 84787.94578243351
744, 84784.00496364785
567, 84706.32950548275
875, 84517.07655386717
119, 84260.17444237375
679, 84120.16300262893
208, 84116.92252346313
214, 84006.220669607
357, 83780.26826915427
778, 83724.25058046052
591, 83298.18818445879
753, 83297.06996822872
1091, 83242.05887828326
1090, 83242.05887828326
71, 83041.94848777793
232, 82660.09260046568
1161, 82639.57823211282
402, 82585.48429236733
213, 82485.89091022867
138, 82470.30710961786
148, 82322.30876179688
1411, 82288.25383174584
892, 82275.00335350314
1350, 82141.59945992057
1258, 82103.90648547835
665, 82049.50128478528
245, 82026.52748226562
1125, 81913.13764756423
202, 81805.96277656997
1333, 81515.09154564198
188, 81314.83264932549
549, 81207.73727546196
120, 81196.27051146461
1164, 81187.49861374311
200, 81187.49861374311
1089, 81125.42190623285
849, 81025.67293897633
1238, 80844.13875343472
293, 80806.06712591613
844, 80630.43254231378
592, 80572.6324248172
1231, 80526.06616358046
1368, 80456.87467914833
109, 80368.88663370535
718, 80309.44441857326
70, 79944.50652037919
936, 79930.30444964564
628, 79893.62094753396
1301, 79759.73243971208
1165, 79683.96362438977
1329, 79607.98408939106
1143, 79402.96603876162
667, 79384.17774266869
127, 79175.11233870684
453, 79138.8142711393
452, 79138.8142711393
1325, 79110.0494508463
989, 78922.12212192286
403, 78922.12212192286
851, 78881.75174672552
496, 78802.86039798688
97, 78591.3583085474
1099, 78388.97774551263
311, 78286.8245500038
676, 78160.43217455063
58, 78115.43105088781
1405, 78076.30345178168
199, 77969.70173881139
572, 77950.1975340235
326, 77735.49816449883
182, 77733.63909287652
312, 77439.94217360762
837, 77422.3040494685
1294, 77338.24000601032
486, 77326.41123315497
1358, 77316.80984893882
196, 77231.07681777104
50, 77225.01055820106
997, 77066.9441341152
873, 77066.9441341152
728, 76848.122459488
1321, 76836.80125686641
729, 76764.63902595948
631, 76707.7035600329
888, 76647.26136375642
370, 76598.40785426885
958, 76378.64306958126
680, 76347.32534463228
928, 76311.13978478029
1357, 76266.72834770934
1388, 76104.40990083075
147, 76016.47849382833
789, 75948.59403833278
741, 75948.3607354985
983, 75823.88245394292
639, 75820.8577792071
241, 75694.92169647338
614, 75562.28754430586
1260, 75504.06114064355
1259, 75281.82160154628
651, 75127.2735275509
757, 75117.22053481782
126, 75093.48581845674
1069, 74815.24303754998
670, 74815.11257158457
994, 74618.01213357363
582, 74261.35013451829
1038, 74143.57665217578
211, 73992.33403467623
590, 73970.6918174457
212, 73940.62850415935
541, 73807.95902173487
573, 73781.98546644948
1377, 73681.67690132286
946, 73609.05131257144
181, 73592.59456722319
497, 73567.54884669065
1366, 73179.34889143935
315, 73160.31355116516
286, 72982.49009177278
51, 72334.67559719738
935, 72130.88360262658
1331, 72119.43430202485
1073, 72005.11135449148
1171, 71949.97318799702
1142, 71914.53699980836
1079, 71852.31492411245
193, 71852.31492411245
300, 71816.59561439039
756, 71802.02563315013
1402, 71762.29407535156
904, 71662.9351324897
902, 71662.9351324897
901, 71662.9351324897
900, 71662.9351324897
448, 71608.7945837958
602, 71191.95124649999
1034, 70932.8691849251
393, 70916.9523938014
166, 70818.9045160609
648, 70653.37497763225
931, 70646.70277628441
9, 70400.67415531893
49, 70374.99756843923
889, 70261.22143020904
652, 70222.82244172081
897, 70184.88938699779
118, 70131.03456804287
375, 70055.88920851586
1328, 70045.06797989715
1279, 70045.06797989715
926, 69686.03026751464
1335, 69500.70701806244
1033, 69455.47728342388
1053, 69426.58168803767
585, 69418.542793868
649, 69333.56305489501
360, 69135.49568505005
956, 69103.26598073091
494, 69059.63363067558
1045, 69034.2109630538
489, 68831.65545225874
446, 68823.21930674328
1226, 68799.27866805391
1153, 68741.2698337418
110, 68586.04528413346
894, 68515.73925179461
1327, 68490.72688991007
797, 68478.94202754225
57, 68474.55639534877
677, 68216.42224013823
616, 68208.5727982365
715, 68207.82178613737
1244, 68195.67776799764
761, 68077.08261913511
998, 68058.73647943536
1008, 67877.85104492512
385, 67711.65934924688
1304, 67620.04243117353
1122, 67530.09299400635
1184, 67412.71079305331
579, 67270.70095159471
1254, 67251.33425516101
197, 67197.64669713349
907, 67192.19520904018
1014, 67045.12642709445
492, 66963.47339284274
1095, 66903.51807967765
498, 66823.88621360536
1205, 66751.31986665024
75, 66653.39154069676
671, 66613.19923571944
1207, 66433.3490124702
737, 66423.99177869252
723, 66341.69789209332
779, 66241.00895487134
1289, 66200.79676390058
82, 66200.79676390058
1353, 66098.75157438636
561, 66052.04649873721
979, 65972.29964455702
472, 65794.41207965463
543, 65762.65320369617
101, 65760.45416822152
714, 65675.87242800454
864, 65661.93128948778
1257, 65633.13408980721
100, 65614.15958230282
988, 65571.78288545918
610, 65554.33998842456
1131, 65476.72499929673
319, 65440.82597251501
447, 65376.75389707454
1078, 65370.6851812758
884, 65326.31571587488
736, 65319.23557720083
317, 65281.21566190326
332, 65275.66717422317
1047, 65214.215003346864
730, 65206.90371559641
925, 65147.67515336209
1183, 65135.766413514604
716, 65067.38881863642
376, 65014.15583752653
870, 64978.30775291512
859, 64962.12036519662
323, 64899.63823314448
1046, 64847.91113589254
1206, 64771.36049724577
1239, 64574.23854841532
1209, 64567.572208769074
79, 64506.829899499164
603, 64470.960990797736
1208, 64445.71683542417
1415, 64316.10597040746
355, 64256.716015165315
95, 64220.45347351075
843, 63944.06246658038
1123, 63890.74069037724
60, 63826.14735182882
1261, 63800.57219850942
341, 63686.73867071262
48, 63673.364793863606
171, 63557.74653695453
1359, 63383.7511074371
392, 63370.23487830981
1355, 63369.41801698802
1212, 63322.2462390771
1225, 63191.386216719955
568, 63047.02424243992
329, 63006.77831203676
650, 62992.64719192275
243, 62941.57420655355
1030, 62790.03077750983
394, 62570.984200280975
406, 62564.299041513914
615, 62551.901822947206
294, 62413.601185918385
1276, 62383.41937486288
810, 62267.246336748896
324, 62201.04021674081
407, 62188.30236722434
1068, 62094.677717766965
1252, 62065.81905965946
678, 61859.54796254969
52, 61442.463974743
1375, 61254.250129931046
349, 61221.919608844844
1104, 61080.94839635123
629, 61031.4445801843
974, 60923.355994946556
1133, 60876.312027308544
927, 60762.72168134764
87, 60721.58081083596
769, 60628.19841317978
499, 60618.322994520546
322, 60545.86962925735
1291, 60537.83439168884
462, 60510.379853224586
76, 60347.68273185218
655, 60273.62853970814
1114, 60119.09185319026
871, 60002.77938576352
38, 59974.533166595844
869, 59857.97610799483
617, 59744.38601150875
253, 59684.72893105118
945, 59661.58581464746
1132, 59619.92152929622
848, 59583.12310339424
1213, 59426.068037976875
1332, 59406.12673787611
569, 59400.32083074041
944, 59375.810598697455
689, 59366.34016111655
244, 59177.3307753632
1292, 59115.41725831325
1293, 59099.7271719512
1349, 59099.169399176644
803, 59066.279798359334
735, 58952.26765481368
436, 58941.56082092955
1072, 58823.79010391251
121, 58791.70558940777
54, 58761.2499506463
937, 58757.60851650697
906, 58742.9357181662
262, 58709.32248793441
1194, 58709.268563326936
1019, 58662.656007039295
445, 58662.656007039295
943, 58525.6479893885
115, 58404.02014968356
947, 58365.96059275375
114, 58323.484531619215
8, 58321.02003508425
641, 58311.0345518913
439, 58148.47278781232
1011, 58033.646050898205
1071, 58030.48799396049
1070, 58030.487571164755
263, 57980.24094671886
1107, 57870.72288339266
822, 57809.50026354792
838, 57758.853235884366
916, 57719.09652822913
924, 57591.769450893495
982, 57590.22289295144
1295, 57482.8247848963
78, 57459.94534944781
1227, 57453.31714517228
201, 57337.19221145346
81, 57309.64302644182
1339, 57209.187596403244
823, 57030.9907297498
1420, 56940.85562049272
542, 56878.03990571252
539, 56878.03990571252
261, 56815.57297386722
721, 56759.427227100765
627, 56725.74396641348
760, 56512.864712638875
722, 56500.95498943237
408, 56476.333727041296
528, 56447.757324513004
301, 56447.191831490105
893, 56256.68470475903
1215, 56207.32057823641
959, 56200.69405943516
35, 56178.29087384225
941, 56174.33504965411
1233, 56116.835608175665
105, 56023.91605419111
103, 56023.91605419111
83, 56021.360692856324
237, 56001.62041699877
104, 55998.384779341905
378, 55789.139004453755
1220, 55663.914010186556
952, 55397.95794048512
190, 55373.23043943944
1120, 55304.24202763108
1055, 55243.35012524356
767, 55219.25774994387
1272, 55091.21657899556
578, 55044.36488509482
519, 55010.019552039244
476, 54926.91444189432
950, 54877.98968559807
292, 54793.02344116448
738, 54791.5915702674
911, 54606.61649879009
1256, 54453.547809901946
996, 54398.43196362372
1270, 54385.33389715008
99, 54328.05017384797
336, 54320.07641937013
377, 54218.28541111026
440, 54155.5618930774
265, 54139.55308844001
296, 54124.708884677064
559, 54104.46009723773
872, 54078.94770348285
66, 54074.54426473843
1154, 54061.73196830977
1275, 53913.959338576264
755, 53848.56205481538
467, 53799.14677563776
469, 53778.55173446072
468, 53751.13023113888
862, 53693.91860268925
466, 53631.81331872252
1383, 53589.684151766436
313, 53513.958672955065
770, 53509.32326066658
1151, 53369.03978884745
1021, 53121.93910405868
1135, 53110.81359574219
624, 53105.70999578853
1050, 53029.65826160595
1156, 52868.22439305569
717, 52839.7617963326
1049, 52803.77018882529
664, 52762.16103622262
345, 52738.01952818774
344, 52728.90538924704
1064, 52526.03877327633
431, 52513.34643709624
1098, 52493.37823132355
1356, 52476.9464985101
1022, 52452.71211190511
713, 52350.82048240337
1054, 52293.88871630668
175, 52266.73137474446
839, 52142.51349614191
280, 52113.21347297386
1370, 51996.89316323374
1369, 51996.89316323374
1024, 51899.924256847975
1023, 51899.924256847975
