55, 99801.10215818121
697, 99383.10732796235
251, 99358.13194622885
695, 98908.45919927931
795, 98708.26566623566
791, 97967.78071919935
39, 97931.52253903062
358, 96560.05082573614
656, 96552.23499585113
694, 96132.52576019842
691, 96079.20335988222
40, 95856.14522392585
663, 95344.77179804369
606, 94997.46383307065
662, 94972.15252062124
1381, 94857.67674230908
242, 94833.28894253206
246, 94797.21502572513
20, 93756.8556025345
1192, 93724.26631345038
473, 93684.21636880514
11, 93647.01378608678
513, 93594.54034010711
46, 93268.99760421726
176, 93149.59088270615
961, 92829.98878618126
435, 92331.33495712603
813, 92324.95175269354
189, 91936.58431463188
41, 91760.36047475826
706, 91661.44854344956
1280, 91602.30381441595
693, 91527.6165689631
812, 91278.97583766724
1312, 91226.68858244242
179, 91122.12439480328
470, 90651.8132950602
1103, 90426.00288507219
382, 90100.095063792
986, 89538.67385129735
987, 89216.4410501676
985, 89216.4410501676
428, 88639.9317168924
636, 88379.61494723606
1117, 88139.89680034184
480, 87625.30120065487
984, 87581.34040387277
412, 87254.89227031056
955, 86742.95609705926
219, 86661.18974159627
422, 86608.91954700083
413, 86608.91954700083
479, 86364.2941234547
352, 86336.1160872615
1100, 86286.44107727875
426, 86205.54758577139
414, 86205.54758577139
411, 86100.09789206482
811, 85417.23057722476
1246, 85395.78285289083
164, 85150.50606035478
1389, 84752.21188927146
1144, 84622.38255019518
712, 84575.60012804365
1308, 84333.89809823822
1148, 84248.56891601604
754, 84032.68096651007
653, 83995.47168600104
291, 83873.52378918836
396, 83615.82882147266
44, 83615.82882147266
3, 83404.0354541277
2, 83404.0354541277
416, 83210.50047248599
348, 82672.87855750589
425, 82662.72371366872
350, 82618.86298626421
609, 81631.88127926252
692, 81613.05116592931
239, 81542.1423410542
21, 81542.1423410542
633, 81306.31234389496
799, 80994.86638195733
798, 80994.86638195733
845, 80974.69886332657
364, 80894.93475290213
1318, 80880.91657423282
1020, 80748.13422195143
363, 80674.27126228652
15, 80477.4026611057
751, 80087.0534795915
750, 79924.13460230632
1084, 79345.08943400983
1082, 79345.08943400983
1299, 79199.21341046815
4, 79121.32216537303
137, 78957.47064887811
112, 78944.94304241493
65, 78795.54842680779
62, 78795.54842680779
1419, 78174.71931401207
1379, 78124.26578146304
136, 78047.25028025408
102, 78044.67361942962
612, 77906.89611095321
135, 77331.9023791935
1236, 77228.50841539117
461, 76407.89658659654
544, 75913.16729996914
698, 75715.47237856913
1286, 75677.96127464212
1149, 75561.68381969142
217, 75513.6943081899
156, 75422.124260924
1193, 75345.07130208754
1285, 75312.62500002395
1362, 75096.46399070614
272, 74398.76629742564
613, 74141.4808446491
1348, 73994.98432426584
1255, 73975.40629693722
1413, 73860.5772844501
177, 73574.67961623923
643, 73542.71103707598
108, 73316.386864956
512, 73167.21612096358
915, 73008.81791519024
1262, 71445.30570247711
427, 71323.5406511374
421, 71221.7031621615
575, 71076.30622716999
775, 70904.80274387907
908, 69672.53147587768
459, 69384.84875663073
705, 69294.51558336621
703, 69294.51558336621
696, 69139.60545945892
518, 68987.09917603739
1036, 68522.49494065708
285, 68410.58288941288
169, 67795.66781862864
1067, 67764.90799330089
158, 67475.83182344731
157, 67475.83182344731
218, 67264.86847822207
170, 67251.02985340335
53, 67251.02985340335
88, 67163.69488898886
1240, 66530.48466327562
1152, 66370.81053772887
210, 66193.85956702776
146, 66193.85956702776
159, 65852.58303406446
160, 65845.61766569775
161, 65840.84593417181
216, 65813.51502010899
782, 65671.70576418091
594, 65480.59300534314
704, 65255.80808962328
702, 65255.80808962328
1173, 65150.4527604313
305, 65118.40564554554
1170, 64871.556982277856
620, 64808.18596371838
604, 64153.31832631316
180, 64103.24398252156
330, 63897.228989473675
1043, 63879.22450988889
249, 63658.44369717492
209, 63438.563434967175
460, 63361.55002767263
1264, 63307.78061765113
1263, 63307.78061765113
192, 63170.72107729916
191, 63170.72107729916
749, 63162.888746487864
905, 63015.007585006664
899, 63015.007585006664
619, 63012.18045321799
194, 63011.00939954495
699, 62368.530836897204
1058, 62289.87466761436
444, 62042.55474059425
366, 62032.278881461236
1401, 61961.32160227213
759, 61952.96383745117
556, 61891.4542201369
172, 61874.66759748747
397, 61785.67351201724
835, 61774.27116646198
600, 61728.82385805595
1002, 61683.01105544905
545, 61672.943407439016
398, 61654.96173069055
1403, 61545.626140943736
228, 61522.866546972546
500, 61254.107942889714
504, 61164.476754223455
61, 61119.29132590166
250, 60980.61889518259
645, 60900.72016248879
644, 60900.72016248879
63, 60900.72016248879
64, 60791.49559554139
868, 60441.26513282461
309, 59874.49219035992
270, 59245.26392332621
268, 59245.26392332621
1044, 58832.35695633151
1398, 58810.60054004901
834, 58796.05202799134
1382, 58782.69384693925
659, 58649.273643360066
1028, 58462.276500363696
424, 58318.65852298773
423, 58306.98453568107
471, 58214.68447390051
418, 58196.04321622083
1136, 58168.303216420914
1313, 58149.41631668063
1057, 57198.89945921418
558, 57103.72710681239
134, 57003.41840119712
1414, 56958.71570849114
238, 56922.898947948815
1076, 56903.627292681136
1075, 56767.00808340477
840, 56733.67943810926
546, 56216.14601999948
399, 55913.124900011055
701, 54628.14300773461
43, 54382.62007334718
45, 54366.848075018
745, 54192.16260213241
830, 53810.900680965446
920, 53172.726094777514
1302, 53141.79032560459
93, 53010.66061925763
142, 52971.62329312129
19, 52775.55161067067
1334, 52493.66551558677
1199, 52471.88218342575
5, 52414.74529688655
503, 52396.79185951549
919, 52334.076044407266
369, 52095.328893633
1003, 51980.798163107946
1373, 51957.68538212896
1147, 51945.35086457114
464, 51945.35086457114
1004, 51921.656449550355
145, 51903.77012407603
353, 51436.03230845274
1035, 51392.937114920554
661, 51173.74353298314
1029, 51146.062891651636
516, 50799.97327406294
269, 50712.592387471464
6, 50657.45728313946
1172, 50551.37450483227
74, 50467.95157691255
133, 49922.110737224706
932, 49721.645584408776
141, 49439.622034692155
690, 49431.13799418734
502, 49368.89426812763
765, 49357.112320901324
515, 49357.112320901324
514, 49357.112320901324
123, 49311.31211153585
1060, 49297.42880429272
739, 49259.18548428622
740, 49232.61060507444
1162, 48942.88842231752
829, 48942.88842231752
481, 48937.823206445544
828, 48861.84475846008
654, 48833.25391413467
1080, 48648.74030527883
1314, 48582.89012886898
274, 47870.39507802528
271, 47870.39507802528
1077, 47776.895699250446
1396, 47698.90755601075
1245, 47461.585789155
227, 47125.036088559726
362, 46789.9394655442
1074, 46481.690197675365
256, 46356.72741519254
831, 46191.62648241643
796, 45859.91888874797
852, 45815.944155917976
273, 45695.66718518185
794, 45610.73363852908
1190, 45443.82043923474
674, 45430.07030032926
1188, 45428.06055898318
139, 45396.89363929233
1404, 45377.852134205954
1228, 45367.92088409239
865, 45367.92088409239
1317, 45304.75210342098
815, 45288.74746762856
501, 45139.26610142194
1344, 44912.23531883816
1039, 44668.89584735906
1061, 44586.16556545063
700, 44427.611560896774
866, 44358.947902432184
302, 44336.98603852263
673, 44308.414047377046
992, 44304.73257367138
860, 44234.07335681789
562, 44225.397508639624
1085, 44213.30768860251
564, 44171.7513451684
451, 44095.59539128905
1234, 44094.66895802009
1086, 44089.609794999495
1399, 44029.072102766004
1288, 43683.1363957165
1397, 43653.04465233861
1109, 43629.437522628985
1081, 43618.03564838714
1110, 43474.90917669011
1108, 43474.90917669011
607, 43390.593573027116
1101, 43085.14607169329
151, 43047.31417238998
401, 43007.92291583268
1395, 42996.463275169684
861, 42980.13986569911
124, 42930.76787172674
149, 42930.376861162054
264, 42565.16529273017
1056, 42554.08037873615
922, 42437.65530004415
1106, 42291.216782403826
1105, 42291.216782403826
1102, 42291.21620609773
409, 42197.55035331751
391, 42185.14258168782
155, 42150.91976659563
1400, 42096.23899859464
1088, 42084.169581749105
1232, 42072.46526050056
437, 42043.73528952886
1018, 42023.28540407421
154, 42023.28540407421
571, 41897.285379359586
709, 41800.89786284481
554, 41771.37588675423
555, 41699.01296229695
855, 41644.44500574272
454, 41639.70921126328
1059, 41611.280420521434
856, 41580.69443327096
854, 41580.69443327096
442, 41426.37706430764
233, 41362.526615225026
1113, 41362.44178290691
1323, 40964.104258373874
168, 40803.09854207258
26, 40687.74163947289
434, 40641.7069464271
390, 40625.024571827176
72, 40561.91107668304
553, 40517.14574542801
419, 40466.93529473946
417, 40405.452759358384
167, 40405.26362899452
267, 40399.55148988889
1027, 40189.12428911786
410, 40170.45120784244
993, 39995.131193318215
187, 39913.80028824649
42, 39625.803872098244
647, 39547.66431416901
903, 39546.200735472106
1410, 39505.86099117592
122, 39472.989442036
1300, 39472.30153521717
574, 39457.15243979357
1015, 39402.00323956328
968, 39219.505659948816
1016, 39042.510069526186
1409, 39021.56911243369
1065, 39021.56911243369
85, 39021.56911243369
1408, 39014.39882232006
1407, 39011.525555567496
601, 39010.62704950329
86, 38985.53256870449
441, 38784.53405577252
1017, 38760.86556000836
783, 38617.00760520795
802, 38590.198609507206
801, 38590.198609507206
346, 38582.88657313915
970, 38437.697905592635
304, 37993.236448194766
1191, 37966.5218964115
1189, 37843.86973256386
565, 37741.16507653513
762, 37644.36627729045
772, 37603.85537788689
1066, 37583.26787209901
776, 37416.86543875574
1287, 37350.864933810066
420, 37259.93312270795
969, 37247.26980046164
415, 37203.03987865728
1155, 37173.07210069577
972, 37080.05154488524
967, 37080.05154488524
361, 37076.415007570955
1346, 37006.4877941911
853, 37001.52342817728
583, 36682.08874990368
222, 36409.84865125683
367, 36241.32545136677
116, 35996.688926711104
347, 35977.111897077426
858, 35937.58177569825
1290, 35807.269228016434
827, 35784.494118737144
1040, 35700.1767333609
971, 35494.85767172699
846, 35456.14105539586
517, 35455.60688768047
1342, 35408.33139247971
540, 35306.36204224129
1204, 35253.844926628095
495, 35138.489155415584
1201, 35113.35870564927
433, 35104.09664947485
204, 35101.47109813031
488, 35050.44318429557
509, 35036.69017005038
930, 34994.0515109249
277, 34932.31033731253
1274, 34924.081606554544
252, 34889.17593246396
1200, 34754.615822324915
1169, 34682.788087998604
885, 34362.99100898114
1224, 34340.67768485302
867, 34292.62107677574
781, 34277.78120618198
153, 34266.710152335734
231, 34119.5120915997
30, 34021.42107723934
220, 33945.59452999372
354, 33935.867324122366
299, 33904.58032370524
107, 33842.92495645855
584, 33806.627627659786
380, 33783.289602940116
978, 33753.21218066279
279, 33675.59764877643
450, 33580.20134386449
449, 33580.20134386449
278, 33564.31994605786
478, 33493.39250943104
771, 33459.91238073784
221, 33375.96008438358
106, 33323.63627115422
1111, 33318.9462768051
622, 33315.742163404466
621, 33315.742163404466
581, 33252.60170062528
1013, 32955.36775960225
1012, 32944.666965157856
618, 32937.93610427182
1137, 32862.68201450153
56, 32756.238641193864
1310, 32752.039679770016
557, 32541.811479264754
780, 32480.286381038997
534, 32411.11692874617
836, 32405.280652184414
29, 32285.229250655466
1217, 32208.019451292806
1216, 32208.019451292806
131, 32076.280545241032
536, 32052.130100744635
535, 32052.130100744635
395, 31945.173349937082
847, 31883.961161522202
1112, 31702.956210025655
1306, 31653.618202585076
596, 31639.100724956144
605, 31601.503941245683
977, 31545.74414890639
1052, 31486.57973337458
598, 31376.91097958543
178, 31338.174230124117
381, 31081.10521444412
173, 30994.722749266784
597, 30962.96202804652
