883, 99896.99193771869
599, 99827.9172143558
587, 99573.7834649998
1096, 99203.50303798357
766, 99119.61860066013
282, 98880.46392504108
995, 98713.10178677816
758, 98703.37226911724
198, 98588.61399275315
1097, 98422.7946434168
1340, 98283.31042633753
1116, 98256.97919781647
747, 97867.2253732664
669, 97690.60620096634
327, 97563.75836569286
746, 97426.8402591622
1374, 97355.45233904682
1198, 97319.52165696915
1195, 97305.05049599892
990, 97113.54760392987
896, 97066.45805330877
586, 96458.29056613705
887, 96433.49667147892
1387, 96379.72707714245
1386, 96190.88077342388
880, 96116.82363135165
707, 95888.1290737211
966, 95859.9520217583
1197, 95755.47286983638
1372, 95625.91941687668
1196, 95609.55738604796
806, 95523.51642304461
511, 95471.97550130829
1298, 95314.89417774712
1311, 95002.56284288818
1127, 94673.45656388073
1129, 94567.48305096831
658, 94357.46076526845
548, 94273.44300058839
547, 94240.44682211084
1380, 94199.98127116087
821, 94195.80001667913
1130, 93790.43859318072
1146, 93709.67695753287
340, 93549.15792525178
522, 93360.14161686921
96, 93341.36950065414
660, 93235.49882886132
1093, 93162.85081451382
510, 93162.85081451382
774, 93091.13140013158
773, 93091.13140013158
1237, 93040.62612798231
1024, 93040.62035091314
1023, 93040.62035091314
316, 92687.64730446001
280, 92362.94035267898
839, 92271.04546759475
175, 91884.61173447348
1054, 91800.80088751743
910, 91531.35352153423
1351, 91371.02364801298
1022, 91315.41609844427
1098, 91192.42798453385
431, 91132.22810901346
1064, 91094.0284823031
32, 90938.25717882483
1158, 90818.4186465722
344, 90490.24828179386
1128, 90396.96362412983
664, 90392.47321542981
1049, 90270.6079327263
784, 90230.91522742971
1156, 90082.85785873969
383, 89872.83929573487
1007, 89850.36449271895
1050, 89618.00178158416
624, 89401.63539455055
1021, 89355.67887396329
951, 88709.2511784751
1151, 88665.14383262406
117, 88131.0526914061
1242, 87953.87227373802
1241, 87953.87227373802
351, 87809.43018182862
755, 87372.5173486381
881, 87303.64553290322
1275, 87200.89250610137
1154, 86817.07137425976
66, 86784.05045170219
559, 86707.10733551899
296, 86655.15327774832
265, 86617.13041133752
440, 86576.1851724551
377, 86416.36338077168
953, 86225.64544917854
297, 86225.64544917854
336, 86159.02768070482
996, 85962.6313055174
1297, 85728.00897921555
1211, 85703.72957780448
91, 85653.65948447982
911, 85447.84423917027
163, 85350.78606437157
1269, 85100.0703398459
1251, 85079.64016110954
738, 84998.8218086667
292, 84995.37614497071
92, 84886.9244805553
933, 84797.36574496611
950, 84791.73207378632
917, 84525.06782123072
578, 84397.58251554646
626, 84318.84605592598
1118, 84131.49646468708
595, 84131.49646468708
34, 84044.9456549382
1296, 84044.07607892777
767, 83989.70971092385
1055, 83934.03304516639
1392, 83759.76293258942
339, 83720.71671979193
1268, 83618.59845414005
952, 83579.6309992853
1220, 82981.46194581331
378, 82704.71745432774
1352, 82106.22535151134
524, 82064.15933359033
1233, 81994.90071889902
941, 81872.4511812178
35, 81864.04959021015
959, 81816.52331043794
1215, 81802.48359249659
913, 81800.03749689256
893, 81698.15024253161
443, 81325.73773882198
301, 81299.68007629453
722, 81188.41227001819
760, 81163.83378228269
33, 80884.51818164767
284, 80881.10080334969
895, 80793.59576822072
627, 80728.7263822161
721, 80660.6046792816
688, 80571.38921587817
261, 80547.48844359905
542, 80422.2705204344
539, 80422.2705204344
686, 80384.47000772423
1420, 80297.02117639
823, 80118.45832895335
1336, 80047.07306841266
1339, 79769.40458481875
1230, 79759.80415139059
882, 79700.14772586846
389, 79525.20771299442
201, 79521.86404849442
687, 79520.87902525322
1295, 79243.42266871477
973, 79090.26311409546
982, 79040.22386048464
924, 79037.31088163452
804, 79019.88074535248
387, 78977.61240664455
785, 78969.19452037435
1364, 78847.85740040893
916, 78798.75379151576
1394, 78756.68566642868
838, 78724.77570278531
822, 78630.88107174216
1107, 78517.89742426747
162, 78357.56482187654
263, 78317.18578086616
388, 78269.25182456011
1070, 78225.69503675074
1071, 78225.6942684752
625, 78207.2881580847
805, 78120.18162261603
918, 78111.70827705818
439, 78012.31898228328
550, 77951.22782486347
608, 77826.1367302054
8, 77703.89326873893
115, 77557.04296127535
943, 77343.59617340601
912, 77284.31616671676
1265, 77227.75168219504
1126, 77165.6092878124
283, 77073.54515882023
1194, 77025.23081217817
262, 77025.1379927801
965, 76968.61256443962
906, 76967.35678812623
1267, 76962.72340346662
964, 76954.85335804171
963, 76954.85335804171
937, 76942.18209057747
962, 76913.57648963695
121, 76883.7923933397
1072, 76828.99166383213
1141, 76809.35347448093
1138, 76809.35347448093
521, 76686.17988378271
436, 76629.01420027466
735, 76610.92485446983
1140, 76523.14836603653
954, 76453.29203843545
803, 76419.23269262699
1139, 76380.655643289
1349, 76364.24944764808
1293, 76363.31819968043
1292, 76337.1387948958
914, 76210.73697765768
1338, 76157.08875835707
1337, 76157.08875835707
1218, 76086.07472805714
1219, 76054.19113609359
944, 75907.26715322715
1332, 75857.77725368665
1213, 75825.2865281705
646, 75686.31367142766
848, 75571.11810379174
945, 75445.27392176128
400, 75439.51214488377
505, 75267.56538237543
1393, 75228.65963723832
879, 75161.93351806377
878, 75161.93351806377
77, 75157.48879400965
23, 74974.57513766228
308, 74898.8215598375
1114, 74726.16551908846
24, 74681.08764764592
76, 74375.98553554201
25, 74273.62272270158
462, 74130.33479014218
1391, 74094.69292078428
1291, 74089.17168882869
499, 73968.97073736969
87, 73815.80033328132
333, 73739.37827378909
684, 73705.13648743313
974, 73519.79842917579
321, 73421.48196924567
84, 73412.8336644861
629, 73363.00646792339
1104, 73291.60442995025
1266, 73276.97110509638
1092, 73103.11100367573
1375, 73043.63535807654
685, 73018.36502984083
975, 72990.98874349953
506, 72974.38640650388
976, 72945.42328441961
635, 72943.74872657465
634, 72943.74872657465
1186, 72856.62567163323
52, 72777.79068485515
682, 72700.69334379159
725, 72578.20586302258
683, 72339.82535691913
678, 72201.1686342035
1341, 72107.74623559575
1006, 72057.36355816525
1252, 71922.18018921785
681, 71892.0095257486
1068, 71883.4668063523
407, 71758.40378698318
324, 71741.45132838098
810, 71653.57965864448
818, 71615.11773824526
1276, 71500.35713403847
294, 71460.75006912724
615, 71280.30644174406
406, 71264.21487913531
394, 71255.54321763787
529, 71195.44429137597
508, 70946.02897514842
842, 70857.72728955056
243, 70780.95365628347
650, 70716.47725164583
329, 70698.6767861981
507, 70656.97376978655
724, 70542.55136269453
372, 70436.04499259555
1212, 70305.6581090793
675, 70268.63051620637
1355, 70247.59931924785
392, 70246.59553571763
1359, 70229.99430805273
171, 70017.61053540387
957, 69890.25875782235
341, 69861.72983554394
841, 69827.71258091377
1210, 69790.6415508688
1261, 69725.26331776977
60, 69694.74326871111
843, 69554.68877189346
404, 69517.63665811553
95, 69230.59194975809
355, 69188.50007133423
1208, 68970.7041813911
229, 68955.62144395211
603, 68941.81401729691
230, 68931.67434309395
79, 68900.84499735893
1209, 68831.68036667934
1239, 68824.10606432515
1206, 68601.58690411448
111, 68493.21771940599
143, 68486.7046522319
323, 68458.27373610882
859, 68388.88885254518
376, 68331.31348781422
716, 68272.60839947568
925, 68184.44037561236
1047, 68111.7046703184
317, 68038.77121679108
736, 67997.5205135753
884, 67989.84955456946
447, 67935.30046837022
523, 67932.699438622
991, 67878.95648313456
319, 67866.25327329316
1131, 67827.68698575889
610, 67744.59887468077
988, 67725.9809977248
100, 67680.83351486856
1257, 67660.65674194972
714, 67615.29708021157
101, 67525.8798580478
543, 67523.5613228337
472, 67490.11161936531
979, 67303.9561946786
561, 67221.15964237209
1353, 67172.85550222766
1345, 67160.66908826807
1289, 67067.79393017874
82, 67067.79393017874
779, 67026.57197272977
723, 66923.7950040725
737, 66840.25880642586
1207, 66830.78660209614
764, 66768.83745198083
671, 66649.76111999908
75, 66609.57319190372
1365, 66528.48045927606
373, 66521.72724518781
1205, 66512.06002290634
1095, 66361.63564595359
1014, 66222.89684356276
907, 66080.03610283311
197, 66074.76443462029
130, 66074.51008468593
1254, 66022.9382601164
1361, 65760.47349743744
385, 65585.21353997834
998, 65262.846517452
1229, 65216.057909850635
1244, 65137.41974664504
715, 65126.344366820085
616, 65125.659694725415
677, 65118.505389932594
303, 65069.20101414604
57, 64885.011180554844
797, 64881.073791320785
1327, 64870.49829008707
894, 64848.07615779806
1243, 64809.82639569159
1153, 64647.330926402814
1226, 64596.10973619949
489, 64567.59413193478
551, 64507.993215461014
1045, 64390.368311019796
1167, 64299.332819900665
649, 64132.100200998546
585, 64059.563830594605
1053, 64052.719726788586
1042, 64051.47927796945
1203, 64048.56016015344
1033, 64028.14391614937
1335, 63989.754661984996
1041, 63865.23836929061
926, 63833.45653790354
375, 63526.238121126255
118, 63464.574108871355
652, 63389.5939903061
49, 63266.10277889109
9, 63245.36597238367
931, 63048.115642513716
648, 63042.80249399099
393, 62834.421381863125
1202, 62744.340812494636
1320, 62629.83824308852
602, 62620.10206657756
448, 62301.10614288847
1402, 62185.38084152231
300, 62144.66315000523
1142, 62071.51204290213
1073, 62004.192893966196
1331, 61919.67133935422
935, 61911.234039239236
1366, 61159.13495771589
532, 61101.798550378895
181, 60873.45815902789
946, 60862.20293209493
1377, 60812.64188389871
573, 60744.48199361556
541, 60726.88794754795
590, 60617.16717140719
1038, 60501.559702337014
128, 60321.26748935137
994, 60189.27862956246
1069, 60061.55920891558
126, 59883.430130606386
651, 59861.9609009585
1259, 59764.19939230945
1260, 59624.874255237955
614, 59588.61362772333
639, 59428.78855960827
789, 59350.54882332188
147, 59309.15940132758
1357, 59157.71120662306
928, 59131.018138838255
680, 59109.30989082169
708, 58966.529721244944
888, 58930.769633701595
631, 58895.08955422093
997, 58685.05783597944
873, 58685.05783597944
50, 58593.732303528355
196, 58590.24051956266
1358, 58540.994907206186
1294, 58528.71525028325
837, 58480.66107104874
312, 58470.6016932409
182, 58304.274472843106
572, 58183.03454742403
199, 58172.172872280484
298, 58160.17013880752
58, 58091.31715798649
1099, 57940.95570458436
144, 57840.07190467989
97, 57830.881774539754
851, 57674.646098891644
989, 57653.08380479268
403, 57653.08380479268
1325, 57553.20999334844
453, 57537.995245918675
452, 57537.995245918675
127, 57518.82313225592
1143, 57399.16389519347
1165, 57253.215144823174
628, 57145.46728025522
936, 57126.714388220345
718, 56934.610091404626
533, 56839.16154749028
1231, 56826.23631956486
844, 56774.377047988535
293, 56687.61941934854
1238, 56668.89786428242
849, 56580.0401263705
1089, 56531.50204908369
1164, 56501.3974907926
200, 56501.3974907926
549, 56491.59947169477
188, 56439.88958861776
1333, 56343.81325608682
202, 56205.6781022393
245, 56102.03139470955
1258, 56065.89188093393
138, 55896.31109089402
402, 55843.524806910005
1161, 55818.818361736514
232, 55809.462955469135
1091, 55547.26479445438
1090, 55547.26479445438
591, 55522.29922788766
357, 55310.16327866746
214, 55212.12331179122
679, 55163.01488759001
875, 54993.654464707244
567, 54913.82254214192
744, 54881.22690156274
1134, 54879.57580306889
1309, 54609.2828335529
1319, 54448.925032042294
493, 54439.12126677738
1048, 54403.926779742054
731, 54306.9755531868
457, 54289.049595748205
59, 53883.55000426769
129, 53873.76722002355
763, 53859.44438929097
666, 53842.44410756253
405, 53791.66476911934
1163, 53737.17626153012
657, 53556.038866216884
732, 53482.540278525536
630, 53482.4362985265
