926, 99802.97824125661
375, 99442.92136761436
1335, 99423.29048532284
1033, 99330.75672874732
118, 99291.90119170585
1053, 99271.66748583013
585, 99255.2323323974
652, 99108.49183966778
649, 99081.5951297081
49, 98806.951537263
9, 98756.38132796169
1045, 98471.38774256989
931, 98276.28232469187
648, 98263.37355883043
489, 98059.77158068448
1226, 97994.07355786231
1153, 97876.42932779487
393, 97758.05014528018
894, 97419.8428094084
1327, 97369.2834016013
797, 97345.46715026519
57, 97336.60502539878
602, 97240.26618671796
677, 96815.83032731849
616, 96800.02029704135
715, 96798.50771861708
1244, 96774.05095647537
998, 96498.51819589784
448, 96473.20772918942
1402, 96195.99830577134
300, 96098.59693611003
1142, 95923.78620081015
385, 95802.25245994377
1073, 95763.11065252023
1331, 95561.64563775064
935, 95541.55094819595
1254, 94883.3571156261
197, 94776.52311390483
907, 94765.67900113971
1014, 94473.40170337235
1095, 94192.4715018472
1205, 93891.07289902007
1366, 93762.18904152449
75, 93697.44040049381
671, 93618.03544276471
1207, 93263.19398831413
737, 93244.75355795286
181, 93092.41594071205
723, 93082.6661638588
946, 93066.09603001091
1377, 92950.260696657
779, 92884.56792468498
1289, 92805.52100343817
82, 92805.52100343817
573, 92791.118553995
541, 92750.06993770282
1353, 92605.09928657683
561, 92513.45100457025
590, 92494.36346429097
979, 92357.08556832733
1038, 92225.46408266124
472, 92008.83270373114
543, 91946.73684637024
101, 91942.43811366151
714, 91777.1823185905
1257, 91693.74447600622
100, 91656.7144691494
988, 91574.04422527774
610, 91540.02819635157
994, 91501.79434203295
1131, 91388.75534000831
319, 91318.83555543679
1069, 91206.94597720922
447, 91194.11906989398
884, 91096.0088878788
736, 91082.24168964814
317, 91008.33279835511
1047, 90878.1692751272
126, 90796.80794435376
925, 90749.00510248686
651, 90747.46058529486
716, 90593.29483226592
1259, 90522.98495634859
376, 90490.13591462439
859, 90389.36157966951
323, 90268.43921678087
1260, 90203.72515722462
614, 90120.76035574265
1206, 90020.46690818381
639, 89755.6941796119
1239, 89640.15795873532
1209, 89627.31229134816
789, 89577.34711413491
79, 89510.3126341375
147, 89483.09696279153
603, 89441.26332795159
1208, 89392.68500152702
1357, 89138.79560344966
928, 89078.20434325577
355, 89029.45076156182
680, 89028.94867362591
95, 88959.85318806797
888, 88624.53728286286
631, 88543.86635051912
843, 88430.37770715875
60, 88205.02362790488
1261, 88156.18750677152
997, 88069.99037369232
873, 88069.99037369232
341, 87939.00194821236
50, 87864.47005897615
196, 87856.61844932017
1358, 87745.9347538824
1294, 87718.3496514944
171, 87693.2520003365
837, 87610.45590047877
312, 87587.88123910739
1359, 87362.3632808278
392, 87336.68810751762
1355, 87335.13654592687
1212, 87245.56324713057
182, 87215.17945564307
572, 86944.1718677015
199, 86919.92001350816
58, 86739.52664259325
329, 86647.8228172097
650, 86621.10008838981
243, 86524.55573963295
1099, 86404.71993399024
97, 86160.16131443476
394, 85825.77611342802
851, 85813.82405483328
406, 85813.1989128316
615, 85789.87790591005
989, 85766.09746661047
403, 85766.09746661047
1325, 85545.26082463589
294, 85529.94655082781
453, 85511.6513504314
452, 85511.6513504314
1276, 85473.27756542548
127, 85469.31233246147
810, 85255.34181972436
1143, 85205.37072836646
324, 85131.27616470854
407, 85107.41748973033
1068, 84932.16397852912
1165, 84884.16109205196
1252, 84878.18340054838
628, 84647.5320939754
936, 84606.39205539862
678, 84492.8866297697
718, 84185.70127834105
1231, 83948.97162652729
844, 83835.84358707798
52, 83716.67477869772
293, 83646.80686347408
1238, 83606.05044537979
849, 83412.78351119382
1375, 83367.65001245828
1089, 83307.333982461
1164, 83241.97456772148
200, 83241.97456772148
549, 83220.7093904406
188, 83108.53839161938
1104, 83046.96237418633
629, 82955.47775625743
1333, 82900.38369692174
974, 82755.91179831694
202, 82601.69191650473
87, 82384.04875109847
245, 82378.02741394387
1258, 82300.1311015793
499, 82194.08983981649
1291, 82046.17813706238
462, 81995.75763965512
138, 81935.237694404
402, 81821.86584884947
1161, 81768.83678021727
232, 81748.7623523786
76, 81697.29604351876
1114, 81278.91550940259
1091, 81187.41841368384
1090, 81187.41841368384
591, 81134.09678047939
357, 80681.90626882286
214, 80473.4607345849
945, 80444.91536547049
679, 80369.17719686453
848, 80302.33096766697
1213, 80017.31851583885
875, 80010.18405969167
1332, 79981.16779424928
944, 79926.22507553104
567, 79841.31298329767
744, 79772.42642215214
1134, 79768.93803212573
1292, 79455.10601530163
1293, 79426.76419238815
1349, 79425.75675354821
803, 79366.36372772131
1309, 79199.15190375445
735, 79160.65305299692
436, 79141.34885632468
1072, 78929.16923824242
121, 78871.41503810923
1319, 78862.31137300344
493, 78841.74686954517
937, 78810.06169568474
906, 78783.66734083311
1048, 78767.94980861817
262, 78723.2186958338
1194, 78723.1217390046
731, 78564.87996400465
457, 78527.36850115821
943, 78393.32237172234
115, 78175.25414476704
8, 78026.61851535196
439, 77718.07994715846
59, 77681.7739794967
763, 77631.68314313705
666, 77596.36890144317
1071, 77507.4611750373
1070, 77507.46042080493
405, 77490.9448643873
263, 77417.85066927379
1163, 77377.9176354174
1107, 77222.71663750314
822, 77113.74069493775
838, 77023.64748981893
657, 77002.90235720586
916, 76952.96338609351
732, 76851.05213514694
630, 76850.83743861878
726, 76822.53123499712
924, 76726.8046934671
982, 76724.0597354833
1250, 76618.64736534285
1295, 76533.56048888939
201, 76275.61872966756
1087, 76088.39831765964
1339, 76049.25640951516
823, 75734.689390215
342, 75694.39557601037
1420, 75575.82125115299
31, 75529.84667906772
542, 75465.20235721782
539, 75465.20235721782
261, 75355.27682586205
874, 75274.0814136852
721, 75256.54221992135
627, 75197.33936411941
760, 74823.70441183865
722, 74802.82800365398
301, 74708.62269261049
893, 74375.27758895577
1215, 74289.01992992367
959, 74277.44462458573
35, 74238.3168951546
941, 74231.40899041286
234, 74196.4968760451
1182, 74187.88466843085
1178, 74187.88466843085
1233, 74131.03521001754
1181, 74044.96696015021
1180, 74044.96696015021
1179, 74044.96696015021
1177, 73879.21965944052
948, 73777.20497855042
247, 73772.51697107534
378, 73560.25044595903
1005, 73379.2983275521
1220, 73342.69613619798
952, 72881.67838711968
1055, 72614.31723564812
767, 72572.69699675377
207, 72509.93545226936
287, 72467.10096939854
386, 72460.69824243465
203, 72299.63905424622
578, 72270.90659185524
787, 72270.29429584269
788, 72056.84151360545
1214, 71992.03527434352
950, 71984.3705584226
292, 71838.24812096437
738, 71835.78683957967
132, 71824.91451976579
328, 71822.18375167617
371, 71636.78150134171
1000, 71609.54479744559
566, 71570.47902246586
911, 71518.164359779
863, 71451.31187022835
996, 71161.48483749844
336, 71027.45723570282
1416, 70974.9525522966
1354, 70967.75269155727
377, 70853.52063967966
440, 70746.44082914905
265, 70719.1232232303
296, 70693.79732569859
559, 70659.25745082133
1322, 70624.27289069814
66, 70608.24224693881
1154, 70586.39882972915
1275, 70334.6929031162
755, 70223.43367826888
938, 69759.21479095463
1151, 69410.1347003971
206, 69369.17253930359
638, 69353.87684700261
225, 69353.87684700261
482, 69121.79538104314
1021, 68992.74956265803
624, 68965.37708645941
1050, 68837.17260313418
1156, 68565.39784034151
1049, 68457.02645499447
664, 68387.10770888302
344, 68331.24941474154
733, 68296.36095647457
1064, 67990.95276939424
431, 67969.68785569617
1098, 67936.23897408016
1022, 67868.14201474561
1054, 67602.48321949363
1124, 67580.74640128169
175, 67557.10529204713
839, 67349.72205702789
280, 67300.84731396474
1303, 67170.20653373338
588, 67105.61350496866
1024, 66945.54622261098
1023, 66945.54622261098
1237, 66945.54323168473
1305, 66920.4046752918
522, 66781.09356926699
337, 66695.15405963782
340, 66684.71561085014
1367, 66675.32694352548
314, 66633.98409974015
1249, 66518.32998637816
547, 66337.84299784408
548, 66321.50297554667
1129, 66176.74747760422
1127, 66124.95125959105
520, 65815.31137154032
632, 65812.6673738484
806, 65716.49016306181
1372, 65668.11130484063
966, 65558.19931323391
707, 65545.02705415663
880, 65438.5967509763
887, 65292.62062141008
1150, 65276.068392809924
174, 65196.59151225954
942, 65094.2405668589
896, 65005.61191751445
990, 64984.50930430787
746, 64844.97597589707
327, 64784.46405368762
669, 64728.65441858838
747, 64651.34686669434
1097, 64411.162926639634
1185, 64406.58286230837
198, 64340.34270797918
758, 64291.56037112648
995, 64287.43308504585
7, 64110.92688447244
587, 63927.57021984493
883, 63795.05659265451
1324, 63696.72463607312
599, 63683.13262012502
980, 63677.449785639816
1284, 63561.786855596256
1360, 63544.295977252
1096, 63428.44828029022
766, 63394.14560397285
282, 63296.23363593189
0, 63156.339923478
458, 63069.48317900508
1340, 63051.00814462514
668, 63044.131781189564
1116, 63040.17043897091
490, 63028.12919493402
1145, 62739.77882832085
1115, 62683.081945234844
1374, 62667.84976235798
1198, 62652.959868447666
1195, 62646.96182464131
1025, 62408.73835965527
586, 62294.88474323207
1387, 62262.10755366286
1, 62241.203265669654
1386, 62183.24223272056
734, 62074.740677030895
1197, 62000.99086588562
1196, 61939.783346530785
511, 61882.01124840964
1298, 61815.979461774994
119, 61734.719721871115
1311, 61684.458197343054
208, 61657.786816908745
778, 61446.54464453166
658, 61411.846314009636
1380, 61345.09973973997
821, 61343.326483711426
753, 61216.13856338713
1130, 61171.15298692335
1146, 61136.78837960162
71, 61078.236048001454
96, 60979.80973020132
660, 60934.606416061135
1093, 60903.56750881093
510, 60903.56750881093
774, 60872.908899943235
773, 60872.908899943235
213, 60776.88860395342
316, 60700.12237284591
148, 60688.03394018748
1411, 60669.524287834676
892, 60662.321254704475
1350, 60589.76819085559
665, 60539.64357297435
1125, 60465.37318943879
910, 60202.06724189109
1351, 60132.667485009384
120, 60073.86456235456
32, 59944.92551033836
1158, 59892.829654659196
592, 59731.806198407714
1128, 59709.24352930844
1368, 59668.1636343337
784, 59636.75303853208
109, 59619.75693919849
383, 59480.122244993094
1007, 59470.27716150462
70, 59385.89907263515
1301, 59283.87828350665
1329, 59200.00145748445
667, 59076.145844699044
951, 58968.21446257792
496, 58753.60551503539
117, 58712.16424608179
1242, 58633.476784424165
1241, 58633.476784424165
351, 58569.25047612579
311, 58466.27012189244
676, 58395.746947413696
1405, 58348.77364967016
881, 58343.797245065456
326, 58158.22294679965
486, 57928.93825418012
953, 57860.37581016027
297, 57860.37581016027
728, 57660.094476403814
1321, 57653.720760303186
1297, 57635.87024325651
1211, 57624.894889745825
729, 57613.08317260582
91, 57602.25457890653
370, 57519.39884007793
163, 57465.11857084584
958, 57395.38853972331
1269, 57351.357900876785
1251, 57342.07820514674
92, 57254.47228522187
1388, 57240.39348872298
933, 57213.7160213259
741, 57152.07170913157
917, 57089.62687364656
983, 57081.55420561835
241, 57008.436974513475
626, 56995.4765295632
1118, 56909.8127902942
595, 56909.8127902942
34, 56870.19659104243
1296, 56869.798433212556
1392, 56739.47533401759
339, 56721.55508730813
757, 56680.13988377135
1268, 56674.662447722956
670, 56507.96337487258
582, 56191.47960614176
211, 56037.31789838574
212, 56007.65648270722
1352, 55975.835726993595
524, 55956.281024196374
913, 55833.35612592132
497, 55793.33688634462
443, 55611.97863040045
315, 55558.79590995448
286, 55456.1840341257
33, 55405.3069112198
284, 55403.70340458403
895, 55362.6296353421
688, 55258.202698852896
686, 55170.21896455835
51, 55081.349153866664
