750, 99668.45470071345
1084, 99422.90607740953
1082, 99422.90607740953
751, 99416.25401083266
1299, 99193.96974647512
4, 99071.81520069139
15, 98821.2433940195
137, 98815.0495558869
112, 98795.42903633812
65, 98561.57039997618
62, 98561.57039997618
363, 98526.00784246359
1020, 98416.06270393622
1318, 98219.53415211059
364, 98198.8694782383
845, 98081.58762215482
799, 98052.01501309907
798, 98052.01501309907
633, 97599.42524623351
1419, 97592.11815705699
1379, 97513.50073627301
136, 97393.54265744115
102, 97389.53030740545
239, 97261.76334343539
21, 97261.76334343539
612, 97175.08016694376
692, 97161.07180134676
609, 97134.39714334125
135, 96282.12615281878
1236, 96121.90240957912
350, 95772.99570418477
425, 95714.1240815219
348, 95700.51305832925
416, 94990.0716747611
461, 94853.95948793553
3, 94739.11323361173
2, 94739.11323361173
396, 94467.31434515948
44, 94467.31434515948
291, 94140.5378628778
544, 94092.7157518067
754, 93940.83503674026
698, 93789.18511645413
1286, 93731.6351941878
1148, 93672.49581395251
1308, 93567.23450617214
1149, 93553.32757574742
217, 93479.77533907427
156, 93339.4900780165
712, 93271.49742826319
1193, 93221.50766930403
1144, 93214.66639325382
1285, 93171.84347611341
1362, 92841.23371059205
1246, 92293.92004155535
811, 92268.88042628617
272, 91777.1942255992
411, 91485.10286507307
613, 91385.99080578522
426, 91366.35026694693
414, 91366.35026694693
1100, 91275.65658120855
352, 91220.13669297972
479, 91188.70152846219
1348, 91163.5243672716
1255, 91133.80908103472
1413, 90959.59645760812
422, 90917.56155265459
413, 90917.56155265459
219, 90860.03246111245
955, 90770.32417709596
177, 90526.39164696177
643, 90477.99965272621
412, 90216.43692474107
108, 90135.68145443691
512, 89910.32376645849
984, 89870.08815123752
480, 89823.84672066286
915, 89671.25589012129
1117, 89289.45976081202
636, 89044.78737009774
428, 88782.0907423891
987, 88211.16325543444
985, 88211.16325543444
986, 87898.3978556609
382, 87363.9979534799
1262, 87324.11211602128
427, 87142.27642034768
1103, 87059.75108222877
421, 86990.30490746383
470, 86851.46095804137
575, 86773.49656077009
775, 86518.01117218685
179, 86424.09799624319
1312, 86330.24782617985
812, 86283.4749808296
41, 85857.70673492747
189, 85703.99693923649
813, 85369.2336583834
435, 85363.77676393035
961, 84941.9273231381
908, 84690.29295076497
176, 84676.08553251749
46, 84577.65565849048
513, 84311.72781203195
11, 84269.19227137197
459, 84265.60346492335
473, 84239.09027987583
1192, 84206.73509099521
20, 84180.44586170328
705, 84132.40555825978
703, 84132.40555825978
696, 83904.16078250305
518, 83679.67108275082
246, 83359.0570034912
242, 83331.18313485594
662, 83224.25580404369
1036, 82997.07332685709
663, 82940.2107644459
285, 82832.9439679918
358, 82041.99027814157
169, 81933.13037772795
1067, 81888.20849116311
158, 81466.4543296292
157, 81466.4543296292
218, 81159.13725143197
170, 81138.9919983213
53, 81138.9919983213
88, 81011.89566220957
795, 80552.48570981869
251, 80124.81152955745
1240, 80092.43543697354
1152, 79861.14176413008
210, 79605.08606006761
146, 79605.08606006761
55, 79585.77538401578
697, 79319.73979750433
159, 79112.0266704364
160, 79101.97416697282
161, 79095.08779373414
216, 79055.6487762217
695, 79017.09854566303
782, 78851.12115148838
594, 78575.76469118397
791, 78415.58148691911
39, 78392.35003905855
704, 78252.30427600222
702, 78252.30427600222
1173, 78100.85304398596
305, 78054.80373116267
1170, 77700.40218963333
620, 77609.50620726595
656, 77506.05303513349
694, 77235.3658655531
691, 77200.94286235877
40, 77056.86321217293
604, 76672.25140445658
180, 76600.73802465282
606, 76500.9865492134
1381, 76410.30862673826
330, 76306.74793243513
1043, 76281.0724479004
249, 75966.45390170238
209, 75653.53774676331
460, 75544.03711193024
1264, 75467.61602492847
1263, 75467.61602492847
192, 75272.92954278219
191, 75272.92954278219
749, 75261.80898233147
905, 75051.94231562216
899, 75051.94231562216
619, 75047.93200309832
194, 75046.27087279195
706, 74322.68630889518
1280, 74283.79626597751
693, 74234.67282484201
699, 74136.69479989355
1058, 74025.58180073032
444, 73676.55152549659
366, 73662.06100820165
1401, 73562.02506115792
759, 73550.24506398117
556, 73463.56756152402
172, 73439.9179528011
397, 73314.57987971243
835, 73298.52583849538
600, 73234.54885109318
1002, 73170.07511991373
545, 73155.9090071875
398, 73130.6092658919
1403, 72976.83610300753
228, 72944.8390224953
500, 72567.33088773814
504, 72441.56766402566
61, 72378.1928928457
250, 72183.8057654933
645, 72071.87969428755
644, 72071.87969428755
63, 72071.87969428755
64, 71918.95968321871
868, 71429.29665502055
309, 70639.06389697245
164, 69983.70068182379
270, 69764.89644544816
268, 69764.89644544816
1389, 69714.43235277537
653, 69201.59612189936
1044, 69193.04696067276
1398, 69162.95493015993
834, 69142.83458075073
1382, 69124.36198225364
659, 68939.94049652344
1028, 68681.70935775716
424, 68483.5780545451
423, 68467.48042611222
471, 68340.24450540272
418, 68314.55599140207
1136, 68276.33428726223
1313, 68250.31449813172
1057, 66944.60362001623
558, 66814.2738876205
134, 66676.9903340879
1414, 66615.83616534788
238, 66566.84987024771
1076, 66540.49650384996
1075, 66353.76078799498
840, 66308.22910769942
546, 65602.3614532988
399, 65190.07504372014
701, 63449.95345973129
43, 63118.96968099863
45, 63097.72422601284
745, 62862.54885716862
830, 62350.1055007289
920, 61494.92694870372
1302, 61453.55346402816
93, 61278.26426913025
142, 61226.106781412185
19, 60964.31791291038
1334, 60588.480721293025
1199, 60559.46303043156
5, 60483.3683261334
503, 60459.463274233945
919, 60375.976771182075
369, 60058.44069467668
1003, 59906.27153375498
1373, 59875.57555709045
1147, 59859.19584488165
464, 59859.19584488165
1004, 59827.73399894679
145, 59803.987128732464
353, 59183.87580795477
1035, 59126.827086808255
661, 58836.884871986884
1029, 58800.296259828836
516, 58343.33055196767
269, 58228.10176212473
6, 58155.425618789195
1172, 58015.65882689061
74, 57905.80779649533
133, 57188.36510635295
932, 56925.4505604389
141, 56556.08993900355
690, 56544.98795812723
502, 56463.55430787231
765, 56448.14327296421
515, 56448.14327296421
514, 56448.14327296421
123, 56388.24567503906
1060, 56370.092214052704
739, 56320.09380245559
740, 56285.356986951796
1162, 55907.00074237557
829, 55907.00074237557
481, 55900.39160529484
828, 55801.27762808234
654, 55763.99217216904
1080, 55523.51605110292
1314, 55437.756085095694
274, 54511.93150416779
271, 54511.93150416779
1077, 54390.721023887556
1396, 54289.66918258845
1245, 53982.4441246335
227, 53547.486546089094
362, 53115.24732637841
1074, 52718.37675518796
256, 52557.68844206589
831, 52345.56452066101
796, 51919.992190694444
852, 51863.63480283528
273, 51709.562479414395
794, 51600.82864126796
1190, 51387.29748945152
674, 51369.71615701762
1188, 51367.14655911116
139, 51327.30122979764
1404, 51302.96114630888
1228, 51290.2674383216
865, 51290.2674383216
1317, 51209.544727671804
815, 51189.097232574946
501, 50998.210973618785
1344, 50708.60853383211
1039, 50398.62185825164
1061, 50293.33159079043
700, 50091.68070497283
866, 50004.4103684991
302, 49976.50447199001
673, 49940.20466389976
992, 49935.52790112334
860, 49845.7850522224
562, 49834.768539244156
1085, 49819.41791012744
564, 49766.66130311528
451, 49670.01242718628
1234, 49668.83695839126
1086, 49662.41794645355
1399, 49585.622811848145
1288, 49147.296589623664
1397, 49109.20916816887
1109, 49079.3339810785
1081, 49064.90617943832
1110, 48883.87566631568
1108, 48883.87566631568
607, 48777.30024235426
1101, 48391.64295504171
151, 48343.92335715963
401, 48294.247816199146
1395, 48279.79838832004
861, 48259.2178825251
124, 48196.98150514291
149, 48196.48868281762
264, 47736.663280956236
1056, 47722.72163477211
922, 47576.34551422458
1106, 47392.3728509319
1105, 47392.3728509319
1102, 47392.372127213246
409, 47274.77902943851
391, 47259.20636369786
155, 47216.25992453461
1400, 47147.658053369996
1088, 47132.518780984516
1232, 47117.83846109696
437, 47081.807618290186
1018, 47056.16459430592
154, 47056.16459430592
571, 46898.233460564064
709, 46777.495802400364
554, 46740.52902218998
555, 46649.94401881376
855, 46581.65970927795
454, 46575.73451286395
1059, 46540.16914631483
856, 46501.911482384814
854, 46501.911482384814
442, 46308.989273552346
233, 46229.215200630264
1113, 46229.109231309114
1323, 45732.08437345947
168, 45531.50894535434
26, 45387.91400952113
434, 45330.636810737866
390, 45309.88399343777
72, 45231.38880087995
553, 45175.7305367743
419, 45113.31899307184
417, 45036.920473686296
167, 45036.68550042569
267, 45029.588927174445
1027, 44768.32131063901
410, 44745.15176433291
993, 44527.73439021499
187, 44426.947864126196
42, 44070.431312761924
647, 43973.80101165451
903, 43971.99150320225
1410, 43922.12300351822
122, 43881.495198187346
1300, 43880.64505600322
574, 43861.9240495307
1015, 43793.78511501554
968, 43568.453918378844
1016, 43350.13808489596
1409, 43324.32283487807
1065, 43324.32283487807
85, 43324.32283487807
1408, 43315.48426424142
1407, 43311.94258740242
601, 43310.83507303784
86, 43279.90544673292
441, 43032.32751268148
1017, 43003.19257133487
783, 42826.193100797886
802, 42793.22382634736
801, 42793.22382634736
346, 42784.232466824214
970, 42605.77576721487
304, 42060.379562751434
1191, 42027.64179994033
1189, 41877.3990290544
565, 41751.670784943584
762, 41633.238874612915
772, 41583.69353827502
1066, 41558.51909088476
776, 41355.148859330846
1287, 41274.53847217059
420, 41163.526987340956
969, 41148.071837812684
415, 41094.0993725827
1155, 41057.53820698325
972, 40944.0908754375
967, 40944.0908754375
361, 40939.65698031474
1346, 40854.41494453861
853, 40848.364601636946
583, 40459.40671353774
222, 40128.46522014238
367, 39923.857602762306
116, 39627.183000272045
347, 39603.45919950395
858, 39555.56381090456
1290, 39397.74993647824
827, 39370.180162397184
1040, 39268.14270092414
971, 39019.87529682313
846, 38973.09195634712
517, 38972.44656404871
1342, 38915.33498795596
540, 38792.201432475435
1204, 38728.811541960335
495, 38589.638655376846
1201, 38559.33151140803
433, 38548.16261110333
204, 38544.9966243729
488, 38483.47450762792
509, 38466.89610332638
930, 38415.5059467159
277, 38341.11422141029
1274, 38331.20139024509
252, 38289.15695155914
1200, 38127.15385301705
1169, 38040.72696655074
885, 37656.35069525774
1224, 37629.557050786374
867, 37571.862419563775
781, 37554.04945401256
153, 37540.76132918002
231, 37364.16356305919
30, 37246.56137221101
220, 37155.69629493836
354, 37144.04268952128
299, 37106.56381758566
107, 37032.72562767207
584, 36989.267967586704
380, 36961.33071819781
978, 36925.33129297231
279, 36832.462931754
450, 36718.373048552225
449, 36718.373048552225
278, 36699.38546062194
478, 36614.60604264255
771, 36574.598938332056
221, 36474.312847090565
106, 36411.83257819834
1111, 36406.233107731096
622, 36402.40774182251
621, 36402.40774182251
581, 36327.038743239995
1013, 35972.59414507502
1012, 35959.84461135834
618, 35951.82547010553
1137, 35862.18823493012
56, 35735.46454322884
1310, 35730.46710272186
557, 35480.4105573519
780, 35407.28452695888
534, 35325.10255808175
836, 35318.16977359296
29, 35175.6131374276
1217, 35083.97947307579
1216, 35083.97947307579
131, 34927.720444418184
536, 34899.087333190306
535, 34899.087333190306
395, 34772.32394412507
847, 34699.810054669186
1112, 34485.52966799151
1306, 34427.15874395306
596, 34409.98640872895
605, 34365.52059547352
977, 34299.59038223391
1052, 34229.656797110285
598, 34100.08655761527
178, 34054.3390713266
381, 33750.99284325104
173, 33649.1566582659
597, 33611.726203730985
