733, 99818.54695370929
1124, 98649.80950892925
482, 98106.25450099449
1303, 97777.4596985144
638, 97642.49771044326
225, 97642.49771044326
588, 97640.64916947045
206, 97612.19546284247
1305, 97249.0333481086
938, 96850.20735579204
337, 96774.07288366825
1367, 96732.33496327687
314, 96645.34042190682
1249, 96402.23648332867
1322, 95230.75752808133
520, 94932.62963364153
632, 94927.12877487684
1354, 94613.28799404792
1416, 94600.49407870695
1150, 93814.76230476297
863, 93767.26579427016
174, 93650.68667444376
566, 93562.82525873395
1000, 93496.14632515828
371, 93449.75685019707
942, 93439.64581236667
328, 93136.1275117065
132, 93131.5358906638
1214, 92852.05051835209
788, 92744.4692486011
787, 92393.2365213458
203, 92345.31951747723
386, 92083.89553055662
287, 92073.55744346257
1185, 92029.20027111782
207, 92004.50180846664
7, 91426.74713837031
1005, 90641.90267443557
1324, 90586.70508662303
980, 90547.72612499133
1284, 90314.03338696904
1360, 90278.72485969319
247, 90049.01296132973
948, 90042.02909808658
1177, 89890.54137189547
1181, 89646.38088716504
1180, 89646.38088716504
1179, 89646.38088716504
0, 89497.66177467981
1182, 89437.7823324012
1178, 89437.7823324012
234, 89425.26881568434
458, 89323.34307426822
668, 89272.50130654662
490, 89240.41716769586
1145, 88663.45234203032
1115, 88550.2643490504
1025, 88003.76433503978
874, 87908.51984903154
1, 87670.99782693949
31, 87562.24150274487
342, 87342.12466269472
734, 87341.08569539373
1087, 86823.35164997948
119, 86669.43136119352
208, 86517.87766819526
1250, 86143.07759935544
778, 86102.52503094965
726, 85886.80239288977
630, 85851.45002742195
732, 85851.1820979342
657, 85662.47188671592
753, 85650.79617679604
71, 85381.0763944963
1163, 85203.09325183729
405, 85066.46866791356
666, 84939.78610094448
763, 84897.511880366
59, 84837.6867124184
213, 84793.36238164258
148, 84620.50967268093
1411, 84584.52718653501
892, 84570.52693751016
1350, 84429.58147002492
665, 84332.28425162537
1125, 84188.23389687216
457, 83851.58418553881
731, 83808.85587816025
1048, 83579.00057453263
493, 83496.07346806167
1319, 83473.02167695404
120, 83431.1765219187
1309, 83098.93185973304
592, 82772.87418100571
1368, 82650.71278468023
109, 82557.86370365229
1134, 82480.76509340935
744, 82477.03582065052
567, 82403.5281123269
875, 82224.41436205019
70, 82110.11580379184
1301, 81915.20768178142
679, 81848.69471861282
1329, 81755.15485613179
214, 81740.81885211851
357, 81526.87316502402
667, 81519.13067143738
591, 81070.30619661977
1091, 81017.13823417282
1090, 81017.13823417282
496, 80906.24574890682
232, 80465.76313073725
1161, 80446.32334362563
402, 80395.06171804047
311, 80362.38952404734
138, 80285.90918402233
676, 80229.21209848752
1405, 80140.57346070191
1258, 79938.62040578335
245, 79865.26711861641
326, 79781.55018030696
202, 79656.15748871889
1333, 79380.3474076161
486, 79350.70461903514
188, 79190.42784136094
549, 79088.85175200306
1164, 79069.65532787856
200, 79069.65532787856
1089, 79010.77384945645
849, 78916.1542682763
728, 78847.12779279298
1321, 78835.20999173252
729, 78759.2471423075
1238, 78743.93954132915
293, 78707.8198562033
370, 78584.27507677626
844, 78541.178660458
1231, 78442.14746297697
958, 78352.98467179532
718, 78236.57815829168
1388, 78064.41752281282
741, 77900.23568306255
936, 77876.71370871592
628, 77841.8905461634
983, 77769.28251019941
1165, 77642.84986648038
241, 77633.62533397487
1143, 77376.03937800444
127, 77159.65423424447
453, 77125.18022908895
452, 77125.18022908895
1325, 77097.86033650179
757, 77026.07172653546
989, 76919.36062370757
403, 76919.36062370757
851, 76881.01266548692
670, 76708.44702534712
97, 76605.13759985335
1099, 76412.84469110561
58, 76152.89314065638
582, 76126.4110023696
199, 76014.38783245739
572, 75995.8494929449
211, 75843.73835201998
182, 75789.99958574666
212, 75789.41389258602
312, 75510.77977321557
837, 75494.0093999388
1294, 75414.0784786114
497, 75397.49373269075
1358, 75393.70127259426
196, 75312.17784456481
50, 75306.40927585727
997, 75156.0917421482
873, 75156.0917421482
315, 74969.80593088889
631, 74814.40535391618
286, 74783.08861129353
888, 74756.90888450602
680, 74471.55753786532
928, 74437.12781132918
1357, 74394.87025612115
147, 74156.73452869258
51, 74103.06341287126
789, 74092.12961824921
639, 73970.55673224032
614, 73724.43210989072
1171, 73699.37369234077
1260, 73669.00263246674
1079, 73596.91212649111
193, 73596.91212649111
756, 73544.15200471817
1259, 73457.4193482607
904, 73398.23699940267
902, 73398.23699940267
901, 73398.23699940267
900, 73398.23699940267
651, 73310.26391561049
126, 73278.09045472639
1069, 73013.11443804306
994, 72825.25885352265
1034, 72632.57508768766
166, 72513.08789912221
1038, 72373.27779709546
590, 72208.54104517013
541, 72053.46110445906
573, 72028.70750637203
1377, 71933.10646641145
889, 71928.51314519078
946, 71863.88537314632
897, 71848.51747768396
181, 71848.19962643729
1328, 71701.99591436183
1279, 71701.99591436183
1366, 71454.25999157008
360, 70749.17516240093
956, 70715.423731031
494, 70669.73244768898
935, 70454.3061987788
1331, 70443.3829169065
446, 70422.18555515596
1073, 70334.30792291762
1142, 70247.88564504712
110, 70173.88288994198
300, 70154.42837567086
1402, 70102.61041804892
448, 69956.12169973468
761, 69641.17293507118
602, 69558.24368976455
1008, 69432.69540741832
393, 69295.69805398154
1304, 69162.96399772835
1122, 69068.86573957378
648, 69044.01294583992
931, 69037.64123139485
1184, 68946.07800132957
9, 68802.67352580641
579, 68797.54150228084
49, 68778.149154562
652, 68632.79442591078
118, 68545.11353284435
492, 68476.24271521172
375, 68473.32663293363
498, 68330.28435334133
926, 68119.94703196545
1335, 67942.84929320021
1033, 67899.62385135639
1053, 67872.00806390113
585, 67864.3251269581
649, 67783.10580126826
1045, 67496.96478139436
489, 67303.31714676833
1226, 67272.36186537673
1153, 67216.89829196934
864, 67115.82753651959
894, 67001.24361854413
1327, 66977.32460637591
797, 66966.05475452992
57, 66961.86075706276
1078, 66811.57089018768
677, 66714.98513128153
332, 66712.32116899795
616, 66707.47739878578
715, 66706.75907846974
1244, 66695.14364477416
730, 66640.49923293848
1183, 66566.20137371164
998, 66564.15660606541
870, 66401.7596610005
1046, 66265.59336751264
385, 66232.11864358984
1254, 65791.62509704854
197, 65740.2419625797
907, 65735.02436836033
1415, 65710.38130059079
1014, 65594.25858312308
1095, 65458.70658233174
1205, 65313.00380906948
1123, 65266.43722326551
75, 65219.24724995599
671, 65180.76542971325
48, 65039.61607871095
1207, 65008.556953203064
737, 64999.59675636502
723, 64920.792351343545
779, 64824.367199051034
1289, 64785.8560861571
82, 64785.8560861571
1353, 64688.12317930096
561, 64643.389644506286
979, 64567.00599072721
1225, 64536.81345043823
472, 64396.606384701874
568, 64386.24604731723
543, 64366.18230023807
101, 64364.075664766606
714, 64283.045645293336
1257, 64242.100274005796
100, 64223.92142639091
988, 64183.320911392315
610, 64166.60879516485
1030, 64118.24190824694
1131, 64092.243250574385
319, 64057.845918683466
447, 63996.45206501097
884, 63948.12041959462
736, 63941.33585480246
317, 63904.90262267404
1047, 63840.6959214938
925, 63776.92806281685
716, 63699.982737115875
376, 63648.962775599124
859, 63599.088843945196
323, 63539.19998911918
1206, 63416.23875499044
1239, 63227.266711615805
1209, 63220.87556765138
79, 63162.63951648316
603, 63128.24950366913
1208, 63104.04570162451
355, 62922.82137484182
95, 62888.04833555211
843, 62622.9834567971
60, 62509.88593625421
1261, 62485.35455587788
349, 62483.95124380741
341, 62376.1618826147
171, 62252.418892568254
1133, 62123.98994562509
1359, 62085.487606366776
392, 62072.51934485232
1355, 62071.73559664798
1212, 62026.47531979646
927, 62005.70027384473
769, 61865.62336868841
322, 61779.90199456972
329, 61723.75535081454
650, 61710.193820270055
243, 61661.178424333055
655, 61496.47627226653
394, 61305.46998981621
406, 61299.05250064669
615, 61287.15158559149
871, 61214.55121346395
38, 61185.15287403052
294, 61154.38113370206
1276, 61125.40461540088
869, 61063.84754253217
810, 61013.86560190163
324, 60950.29662911866
617, 60945.63919698736
407, 60938.065846313235
253, 60883.560249598115
1068, 60848.16510393925
1252, 60820.453197561794
1132, 60816.124720757216
678, 60622.363603314676
569, 60587.64044945928
689, 60552.2881665159
244, 60355.664262253675
52, 60221.74203119393
1375, 60040.92165029976
54, 59922.9091297597
1104, 59874.408134235855
629, 59826.83995202367
1019, 59820.38182034666
445, 59820.38182034666
974, 59722.97241279699
87, 59529.0574661759
947, 59511.890887127774
114, 59467.731172765336
641, 59454.787943661344
499, 59429.8123111091
1291, 59352.4469463477
462, 59326.05681821387
76, 59169.65783240257
1011, 59166.43784269846
1114, 58949.888074562805
78, 58570.23681715955
1227, 58563.35000148358
945, 58509.93915291369
848, 58434.47441929014
81, 58414.0777215309
1213, 58283.4087514901
1332, 58264.22682741541
944, 58235.0646698003
1292, 57984.55961880481
1293, 57969.46400604098
1349, 57968.92736361016
803, 57937.28339105647
735, 57827.58401602528
436, 57817.28177667944
1072, 57703.95671945612
121, 57673.08184773877
937, 57640.269591844575
906, 57626.149458591666
262, 57593.80179756557
1194, 57593.749902703996
408, 57548.58346246815
528, 57518.91195118831
943, 57417.030382764446
115, 57299.962144682635
8, 57220.068258729065
105, 57078.895100994196
103, 57078.895100994196
83, 57076.242596451186
237, 57055.75203870305
439, 57053.9647478579
104, 57052.393447935276
1071, 56940.37538647506
1070, 56940.37497941471
263, 56891.997619723814
1107, 56786.54837162899
822, 56727.59703629466
838, 56678.8271853517
916, 56640.54289614807
924, 56517.92483667435
982, 56516.43541392126
1295, 56413.00131440814
190, 56403.620489515175
1120, 56332.04236399966
201, 56272.73247289055
1339, 56149.43141795774
1272, 56111.04122796369
519, 56026.81250650645
823, 55977.76541813493
476, 55940.60921792544
1420, 55890.92619112354
542, 55830.40439952606
539, 55830.40439952606
261, 55770.2162120795
721, 55716.11653986076
627, 55683.659827133546
760, 55478.51601421633
722, 55467.03822171813
1256, 55449.68715632157
301, 55415.22379366178
1270, 55378.95631100267
99, 55319.5614574589
893, 55231.6073698522
1215, 55184.025062747445
959, 55177.63761515967
35, 55156.04248751966
941, 55152.22931294814
1233, 55096.80223575155
872, 55061.3051638688
378, 54780.87688145352
467, 54771.27386108229
469, 54749.92795629364
468, 54721.507165373405
862, 54662.21233049209
1220, 54660.132402957686
466, 54597.848230241805
1383, 54554.18832197859
313, 54475.7145035204
770, 54470.91098572283
952, 54403.65966737477
1055, 54254.544467191154
767, 54231.306654998436
578, 54062.60641119235
1135, 54058.00507560876
950, 53902.104491323844
292, 53820.130999372785
738, 53818.74952435933
717, 53777.22461061471
345, 53671.84377280779
911, 53640.274023016354
996, 53439.37898673819
1356, 53401.46702587908
336, 53363.76000884051
713, 53270.86330449966
377, 53265.51831444098
440, 53204.978652140744
265, 53189.526834562304
296, 53175.19895515046
559, 53155.654256809634
66, 53126.77818556071
1154, 53114.41102484764
1275, 52971.765012968164
755, 52908.63216938059
1370, 52904.429971298196
1369, 52904.429971298196
1151, 52445.63201528424
642, 52211.57675397385
1021, 52206.989064440844
624, 52191.31410602993
820, 52140.73344874105
1050, 52117.85699307979
1156, 51961.91868066208
306, 51914.49472560553
1049, 51899.654075847415
664, 51859.457061888395
430, 51854.20524593861
344, 51827.329270907394
1064, 51631.32781256408
255, 51625.1864014454
431, 51619.06413729046
1098, 51599.77011752716
429, 51579.61822891591
1022, 51560.476234592556
