1071, 99998.78925647232
1070, 99998.78800099858
263, 99849.67618717326
439, 99652.77226462773
1107, 99525.31636047132
822, 99344.37800059444
838, 99194.90290584364
8, 99150.05136612058
916, 99077.70021043625
115, 98911.07843015702
924, 98703.11760038894
982, 98698.57506031627
943, 98564.17543450903
1295, 98383.55141850971
1194, 98047.72925021245
262, 98047.57885027067
201, 97957.71271424188
906, 97953.97225246204
937, 97913.20077113992
121, 97818.66418768922
1072, 97729.9739293597
1339, 97584.68275228757
436, 97406.61940822925
735, 97377.39232148173
803, 97067.90364197404
823, 97067.34026010442
1349, 96979.2101202102
1293, 96977.7082202075
1292, 96935.49059228817
1420, 96806.52269584087
542, 96625.09889237261
539, 96625.09889237261
261, 96444.95993222101
721, 96283.28529133728
944, 96243.38356749821
627, 96186.39941091074
1332, 96163.83803851716
1213, 96111.63052982195
848, 95703.6343802828
760, 95575.9242607786
722, 95541.86456409558
945, 95501.89732136272
301, 95388.23487003683
893, 94845.47692704732
1215, 94705.24880656498
959, 94686.4377711868
35, 94622.86320012574
941, 94611.64117645958
1233, 94448.64672221828
1114, 94352.53959383203
76, 93794.94454084338
378, 93524.05884677025
462, 93404.60986590233
1291, 93339.26821703158
1220, 93172.67682260154
499, 93148.57107730984
87, 92905.80109919384
974, 92437.38549938463
952, 92429.92524280836
629, 92189.65913627483
1104, 92076.93619113427
1055, 92000.32980035337
767, 91933.53042983609
1375, 91685.90236142979
578, 91449.77567714149
52, 91267.43161076015
950, 90991.46409980272
292, 90758.11341676749
738, 90754.18500682282
678, 90362.42478042044
911, 90247.82728621608
1252, 89925.85707373229
1068, 89865.3444346761
996, 89680.60653870982
407, 89669.9706019156
324, 89643.50050087238
810, 89506.34492790543
336, 89467.84726334186
1276, 89267.38606023688
294, 89205.65807558164
377, 89192.0459193406
440, 89022.42979588603
265, 88979.17950699876
296, 88939.09027403363
615, 88924.64988028894
406, 88899.60729492755
394, 88886.1131330864
559, 88884.42786790816
66, 88803.71700643025
1154, 88769.16784999325
1275, 88371.448298017
755, 88195.880587193
243, 88148.831202406
650, 88048.8532940092
329, 88021.25954320558
1212, 87412.87995591994
1355, 87323.14719654505
392, 87321.59611602915
1359, 87295.94489596604
171, 86968.04205827853
1151, 86916.8017417441
341, 86727.6815267266
1261, 86517.46921148061
60, 86470.48339959508
1021, 86263.30941427396
843, 86254.99555993205
624, 86220.52197639477
1050, 86020.23148671817
95, 85757.13828992084
355, 85692.56100982534
1156, 85596.26014835792
1049, 85427.4324352956
1208, 85358.71813548521
664, 85318.57895204762
603, 85314.47221495862
79, 85251.74235868838
344, 85231.65517162267
1209, 85145.88085740208
1239, 85134.29089967017
1206, 84794.06868390214
1064, 84702.86157910037
431, 84669.86080323903
1098, 84617.96213262393
323, 84575.22469325866
1022, 84512.34291071258
859, 84469.34914294371
376, 84381.5322764236
716, 84292.02808121835
925, 84157.67131455307
1054, 84100.79930816409
1047, 84046.89268306093
175, 84030.58130642076
317, 83935.86844096653
736, 83873.09844605716
884, 83861.42773158745
447, 83778.4536429497
839, 83709.96814307467
319, 83673.47117146036
280, 83634.47792596485
1131, 83614.85490126797
610, 83488.62334300946
988, 83460.34801400224
100, 83391.7966562839
1257, 83361.16736717238
714, 83292.32474416807
101, 83156.67840452238
543, 83153.16228193193
472, 83102.44110327943
1024, 83086.49113665159
1023, 83086.49113665159
1237, 83086.48652959912
522, 82833.32757576514
979, 82820.37821585868
561, 82695.04033944146
340, 82685.09957388403
1353, 82621.95008906782
1289, 82463.06213895448
82, 82463.06213895448
779, 82400.75207252418
723, 82245.473540462
547, 82152.46395009774
548, 82127.405994326
737, 82119.34496162941
1207, 82105.04773844675
1129, 81905.54716780993
671, 81831.98810484787
1127, 81826.21797022203
75, 81771.41428241393
1205, 81624.50531982724
1095, 81398.07455436848
806, 81201.66627244119
1014, 81189.43994045275
1372, 81127.81441104785
907, 80974.81313991993
197, 80966.89725220451
966, 80960.1254460997
707, 80940.03784497059
1254, 80889.09070704586
880, 80777.80192764297
887, 80555.48582565325
385, 80233.03088684565
896, 80119.05935945458
990, 80087.0060081068
746, 79875.18661453175
327, 79783.39180478206
998, 79751.11789254825
669, 79698.76541324085
747, 79581.5966066029
1244, 79563.90035780644
715, 79547.37642949405
616, 79546.35497285548
677, 79535.68180914166
1097, 79217.98170842239
57, 79187.62779391182
797, 79181.76332836949
1327, 79166.01263641722
894, 79132.62183008964
198, 79110.88582588895
758, 79037.14758539923
995, 79030.91005374606
1153, 78833.90058376765
1226, 78757.74548354985
489, 78715.3602701522
587, 78487.75771332155
1045, 78452.1179903044
883, 78288.10142191633
599, 78119.61398630866
649, 78069.06569638153
585, 77961.60339797182
1053, 77951.46661639049
1033, 77915.07133110984
1335, 77858.2312978536
1096, 77736.71869134827
766, 77685.2006596328
926, 77626.96513225057
282, 77538.21909299592
375, 77173.10261767771
1340, 77170.54494176629
1116, 77154.31041255406
118, 77082.1182308727
652, 76971.53721295358
49, 76789.53394330775
9, 76758.98660694856
1374, 76597.34415079789
1198, 76575.10047769561
1195, 76566.14080057135
931, 76468.63150101322
648, 76460.8158244289
393, 76154.50682411544
586, 76040.88690008686
1387, 75992.05418553483
1386, 75874.60405133027
602, 75839.91793044379
1197, 75603.4370871234
1196, 75512.44648326379
511, 75426.59909146327
448, 75372.52031048611
1298, 75328.52103754255
1402, 75203.2060034699
300, 75143.66450820447
1311, 75133.306835139
1142, 75036.73660549599
1073, 74938.38001357451
1331, 74814.95292560353
935, 74802.63576222284
658, 74729.25227287564
1380, 74630.44165888234
821, 74627.81719260974
1130, 74373.1522061448
1146, 74322.35991792014
96, 74090.4956137422
660, 74023.77593659631
1093, 73977.97510594687
510, 73977.97510594687
774, 73932.74527869168
773, 73932.74527869168
1366, 73707.48786340862
316, 73678.02059247975
181, 73292.95449013611
946, 73276.63876492281
1377, 73204.80905769156
573, 73106.06267724284
541, 73080.58069255904
910, 72945.51158138271
590, 72921.73655139751
1351, 72843.64626786739
1038, 72754.49640942224
32, 72568.32657769018
1158, 72491.99344784992
994, 72303.39056272552
1128, 72223.21754468659
1069, 72119.16472050689
784, 72117.18453791678
383, 71888.26226202077
1007, 71873.88167301555
126, 71862.48917488383
651, 71831.57365950232
1259, 71690.85393236717
1260, 71490.4654413958
614, 71438.34308328645
639, 71208.7549141426
951, 71141.83932413509
789, 71096.45301830198
147, 71037.06814738893
1357, 70819.91237255526
928, 70781.66092244576
117, 70769.49028533135
680, 70750.55778880652
1242, 70655.19666851808
1241, 70655.19666851808
351, 70561.95450166416
888, 70494.91953565089
631, 70443.86837388668
881, 70234.97828798287
997, 70143.60005625973
873, 70143.60005625973
50, 70013.16891320469
196, 70008.18351942788
1358, 69937.88543856595
1294, 69920.35982242746
837, 69851.79030458612
312, 69837.43914047442
182, 69600.2882740452
953, 69535.60243143128
297, 69535.60243143128
572, 69427.58840216244
199, 69412.1233081293
58, 69297.03421024539
1297, 69211.6067938872
1211, 69195.78068819748
91, 69163.13791412898
1099, 69083.1756797772
163, 68965.52539618606
97, 68926.75321709111
1269, 68801.73984044361
1251, 68788.38523264343
851, 68704.92787142034
989, 68674.33150781666
403, 68674.33150781666
92, 68662.35219565562
933, 68603.74495231641
1325, 68532.67007706585
453, 68511.0976480653
452, 68511.0976480653
127, 68483.91731355405
917, 68425.40786901161
1143, 68314.3542582453
626, 68290.20058122993
1118, 68167.25761345853
595, 68167.25761345853
34, 68110.42595370353
1296, 68109.85485339702
1165, 68107.71956442836
628, 67955.29791286401
936, 67928.78091462747
1392, 67923.00994288766
339, 67897.33082125646
1268, 67830.15034319909
718, 67657.33071730784
1231, 67504.34688207987
844, 67431.1794795715
293, 67308.83063348859
1238, 67282.43800165808
849, 67157.21571276178
1089, 67088.8447353319
1164, 67046.45032021975
200, 67046.45032021975
549, 67032.65418551462
188, 66959.85869557997
1352, 66831.56681815702
1333, 66824.67155363454
524, 66803.69380560088
202, 66630.4544843432
913, 66628.56474587043
245, 66484.84416217456
1258, 66434.09619277979
443, 66313.54766014282
138, 66196.12828535633
402, 66122.10908204624
1161, 66087.4734874278
232, 66074.35975606838
33, 66019.89197584802
284, 66017.61522638718
895, 65959.3049693542
688, 65811.13012096791
1091, 65707.15798597153
1090, 65707.15798597153
686, 65686.3700711757
591, 65672.22741094549
1336, 65460.90421033027
357, 65375.64892206181
1230, 65268.66329746102
214, 65238.7231396717
882, 65228.70954930332
679, 65170.16991932696
389, 65111.48418329529
687, 65108.58239243468
875, 64933.91991286512
567, 64822.64923619807
973, 64819.627103358835
744, 64777.233829528006
1134, 64774.93361787761
804, 64772.344581205965
387, 64743.941623830535
785, 64738.28442207521
1364, 64656.71621656589
1394, 64595.39678770174
1309, 64398.71377250315
162, 64326.65907630519
388, 64267.129552191196
625, 64225.34708689824
1319, 64175.82767403716
805, 64166.590617220856
493, 64162.208735118475
918, 64160.87379387695
1048, 64113.32539252801
550, 64052.55849683884
731, 63978.72345319733
608, 63968.07386502795
457, 63953.84538016663
912, 63601.577389056816
1265, 63563.26377243636
1126, 63521.1605424305
283, 63458.76244529918
59, 63391.863692386694
965, 63387.61039892858
1267, 63383.61609844838
964, 63378.27810243366
963, 63378.27810243366
763, 63358.50272991348
962, 63350.278189462515
666, 63334.97835914085
1141, 63279.555549553144
1138, 63279.555549553144
405, 63264.72735202602
521, 63195.93001284427
1163, 63189.37084526899
1140, 63085.17126588593
954, 63037.68759454481
1139, 62988.29806862555
657, 62939.05457744905
914, 62872.69655866632
732, 62837.570450675485
630, 62837.42691350599
1338, 62836.17908942932
1337, 62836.17908942932
726, 62818.5012822825
1218, 62787.827153131824
1219, 62766.11316476729
1250, 62682.108639934755
646, 62515.34376593871
400, 62346.869763085866
1087, 62326.767756832014
505, 62229.380711974256
1393, 62202.78400632641
879, 62157.15767301726
878, 62157.15767301726
77, 62154.11793851222
342, 62062.15029463442
23, 62028.96981764711
308, 61977.10891956296
31, 61951.49015277298
24, 61827.94746842877
874, 61779.31426256248
25, 61548.40575301416
1391, 61425.48467185246
333, 61181.089660824415
684, 61157.51604332274
234, 61051.59713128366
1182, 61045.766028734004
1178, 61045.766028734004
321, 60962.09177126376
84, 60956.12948127952
1181, 60948.965128640644
1180, 60948.965128640644
1179, 60948.965128640644
1266, 60862.43220184868
1177, 60836.61850535949
948, 60767.426791086196
247, 60764.246327273984
1092, 60742.444115675964
685, 60683.92240427474
975, 60665.01268329247
506, 60653.54372432623
976, 60633.533777520286
635, 60632.376782473984
634, 60632.376782473984
1186, 60572.16885461356
1005, 60497.22281802577
682, 60464.34842500064
725, 60379.59904621826
683, 60214.525096201854
1341, 60053.63945281417
1006, 60018.689483898954
207, 59905.07643298253
681, 59903.92761679083
287, 59875.83690582684
386, 59871.46578242474
203, 59761.466968523324
787, 59741.41618496438
818, 59711.55713346705
788, 59595.48247323789
1214, 59551.14605446398
132, 59436.748698455565
328, 59434.878672988976
529, 59419.51729928848
371, 59307.85813426821
1000, 59289.18852120505
566, 59262.40631218029
508, 59245.685721230875
842, 59184.09498083687
863, 59180.67816574752
507, 59043.97453440195
724, 58964.052268039966
372, 58889.620979083025
1416, 58853.509539727325
1354, 58848.55884519712
675, 58772.54983858982
1322, 58612.179317030554
957, 58507.62202500101
