750, 99958.69480948722
751, 99705.02500513266
1084, 99135.76459366601
1082, 99135.76459366601
15, 99106.56315816182
1299, 98908.1472131514
363, 98809.62288032834
4, 98786.695186787
1020, 98699.04421412446
137, 98531.40340931152
112, 98511.89535740677
1318, 98501.38499211645
364, 98480.60156190296
845, 98362.64618247352
799, 98332.90387217911
798, 98332.90387217911
65, 98279.37552031635
62, 98279.37552031635
633, 97877.72334905007
239, 97538.13641110649
21, 97538.13641110649
692, 97436.87211605959
609, 97410.04582726424
1419, 97315.43952543323
1379, 97237.26706302146
136, 97117.98723407241
102, 97113.99755572654
612, 96900.75780745868
350, 96040.96108871147
135, 96012.81520866777
425, 95981.75967056703
348, 95968.07242817961
1236, 95853.4857946061
416, 95253.66781663249
3, 95001.31648060122
2, 95001.31648060122
396, 94728.01320027314
44, 94728.01320027314
461, 94592.56790047641
291, 94399.43377380526
754, 94198.6322031938
1148, 93928.82029459295
544, 93835.49719950506
1308, 93822.98245209774
698, 93533.62113974367
712, 93525.62905337026
1286, 93476.38432736996
1144, 93468.4880026515
1149, 93299.045605888
217, 93225.89250579305
156, 93086.36764611145
1193, 92969.02386803235
1285, 92919.62826309798
1362, 92590.80283082752
1246, 92542.74537689798
811, 92517.57058393436
411, 91729.58037530648
426, 91610.19265327664
414, 91610.19265327664
272, 91532.46318736742
1100, 91519.01446879972
352, 91463.19822371569
479, 91431.5953432647
422, 91159.01116438165
413, 91159.01116438165
613, 91143.33891170418
219, 91101.17620447055
955, 91010.99135091067
1348, 90922.05087869975
1255, 90892.49277786075
1413, 90719.20066278367
412, 90454.17207566697
177, 90288.27722361503
643, 90240.13940086472
984, 90105.99904744455
480, 90059.51459153647
108, 89899.61531032264
512, 89675.43503616539
1117, 89522.32823110066
915, 89437.6129952244
636, 89276.37971412812
428, 89012.31686528331
987, 88438.43409696936
985, 88438.43409696936
986, 88124.05784983178
382, 87586.9188986093
1103, 87281.12011051505
1262, 87102.52523165078
470, 87071.77066408627
427, 86921.61023347231
421, 86770.40673864595
179, 86642.24219339306
575, 86554.69176408774
1312, 86547.91790705366
812, 86500.90896572446
775, 86300.49130858725
41, 86072.99746882061
189, 85918.51653644315
813, 85582.07860311905
435, 85576.59446505728
961, 85152.64422676906
176, 84885.48391774092
46, 84786.5669049257
513, 84519.32580001181
908, 84481.85528337164
11, 84476.58058684904
473, 84446.33027631769
1192, 84413.8157257172
20, 84387.39705713026
459, 84059.24847991866
705, 83926.70162846163
703, 83926.70162846163
696, 83699.57009969109
246, 83561.98439106041
242, 83533.97466901917
518, 83476.1723925583
662, 83426.52661207516
663, 83141.10155853127
1036, 82796.87711219137
285, 82633.53780806436
358, 82238.54828940041
169, 81738.0278798288
1067, 81693.31961981484
158, 81273.56542189984
157, 81273.56542189984
218, 80967.6991641543
170, 80947.64882442087
53, 80947.64882442087
88, 80821.15075515922
795, 80741.9630926318
251, 80312.27994239349
1240, 79905.99076926596
55, 79770.72699923062
1152, 79675.77113796657
697, 79503.45555708602
210, 79420.90085092375
146, 79420.90085092375
695, 79199.41344851918
159, 78930.11340756211
160, 78920.10707825587
161, 78913.25233281586
216, 78873.99439832773
782, 78670.40441216785
791, 78595.12805973314
39, 78571.790120756
594, 78396.30647573121
704, 78074.31884056597
702, 78074.31884056597
1173, 77923.55511521106
305, 77877.71457820332
656, 77681.45404675932
1170, 77524.91569622037
620, 77434.4295886071
694, 77409.54247621383
691, 77374.96407528498
40, 77230.23475240897
606, 76671.86298560274
1381, 76580.77976636686
604, 76501.37323867565
180, 76430.1781170173
330, 76137.49326816965
1043, 76111.931538924
249, 75798.7038125254
209, 75487.16526887333
460, 75378.1453712087
1264, 75302.05938207993
1263, 75302.05938207993
192, 75108.2250507109
191, 75108.2250507109
749, 75097.15309917441
905, 74888.20243522343
899, 74888.20243522343
619, 74884.20960164299
194, 74882.55571109883
706, 74483.95990965079
1280, 74444.90095211804
693, 74395.56427550693
699, 73976.91988616639
1058, 73866.28494158028
444, 73518.75169181435
366, 73504.32317331173
1401, 73404.71490613189
759, 73392.98523339973
556, 73306.6777723876
172, 73283.12905246159
397, 73158.32512875133
835, 73142.3394388374
600, 73078.63469011961
1002, 73014.43507166865
545, 73000.3291545076
398, 72975.13688961093
1403, 72822.01617684169
228, 72790.15468591619
500, 72414.24178987436
504, 72289.00817244776
61, 72225.89993417486
250, 72032.32888298381
645, 71920.87170736383
644, 71920.87170736383
63, 71920.87170736383
64, 71768.59115666838
868, 71280.9666263278
309, 70493.99437451738
164, 70126.67541035768
1389, 69856.30786746391
270, 69623.39161802112
268, 69623.39161802112
653, 69341.38988005558
1044, 69053.85008752382
1398, 69023.87898234397
834, 69003.83945764358
1382, 68985.4410440923
659, 68801.75910143762
1028, 68544.56017755209
424, 68347.21823663934
423, 68331.18464187554
471, 68204.45431621149
418, 68178.86776642464
1136, 68140.79770316168
1313, 68114.88109659524
1057, 66814.2977114158
558, 66684.47436005881
134, 66547.72314175541
1414, 66486.8057549549
238, 66438.00897291106
1076, 66411.7575021555
1075, 66225.74264991809
840, 66180.38643114225
546, 65477.22355551679
399, 65066.50361220731
701, 63332.88505330335
43, 63003.11833792045
45, 62981.950787976246
745, 62747.63603744144
830, 62237.05685444651
920, 61384.95539496188
1302, 61343.7297050136
93, 61169.065579226546
142, 61117.09373773621
19, 60856.23428321508
1334, 60481.72446039264
1199, 60452.808912769186
5, 60376.98183257554
503, 60353.160785164226
919, 60269.96740132257
369, 59953.5424965099
1003, 59801.90375827488
1373, 59771.31461724215
1147, 59754.99189135997
464, 59754.99189135997
1004, 59723.63946007788
145, 59699.975136201676
353, 59082.007809070434
1035, 59025.155210477955
661, 58736.20684546508
1029, 58699.74330370063
516, 58244.333099063304
269, 58129.494634964976
6, 58057.06427881218
1172, 57917.769310768854
74, 57808.28831998893
133, 57093.2451731467
932, 56831.202494108926
141, 56463.05996200051
690, 56451.99447114818
502, 56370.8282588106
765, 56355.46779233186
515, 56355.46779233186
514, 56355.46779233186
123, 56295.76660640862
1060, 56277.672631903195
739, 56227.83795967972
740, 56193.21481814903
1162, 55816.09218877736
829, 55816.09218877736
481, 55809.504526760335
828, 55710.71229672877
654, 55673.54773069745
1080, 55433.849364039525
1314, 55348.365954120374
274, 54425.4997906713
271, 54425.4997906713
1077, 54304.67295166449
1396, 54203.94029664856
1245, 53897.68201480851
227, 53464.08380087265
362, 53033.184581124195
1074, 52637.53482062253
256, 52477.33820158114
831, 52265.861069998566
796, 51841.578488024534
852, 51785.391110327364
273, 51631.782627964836
794, 51523.375308765884
1190, 51310.48337806756
674, 51292.954558795245
1188, 51290.39263444301
139, 51250.66624566328
1404, 51226.39877337375
1228, 51213.742919550365
865, 51213.742919550365
1317, 51133.26071502983
815, 51112.87408142717
501, 50922.554820993806
1344, 50633.80856527393
1039, 50324.732947159755
1061, 50219.750861835855
700, 50018.68840815703
866, 49931.67200160597
302, 49903.84720947322
673, 49867.652833824155
992, 49862.98964910136
860, 49773.50710499075
562, 49762.52251390573
1085, 49747.21635365203
564, 49694.61247174558
451, 49598.24296580794
1234, 49597.07089144808
1086, 49590.67041446225
1399, 49514.09684110038
1288, 49077.02868205284
1397, 49039.050050961116
1109, 49009.26013845932
1081, 48994.87350044125
1110, 48814.35845480238
1108, 48814.35845480238
607, 48708.08560525196
1101, 48323.517716654256
151, 48275.93231641924
401, 48226.39633327909
1395, 48211.98747255551
861, 48191.464726167134
124, 48129.40286630991
149, 48128.911425014834
264, 47670.36844590765
1056, 47656.465490435905
922, 47510.49491058036
1106, 47327.03018745474
1105, 47327.03018745474
1102, 47327.029465730375
409, 47209.76000832022
391, 47194.2301415906
155, 47151.401661014956
1400, 47082.98799276354
1088, 47067.89021679518
1232, 47053.25012264517
437, 47017.31795541301
1018, 46991.74511260358
154, 46991.74511260358
571, 46834.24537192977
709, 46713.83653568989
554, 46676.97026319012
555, 46586.6312130369
855, 46518.53199190925
454, 46512.622843311
1059, 46477.153759269095
856, 46438.999584484394
854, 46438.999584484394
442, 46246.597947095936
233, 46167.0385012686
1113, 46166.9328168056
1323, 45671.23685154746
168, 45471.19364085506
26, 45327.978293344284
434, 45270.85217103029
390, 45250.15404514358
72, 45171.865490631855
553, 45116.35352984973
419, 45054.10582731242
417, 44977.90755960474
167, 44977.67320172084
267, 44970.59521233371
1027, 44710.0097451744
410, 44686.900501505836
993, 44470.047474711675
187, 44369.52162816727
42, 44013.92245855949
647, 43917.53953400566
903, 43915.73465278146
1410, 43865.99360074129
122, 43825.469520148356
1300, 43824.62154739471
574, 43805.94830338243
1015, 43737.98303835291
968, 43513.22423671474
1016, 43295.46016660964
1409, 43269.709978194005
1065, 43269.709978194005
85, 43269.709978194005
1408, 43260.89367432165
1407, 43257.3609186577
601, 43256.256193875764
86, 43225.40444367002
441, 42978.4478720427
1017, 42949.38581856629
783, 42772.82809466138
802, 42739.94090239839
801, 42739.94090239839
346, 42730.97191732693
970, 42552.958325473024
304, 42008.90488052344
1191, 41976.24716837075
1189, 41826.37097442996
565, 41700.94848720183
762, 41582.803750552914
772, 41533.37831016541
1066, 41508.264728425
776, 41305.38484713608
1287, 41224.968156894465
420, 41114.22280162394
969, 41098.804646229095
415, 41044.96126311931
1155, 41008.48744218487
972, 40895.31064243286
967, 40895.31064243286
361, 40890.88730541063
1346, 40805.84802817471
853, 40799.81206071482
583, 40411.773865352414
222, 40081.60796847312
367, 39877.47668966834
116, 39581.48844565176
347, 39557.81930936724
858, 39510.03418194143
1290, 39352.582672292745
827, 39325.07605424287
1040, 39223.27195324805
971, 38975.56981368021
846, 38928.892590507734
517, 38928.24866124537
1342, 38871.266455281366
540, 38748.41117967539
1204, 38685.16420601413
495, 38546.30427573217
1201, 38516.06513391861
433, 38504.921280568546
204, 38501.76239244285
488, 38440.3781017199
509, 38423.83679989127
930, 38372.56155304757
277, 38298.335897947974
1274, 38288.445171671796
252, 38246.49442558334
1200, 38084.85137790963
1169, 37998.615951229665
885, 37615.0859265984
1224, 37588.35095139504
867, 37530.782510895486
781, 37513.00846712385
153, 37499.749365179305
231, 37323.5363364321
30, 37206.18935004306
220, 37115.52090589323
354, 37103.89248432659
299, 37066.49455207709
107, 36992.81558505838
584, 36949.45148800402
380, 36921.57432875044
978, 36885.65226772912
279, 36792.983136803145
450, 36679.137324713425
449, 36679.137324713425
278, 36660.19028332426
478, 36575.591649836184
771, 36535.66971210555
221, 36435.5966999589
106, 36373.24888833798
1111, 36367.66127759722
622, 36363.844012799455
621, 36363.844012799455
581, 36288.63445243915
1013, 35934.9352346221
1012, 35922.21237661966
618, 35914.21000889434
1137, 35824.76001247384
56, 35698.30023131731
1310, 35693.313179196455
557, 35443.77458446288
780, 35370.799336148244
534, 35288.78645153836
836, 35281.86791287757
29, 35139.603590203275
1217, 35048.157198134635
1216, 35048.157198134635
131, 34892.21639200084
536, 34863.64143853079
535, 34863.64143853079
395, 34737.13495108849
847, 34664.76760026269
1112, 34450.918454047554
1306, 34392.664539570505
596, 34375.52659009746
605, 34331.1497352354
977, 34265.35121070574
1052, 34195.55703463543
598, 34066.2443360147
178, 34020.587546966766
381, 33717.83964578891
173, 33616.203126247165
597, 33578.84590843648
