201, 99955.26856780273
1339, 99655.70842193025
1295, 99515.74568334653
982, 99195.4924604317
924, 99190.90448797023
823, 99116.23464076799
1420, 98844.30563511036
916, 98815.4670289115
838, 98699.158729901
542, 98655.1709398978
539, 98655.1709398978
822, 98551.61750206564
261, 98467.39045981361
1107, 98374.19906311603
721, 98298.8700828804
627, 98197.88747259967
263, 98059.33941561251
1070, 97915.95132982454
1071, 97915.95012610576
439, 97581.86736249036
760, 97561.69678784654
722, 97526.2073404273
301, 97366.13514272476
8, 97099.77311331568
115, 96870.56979120495
893, 96800.70209310314
1215, 96654.63726848378
959, 96635.04394013695
35, 96568.82668435467
941, 96557.13837062907
943, 96537.80811114996
1233, 96387.37770718866
1194, 96042.32535982324
262, 96042.1810493221
906, 95952.36266849477
937, 95913.24009402732
121, 95822.52426017635
1072, 95737.41521575571
436, 95427.09071503783
378, 95424.63600308418
735, 95399.03931108819
803, 95101.9790672041
1220, 95058.85536472309
1349, 95016.84022390822
1293, 95015.39849025184
1292, 94974.8717373426
944, 94310.3827541724
952, 94285.85176051565
1332, 94233.99913487255
1213, 94183.86547976111
1055, 93838.87289294007
848, 93792.03864562295
767, 93769.37800394633
945, 93598.2719820585
578, 93266.16273974646
950, 92789.51171759762
292, 92546.85990442669
738, 92542.77512238988
1114, 92494.01265082427
911, 92016.31994737624
76, 91958.10553542606
462, 91582.87886628523
1291, 91520.06030640918
996, 91426.72353469359
499, 91336.71690474192
336, 91205.60880170992
87, 91103.2875896147
377, 90919.00661932083
440, 90742.76508939147
265, 90697.82746961979
296, 90656.17498212287
974, 90652.8275524309
559, 90599.38221783184
66, 90515.52827576216
1154, 90479.63458775767
629, 90414.56153844329
1104, 90306.13517432091
1275, 90066.4759578342
1375, 89929.96652670183
755, 89884.11557593307
52, 89527.33589882597
678, 88656.34496283295
1151, 88555.96881843862
1252, 88236.06845297835
1068, 88177.80788534487
407, 87989.69513344637
324, 87964.20761385653
1021, 87877.69177262056
624, 87833.28826262266
810, 87832.13879848711
1050, 87625.44380589605
1276, 87602.0242318857
294, 87542.57717641514
615, 87271.93321312782
406, 87247.81271342392
394, 87234.81531145495
1156, 87185.54194092384
1049, 87010.39312878471
664, 86897.47085064127
344, 86807.30180682025
243, 86524.563452056
650, 86428.23405533485
329, 86401.64657919422
1064, 86258.83917183406
431, 86224.61506715926
1098, 86170.79351945632
1022, 86061.26478323014
1212, 85815.37512276399
1355, 85728.89057414411
392, 85727.39561222182
1359, 85702.6723209702
1054, 85634.53568158389
175, 85561.73432011442
171, 85386.6079532264
839, 85229.35378764488
341, 85154.89777060272
280, 85151.09959705985
1261, 84952.23170524463
60, 84906.93016448664
843, 84699.15537932598
1024, 84583.12578587365
1023, 84583.12578587365
1237, 84583.12101135294
522, 84320.77402465002
95, 84219.04652456194
340, 84167.17967063126
355, 84156.76407357556
1208, 83834.75786424195
603, 83792.07734308935
79, 83731.5654849902
1209, 83629.44342665632
1239, 83618.26259696117
547, 83615.3422982014
548, 83589.38413034144
1129, 83359.56728081449
1206, 83290.02614531963
1127, 83277.39792818433
323, 83078.86716546646
859, 82976.70264255068
376, 82891.96039762652
716, 82805.58669627701
925, 82675.92311212626
806, 82630.58462140588
1047, 82569.0085782319
1372, 82554.1119495728
317, 82461.852028463
736, 82401.26651546573
884, 82390.00178242195
966, 82380.48122804228
707, 82359.68270527008
447, 82309.91247260105
319, 82208.57596524655
880, 82191.71172206469
1131, 82151.99345827497
610, 82030.13694543137
988, 82002.84072543679
887, 81961.5558891448
100, 81936.66180132372
1257, 81907.0919206627
714, 81840.62904878076
101, 81709.6661267494
543, 81706.27130533828
472, 81657.29937869476
896, 81509.80381156506
990, 81476.62823799747
979, 81384.94519895196
561, 81263.91117965597
746, 81257.40440334854
1353, 81193.32777429576
327, 81162.40702748051
669, 81074.831511079
1289, 81039.88190412673
82, 81039.88190412673
779, 80979.70323741646
747, 80953.5848173445
723, 80829.72938706017
737, 80707.90248357599
1207, 80694.09246812628
1097, 80577.35402702342
198, 80466.55367085486
671, 80430.322047436
758, 80390.2677942358
995, 80383.81486935071
75, 80371.80479898403
1205, 80229.87745675546
1095, 80011.10776609692
587, 79821.97335807236
1014, 79809.51375169566
883, 79615.48037570051
907, 79602.11138707245
197, 79594.46159535949
1254, 79519.269201586
599, 79441.2374354499
1096, 79045.30977610675
766, 78992.04326904708
385, 78885.15431583379
282, 78840.07981320059
1340, 78459.98583402821
1116, 78443.20430652397
998, 78419.25011806544
1244, 78238.22645026066
715, 78222.2485145491
616, 78221.26080580566
677, 78210.94024736035
57, 77874.35947603676
797, 77868.68790623826
1374, 77867.54334078802
1327, 77853.4552217713
1198, 77844.55593640462
1195, 77835.29674935671
894, 77821.16223723633
1153, 77532.24224217785
1226, 77458.5800603046
489, 77417.58129846386
586, 77292.54708998725
1387, 77242.09406997032
1045, 77162.93356668403
1386, 77120.75122144623
1197, 76840.6203867344
649, 76792.33730917792
1196, 76746.62930682664
585, 76688.35877029518
1053, 76678.55036568224
511, 76657.95443395668
1033, 76643.33374777052
1335, 76588.33341421843
1298, 76556.65010111031
926, 76364.53896420149
1311, 76355.02712381611
658, 75937.76179267703
375, 75925.27673181346
118, 75837.20916509387
1380, 75835.73161972812
821, 75833.02169961891
652, 75730.16868474241
1130, 75570.07934335433
49, 75553.98192018783
9, 75524.40950607821
1146, 75517.63962096487
96, 75278.26950142393
931, 75243.30221970756
648, 75235.7349998943
660, 75209.39445247219
1093, 75162.11518213912
510, 75162.11518213912
774, 75115.42626666173
773, 75115.42626666173
393, 74939.14389910782
316, 74852.50137270296
602, 74634.4959538276
448, 74181.79382176469
910, 74096.57258443123
1402, 74017.78105423982
1351, 73991.46940671248
300, 73960.1011449266
1142, 73856.51276650565
1073, 73761.22390333824
32, 73707.42165335061
1331, 73641.64093025059
935, 73629.70704318113
1158, 73628.674634531
1128, 73351.41990509341
784, 73242.05083927776
383, 73005.94321111996
1007, 72991.1120284169
1366, 72568.3907571031
951, 72236.25411287295
181, 72166.53609163358
946, 72150.71796197542
1377, 72081.07762367894
573, 71985.33760773078
541, 71960.63078644965
117, 71852.3917553284
590, 71806.61273976282
1242, 71734.57648972148
1241, 71734.57648972148
1038, 71644.44269534016
351, 71638.46563041813
881, 71301.4602722042
994, 71206.95596692408
1069, 71028.26819011917
126, 70779.28561730227
651, 70749.29487987695
1259, 70612.77959704319
953, 70580.79280323604
297, 70580.79280323604
1260, 70418.36443218988
614, 70367.79309671475
1297, 70247.00737820035
1211, 70230.70427163546
91, 70197.07799241245
639, 70145.023696041
789, 70036.04935096443
163, 69993.5216710253
147, 69978.42200234707
1269, 69824.82293944854
1251, 69811.06825189959
1357, 69767.68082557057
928, 69730.55730183887
680, 69700.37087184757
92, 69681.26340491623
933, 69620.90462230434
888, 69452.25212670286
917, 69437.24715208974
631, 69402.69942824691
626, 69298.01561704518
1118, 69171.4204941941
595, 69171.4204941941
34, 69112.90286135809
1296, 69112.3148260334
997, 69111.22315777963
873, 69111.22315777963
50, 68984.59967891697
196, 68979.75968575162
1392, 68919.9371355189
1358, 68911.51079288116
1294, 68894.49573462813
339, 68893.49882775861
837, 68827.92258767835
1268, 68824.33359146431
312, 68813.989008859
182, 68583.72652552462
572, 68416.02854363344
199, 68401.01077064862
58, 68289.24751225623
1099, 68081.55471821038
97, 67929.63025186148
1352, 67796.48494933177
524, 67767.8014347342
851, 67714.16648657224
989, 67684.44600102204
403, 67684.44600102204
913, 67587.58780913893
1325, 67546.83491793736
453, 67525.87856435441
452, 67525.87856435441
127, 67499.4741882241
1143, 67334.7451048489
443, 67263.45907505581
1165, 67133.98538337142
628, 66985.88617399763
33, 66961.34933031086
936, 66960.12018897127
284, 66959.00718517762
895, 66899.02285232383
688, 66746.6007317666
718, 66696.34149225132
686, 66618.27213507392
1231, 66547.66791272788
844, 66476.55859515422
1336, 66386.3747524614
293, 66357.64635028191
1238, 66331.99424804987
849, 66210.28159615227
1230, 66188.66791203033
882, 66147.5802315225
1089, 66143.8241683283
1164, 66102.61531901205
200, 66102.61531901205
549, 66089.20483694386
389, 66027.03196966911
687, 66024.04800142325
188, 66018.44296179464
1333, 65887.02666899438
973, 65726.92835815814
202, 65698.21394392244
804, 65678.31341108262
387, 65649.11053358065
785, 65643.29404931104
1364, 65559.4308129138
245, 65556.6453180003
1258, 65507.30392226129
1394, 65496.3880248418
138, 65275.91770643413
162, 65220.11723242869
402, 65203.94100302621
1161, 65170.260381046755
388, 65158.923352985665
232, 65157.508093622986
625, 65115.97365278363
805, 65055.577073519766
918, 65049.700754372585
550, 64938.36626930774
608, 64851.53032185911
1091, 64800.39870851072
1090, 64800.39870851072
591, 64766.4253164618
357, 64477.9537170579
912, 64474.870454350275
1265, 64435.49779585648
1126, 64392.23152491035
214, 64344.758635427665
283, 64328.1112170015
679, 64278.070348431545
965, 64254.99745553541
1267, 64250.89309578887
964, 64245.40802726677
963, 64245.40802726677
962, 64216.63686753901
1141, 64143.96774861688
1138, 64143.96774861688
521, 64058.04347313133
875, 64048.23261226199
1140, 63944.24491193128
567, 63939.97412901831
744, 63895.78670233231
954, 63895.45970036601
1134, 63893.54866330783
1139, 63844.7174553176
914, 63725.95399015266
1338, 63688.43891976925
1337, 63688.43891976925
1218, 63638.76699282136
1219, 63616.46055766024
1309, 63527.468589424905
646, 63358.864290072735
1319, 63310.5623566357
493, 63297.30814502469
1048, 63249.733317152815
400, 63185.819462178704
731, 63118.72936739333
457, 63094.515488689314
505, 63065.15029351032
1393, 63037.834534912465
879, 62990.97540519807
878, 62990.97540519807
77, 62987.85357166262
23, 62859.32892858691
308, 62806.070847290706
24, 62652.89748622138
59, 62547.47012745191
763, 62514.99176884191
666, 62492.089489470825
405, 62423.69489093868
25, 62365.863653682914
1163, 62350.32746270035
1391, 62239.65907324862
657, 62106.60175825534
732, 62007.7822962741
630, 62007.64252496947
726, 61989.213355878615
333, 61988.75560776754
684, 61964.555603392124
1250, 61856.394265950155
321, 61763.94809065309
84, 61757.82792871184
1266, 61661.65176238839
1092, 61538.49490904041
1087, 61510.32772200047
685, 61478.43001027893
975, 61459.02197393425
506, 61447.250858232874
976, 61426.71387662376
635, 61425.52641332326
634, 61425.52641332326
1186, 61363.733790759914
682, 61253.07949937491
342, 61252.58315136991
725, 61166.10625236158
31, 61144.78867587688
683, 60996.70980508912
874, 60977.06149918502
1341, 60831.622945264106
1006, 60795.76184075143
681, 60678.01196774855
818, 60480.645892366716
234, 60268.01314745668
1182, 60262.33075924252
1178, 60262.33075924252
529, 60181.053498252055
1181, 60167.9965990089
1180, 60167.9965990089
1179, 60167.9965990089
1177, 60058.50804715105
508, 60002.74431005458
948, 59991.07398001704
247, 59987.97426098567
842, 59939.57030328505
507, 59795.854139447205
1005, 59727.71508974214
724, 59713.88482856721
372, 59637.549676385104
675, 59517.48895500052
957, 59245.81820795392
841, 59200.86692690824
1210, 59174.21858172485
207, 59150.46490492995
287, 59121.95721102528
386, 59117.69546192072
203, 59010.44646023039
787, 58990.896382800805
404, 58977.8375140585
788, 58848.60194622945
1214, 58805.36945328268
132, 58693.81673615347
328, 58691.99316671255
229, 58572.82502822957
371, 58568.12477262089
230, 58555.545628870386
1000, 58549.917907274285
