372, 100000.0
724, 99786.1055423011
675, 99662.89123921112
507, 99558.04438991752
842, 99162.18281105044
508, 98989.76185810399
957, 98903.46505935797
841, 98778.25789653818
1210, 98704.09167298737
529, 98508.25141300498
404, 98158.90765804348
818, 97715.9459909758
681, 97205.1125853716
229, 97042.11292501753
230, 96994.69171297559
1006, 96904.44362281276
1341, 96813.47315119581
683, 96398.24991978757
111, 96128.8036691325
143, 96115.97502282415
725, 95978.1731342357
682, 95764.80707363723
1186, 95495.5805967768
635, 95346.31382360897
634, 95346.31382360897
976, 95343.4528832124
506, 95294.01801403282
975, 95265.72157229403
685, 95219.12713824694
1092, 95075.39845027436
523, 95028.35425115949
991, 94923.2226694468
1266, 94782.91937896614
84, 94556.56855549084
321, 94542.22511373328
684, 94076.0237098305
333, 94020.2974673031
1345, 93524.45452897748
1391, 93448.92087043136
25, 93165.85205846977
764, 92766.3547944832
24, 92532.57117467954
1365, 92303.03398022805
373, 92290.03497305191
308, 92200.47166862748
23, 92085.93604073566
77, 91811.49426561547
879, 91804.86237524168
878, 91804.86237524168
1393, 91705.51058063905
505, 91647.76219562769
130, 91431.47325667905
400, 91394.11657532996
646, 91034.48666561948
1361, 90831.25061032944
1219, 90507.91777110593
1218, 90462.80541220575
1338, 90362.62391156796
1337, 90362.62391156796
914, 90287.21131602781
1139, 90049.88224786337
954, 89949.1299810097
1140, 89852.62616821157
1229, 89795.86362512446
521, 89628.88782368989
303, 89517.68133223879
1141, 89461.21249132755
1138, 89461.21249132755
962, 89320.24103596961
964, 89264.6381856933
963, 89264.6381856933
1267, 89254.05130097509
965, 89246.1321853933
283, 89105.46746955412
1243, 89027.51416816543
1126, 88982.73162650593
1265, 88900.24197315988
912, 88825.40448359985
551, 88458.95113064203
608, 88120.302694776
1167, 88067.05112640551
550, 87960.47886788608
918, 87757.03127699418
805, 87746.33859958286
625, 87636.70206521926
1042, 87602.75961838564
1203, 87597.29925442005
388, 87559.02628085989
162, 87448.76903610199
1041, 87254.75239541302
1394, 86956.96271028898
1364, 86846.08672226088
785, 86699.35898566182
387, 86689.21468060942
804, 86638.346051908
973, 86553.89573926457
687, 86043.9863334968
389, 86038.91892702818
882, 85835.08100570927
1230, 85765.9943816637
1336, 85436.29613212186
1202, 85175.85798528367
686, 85055.25916305296
1320, 84964.98745228034
688, 84846.98350896088
895, 84601.9554159375
284, 84506.21878862304
33, 84502.48853149102
443, 84026.22678454868
913, 83525.83854392702
524, 83252.23982975025
1352, 83208.99163575753
532, 82177.00734476895
1268, 81711.2663082802
339, 81613.98841611623
1392, 81576.9167223901
1296, 81309.0242989108
34, 81308.21041587909
1118, 81227.36829365524
595, 81227.36829365524
626, 81053.49071349092
917, 80863.84177699145
128, 80771.36929506085
933, 80616.18338718891
92, 80535.40524227559
1251, 80362.70537391216
1269, 80344.48626091289
163, 80122.28142112213
91, 79857.20254939576
1211, 79813.72906485962
1297, 79792.68371300814
953, 79366.34725346016
297, 79366.34725346016
881, 78474.4503887319
708, 78360.71439718753
351, 78070.24145182267
1242, 77956.41713838064
1241, 77956.41713838064
117, 77817.75357411808
951, 77372.46229711606
298, 76943.07607445536
1007, 76524.78886002632
383, 76508.49367185392
144, 76383.8340689367
784, 76250.89365018868
1128, 76132.71426335085
1158, 75836.31848727672
32, 75752.95943569408
1351, 75455.25344548303
910, 75346.26328902211
533, 74647.88235077218
316, 74580.37971290322
774, 74321.18064009903
773, 74321.18064009903
1093, 74275.5302999638
510, 74275.5302999638
660, 74229.41749994949
96, 74162.44749854921
1146, 73931.57833244858
1130, 73881.38718580674
821, 73631.78253906195
1380, 73629.22783966467
658, 73533.30295860984
1311, 73146.22994378649
1298, 72962.14891640558
511, 72870.37136382975
1196, 72790.42305818171
1197, 72706.07377373625
1386, 72457.04466710391
1387, 72350.2598257654
586, 72306.05087105739
1195, 71837.44162382314
1198, 71829.55625398859
1374, 71809.99515288157
1116, 71327.27490899313
1340, 71313.40560246403
282, 71002.27755293951
766, 70879.47665554647
1096, 70836.64417302795
599, 70521.67046305821
883, 70384.92468963758
587, 70224.32210784353
995, 69795.1460108373
758, 69790.28188620978
198, 69732.88902510116
1097, 69649.89040941255
129, 69615.42162922151
747, 69371.21094914121
669, 69282.42379964759
327, 69218.5992714658
746, 69149.65367062038
990, 68991.68225124554
896, 68967.91278872025
887, 68647.76272881664
880, 68487.13550379957
707, 68370.94459288903
966, 68356.61791001951
1372, 68237.53007469865
806, 68185.36963707066
1385, 67979.38862509816
1127, 67751.14067711652
1129, 67696.85161363045
318, 67692.04811536708
548, 67546.03692762088
547, 67529.09636809399
340, 67173.40716878933
522, 67075.89434307725
1237, 66910.80443984621
1024, 66910.80145202346
1023, 66910.80145202346
280, 66559.59601609215
839, 66511.86090652006
175, 66310.83575177834
1054, 66267.17472634121
1022, 66013.87816606458
1098, 65949.57867539392
431, 65918.08803784766
1064, 65898.09979046899
344, 65581.55020516191
664, 65530.1793133874
1049, 65466.10864610921
1156, 65367.30597011166
1050, 65122.190519130694
624, 65007.8647910441
1021, 64983.562403853226
1151, 64617.57611204673
593, 64562.386124454206
755, 63928.30648591712
1275, 63836.378908170045
1154, 63630.44114168383
66, 63612.7011698251
559, 63571.35070140182
296, 63543.41867809351
265, 63522.97080954944
440, 63500.945999678435
377, 63414.92326794077
336, 63276.23638872447
996, 63170.24363639561
911, 62891.8088752407
738, 62648.22033970753
292, 62646.34849773375
950, 62535.64881254394
578, 62320.99452592671
767, 62098.31368935668
1055, 62067.872913547486
952, 61873.85950378519
1220, 61545.4275457771
378, 61393.06342195962
1233, 61001.06364482567
941, 60933.26447657902
35, 60928.610692385046
959, 60902.280477366476
1215, 60894.5007835986
893, 60836.66615909638
301, 60615.436477497075
722, 60553.562280649196
760, 60539.888775049236
627, 60297.480967422256
721, 60259.46899624535
261, 60196.31415207545
542, 60126.350429865386
539, 60126.350429865386
1420, 60056.314126738296
823, 59956.37096208244
1339, 59760.67844298132
201, 59621.637455317
672, 59609.999793470866
1295, 59464.98068031092
982, 59350.48336278613
924, 59348.84090764851
916, 59214.230340463604
838, 59172.44557840762
822, 59119.38333591278
1107, 59055.49170519953
263, 58941.87790396044
1070, 58890.04130691118
1071, 58890.04087149771
439, 58769.0306973391
8, 58593.826301570596
115, 58510.28621508404
943, 58388.72215028196
1194, 58207.09809895511
262, 58207.04509298893
906, 58174.04217586436
937, 58159.659347890854
121, 58126.291254293035
1072, 58094.962905770655
436, 57980.5477710033
735, 57970.190962117864
803, 57860.36705436689
1349, 57828.84146001366
1293, 57828.30741799144
1292, 57813.29304200176
944, 57566.39576032753
1332, 57537.927799528756
1213, 57519.233356011624
848, 57372.85689128768
945, 57300.29500084537
1114, 56884.536908633396
76, 56681.38515822949
462, 56538.6026795179
1291, 56514.65499442235
499, 56444.688880223825
87, 56355.453930056174
974, 56182.75888454525
629, 56091.14954197716
1104, 56049.40068671076
1375, 55904.26412974586
52, 55748.40791667255
678, 55409.43551019818
1252, 55244.9772580372
1068, 55222.13309546457
407, 55148.29637393911
324, 55138.28312289297
810, 55086.36270666016
1276, 54995.75819953169
294, 54972.32291873436
615, 54865.4795214611
406, 54855.945414059985
394, 54850.80712084721
27, 54774.687149616344
243, 54569.154779260556
650, 54530.823521693186
329, 54520.238317095645
1212, 54286.215105598676
1355, 54251.59341460759
392, 54250.99472254366
1359, 54241.092597057796
171, 54114.31806062518
341, 54021.15970382828
1261, 53939.52634923407
60, 53921.25956080615
843, 53837.388017760946
95, 53643.0098718621
355, 53617.73505899188
1208, 53486.845034217986
603, 53469.468806755285
79, 53444.82204737344
1209, 53403.19802533215
1239, 53398.63858920193
1206, 53264.59024734928
323, 53178.15361551802
859, 53136.27640509535
376, 53101.51243325551
716, 53066.052888340164
925, 53012.77136598297
1047, 52968.79278544531
317, 52924.67366649025
736, 52899.71086602366
884, 52895.068055250595
447, 52862.045776000836
319, 52820.22992683878
1131, 52796.865486590475
610, 52746.50857806324
988, 52735.22115858163
28, 52708.026590834445
100, 52707.84398798417
1257, 52695.60629774146
714, 52668.08869467675
101, 52613.819503302075
543, 52612.41191338532
472, 52592.10211895644
979, 52478.99212675966
561, 52428.639777788056
1353, 52399.251223900545
1289, 52335.29897021254
82, 52335.29897021254
779, 52310.19464070802
723, 52247.57353990792
737, 52196.6445887901
1207, 52190.86797320696
671, 52080.40076464308
75, 52055.85908379252
1205, 51996.283522638645
1095, 51904.30711532485
1014, 51819.395241846985
907, 51731.8797272281
197, 51728.64876733408
1254, 51696.87899222987
385, 51428.11860971507
998, 51229.69148639388
1244, 51152.373380291996
715, 51145.54299881912
616, 51145.12073313188
677, 51140.70826252578
57, 50996.58465090824
797, 50994.15240542361
1327, 50987.6192828058
894, 50973.766276310285
491, 50880.63660710453
1153, 50849.649003338025
1226, 50817.953486787526
489, 50800.3034713702
1045, 50690.53322234958
649, 50530.33656005845
585, 50485.294995278986
1053, 50481.04402310512
1033, 50465.77804391167
1335, 50441.92647479408
926, 50344.75453974771
375, 50153.46074583464
118, 50115.0178525004
652, 50068.25218869938
49, 49991.17909186656
9, 49978.23068491515
931, 49854.97518745572
648, 49851.652936756465
393, 49721.262143447406
487, 49629.13251272459
602, 49586.96721460914
448, 49386.72603790753
1402, 49313.97745575472
300, 49288.36769749427
1142, 49242.34120618604
1073, 49199.964351944946
1331, 49146.73180981025
935, 49141.41626594962
1366, 48666.38627319453
181, 48485.32520679884
946, 48478.18459743971
1377, 48446.735382441955
573, 48403.46714868074
541, 48392.295158172026
590, 48322.59421244603
1038, 48249.09830960204
994, 48050.285151308555
1069, 47968.85288877981
126, 47855.16356390571
651, 47841.4518415948
1259, 47778.9896579982
1260, 47689.90061862146
614, 47666.70072099548
639, 47564.37574916199
789, 47514.24416971466
147, 47487.713516810196
1357, 47390.572156571834
928, 47373.4405280634
680, 47359.50589238959
888, 47244.822761531155
631, 47221.887580065275
997, 47086.767317541744
873, 47086.767317541744
50, 47027.95497437106
196, 47025.70559691962
1358, 46993.97635638813
1294, 46986.06286028841
837, 46955.08855184384
312, 46948.6033033128
182, 46841.30889964974
572, 46763.02354874974
199, 46756.006974043994
58, 46703.758518755465
1099, 46606.52004227223
97, 46535.272818673315
851, 46434.05561406794
989, 46420.07809901058
403, 46420.07809901058
1325, 46355.30944349115
453, 46345.43876621454
452, 46345.43876621454
127, 46332.99927293266
1143, 46255.323995473576
320, 46192.309203590215
1165, 46160.49805738246
628, 46090.43190534246
936, 46078.232074639345
718, 45953.167950569055
1231, 45882.54239519865
844, 45848.72813355446
293, 45792.13219917101
1238, 45779.9149120317
849, 45721.90709081518
1089, 45690.20585122897
1164, 45670.53868476364
200, 45670.53868476364
549, 45664.13681835139
188, 45630.343369361035
1333, 45567.52405477793
202, 45477.13282488649
245, 45409.254021825545
1258, 45385.574812824365
138, 45274.38495596707
402, 45239.74814834801
1161, 45223.53223332122
232, 45217.39116184489
1091, 45045.12008430515
1090, 45045.12008430515
591, 45028.701017382285
357, 44889.073200967236
214, 44824.475119815674
679, 44792.10157862779
875, 44680.37163726528
567, 44627.66039782834
744, 44606.12996811564
1134, 44605.03923902839
1309, 44426.315700309286
1319, 44320.12765867552
493, 44313.63188572914
1048, 44290.30915794712
731, 44226.03237461656
