401, 99993.8389702929
1395, 99931.9137950433
861, 99843.78140611113
151, 99793.81988241784
1101, 99591.09424884921
124, 99577.75329517153
149, 99575.64965911397
607, 97996.52062384029
264, 97632.64560408257
1056, 97574.34574570427
1110, 97569.15765173265
1108, 97569.15765173265
922, 96964.38505837983
1081, 96855.88797451112
1109, 96799.71458457557
1397, 96683.70966298114
1288, 96536.42297196103
1106, 96203.26038492391
1105, 96203.26038492391
1102, 96203.25740275365
409, 95719.93597086867
391, 95656.11518190526
155, 95480.332609307
1400, 95200.21776867531
1088, 95138.51302825286
1232, 95078.71743419334
437, 94932.11795802406
1399, 94888.83593041482
1018, 94827.9224515655
154, 94827.9224515655
1086, 94608.87523013086
1234, 94585.58824956938
451, 94581.32576115505
564, 94232.85065502547
571, 94188.7325115929
1085, 94044.27986702614
562, 93989.62769847552
860, 93950.46594472858
709, 93702.99491468142
992, 93633.29673550413
673, 93616.85794905669
554, 93554.77707686152
302, 93489.56471134337
866, 93392.06688879155
555, 93192.56843825305
700, 93089.16508588329
855, 92920.45658920251
454, 92896.88219431891
1059, 92755.50464469305
856, 92603.66417124307
854, 92603.66417124307
1061, 92400.67387812349
1039, 92047.37220382999
442, 91841.7354041696
233, 91528.49602805119
1113, 91528.08063542059
1344, 91031.02175280258
501, 90112.39407368326
1323, 89600.0923059756
815, 89522.5203057457
1317, 89460.05006715206
1228, 89214.76239669241
865, 89214.76239669241
1404, 89176.38304063505
139, 89102.93620828385
1188, 88983.11238933241
674, 88975.40246500273
1190, 88922.70721385244
168, 88833.38542879264
794, 88290.47688264625
26, 88288.42266554355
434, 88071.95595082587
390, 87993.65243206767
273, 87973.95396998848
72, 87698.0883489003
852, 87531.55959493548
553, 87489.09685502727
796, 87371.49778116553
419, 87255.32037679674
417, 86969.9737569691
167, 86969.09752793757
267, 86942.63800171559
831, 86192.2719444282
1027, 85973.87817198838
410, 85888.46947114792
256, 85623.244110971
1074, 85200.16835667584
993, 85090.95981795732
187, 84723.6660480957
362, 84183.60227022515
42, 83436.46450797327
227, 83120.19426048282
647, 83090.77933627572
903, 83084.31889221809
1410, 82906.46053292433
122, 82761.82431676936
1300, 82758.80031954747
574, 82692.23509079513
1015, 82450.38147944193
1245, 82093.43122426691
968, 81655.29618848731
1396, 81392.9730369008
1077, 81166.88996895199
274, 80898.45264169812
271, 80898.45264169812
1016, 80891.79201488629
1409, 80801.94981774707
1065, 80801.94981774707
85, 80801.94981774707
1408, 80771.2111164087
1407, 80758.8969485908
601, 80755.04655436019
86, 80647.58506601912
441, 79792.15919772912
1017, 79692.0454305438
783, 79086.31677265953
802, 78973.95717807698
801, 78973.95717807698
346, 78943.33994013134
1314, 78941.9538700882
1080, 78768.70772157435
970, 78337.90416590874
654, 78289.74716338381
828, 78216.37285501519
481, 78022.46595847695
1162, 78009.59439189859
829, 78009.59439189859
740, 77284.68992532537
739, 77219.29402800741
1060, 77125.50156927142
123, 77091.54476141125
765, 76979.86998721815
515, 76979.86998721815
514, 76979.86998721815
502, 76951.2277685156
690, 76800.4903338867
141, 76780.01932756329
304, 76513.66654185728
1191, 76405.39761249097
932, 76109.5910182513
1189, 75910.28552705016
133, 75644.62850605487
565, 75498.17248862429
762, 75111.80611555735
772, 74950.69578267293
1066, 74868.95209151077
74, 74424.9260024217
1172, 74244.24271846065
776, 74211.4901197365
6, 74016.59650922682
1287, 73952.30976030396
269, 73899.20467795692
516, 73714.43552840794
420, 73596.69224321676
969, 73547.30256603399
415, 73375.05286558904
1155, 73258.5720141405
1029, 72997.6743951496
661, 72941.3625643092
972, 72898.17164113108
967, 72898.17164113108
361, 72884.11765499601
1346, 72614.38954502481
853, 72595.27793027341
1035, 72500.61212665726
353, 72415.02109296652
145, 71507.78956804828
1004, 71473.86812453505
1147, 71429.01706282105
464, 71429.01706282105
1373, 71405.70754508124
583, 71375.81707331563
1003, 71362.10016312997
369, 71147.36323553161
919, 70706.83367982897
503, 70592.6750252053
5, 70560.11322983362
1199, 70456.8326105026
1334, 70417.59567509999
222, 70352.26872332278
19, 69916.64410775152
367, 69725.78717602641
142, 69575.47041332947
93, 69508.23996493833
1302, 69284.07311254914
920, 69231.55932591428
116, 68825.87559290002
347, 68754.34203575485
858, 68610.11678936072
830, 68178.78881165174
1290, 68136.70889594336
827, 68054.28919378927
1040, 67749.97896554592
745, 67576.42182461043
45, 67306.74728424287
43, 67282.58968671493
971, 67014.33053344669
701, 66910.52995418225
846, 66876.45683411795
517, 66874.55647614786
1342, 66706.5696501297
540, 66345.58241989155
1204, 66160.37797992946
495, 65755.26304875556
1201, 65667.31532879916
433, 65634.92901517129
204, 65625.75104371892
488, 65447.61283579262
509, 65399.67805701098
930, 65251.27227089821
399, 65078.6385139275
277, 65036.932689298235
1274, 65008.415272817154
252, 64887.57506960602
546, 64672.888278042876
1200, 64423.67952646777
1169, 64177.30676771255
840, 64001.2321658344
1075, 63958.870812276604
1076, 63786.325096403074
238, 63762.126931323146
1414, 63717.24630598954
134, 63661.39854467136
558, 63536.75365796374
1057, 63419.34356288006
885, 63090.83782997117
1224, 63015.661823562215
867, 62854.03062001388
781, 62804.19515465637
153, 62767.03956572108
1313, 62290.40658350421
231, 62274.91881179666
1136, 62268.7484900996
418, 62236.99106186048
471, 62215.68526994964
423, 62110.606610867704
424, 62097.3653282601
30, 61948.916374271765
1028, 61935.35698629132
659, 61726.85537826469
220, 61697.964777398054
354, 61665.838440158695
1382, 61579.75236554484
834, 61565.09951232861
299, 61562.60788772945
1398, 61549.15645933625
1044, 61525.34469043923
107, 61359.632032250636
584, 61240.41842743659
380, 61163.87754429182
270, 61080.163739471674
268, 61080.163739471674
978, 61065.360017743864
279, 60811.79149491701
450, 60501.416812613075
449, 60501.416812613075
278, 60449.883437251636
309, 60425.47777797709
478, 60220.20776804678
771, 60112.06261489852
868, 59858.99949333126
221, 59841.64240354234
106, 59673.646259346635
1111, 59658.60845706431
622, 59648.3368455415
621, 59648.3368455415
64, 59519.40115994686
581, 59446.241932737954
645, 59415.07090997056
644, 59415.07090997056
63, 59415.07090997056
250, 59339.219425663905
61, 59208.498273927944
504, 59166.15560527374
500, 59082.52657094965
228, 58834.62308753321
1403, 58813.824054399054
398, 58714.32480285054
545, 58698.026775187784
1002, 58688.90987235562
600, 58647.4966699768
835, 58606.53213413391
397, 58596.272903334044
172, 58516.45350120306
1013, 58502.94432005033
556, 58501.44752093309
1012, 58469.230354528
618, 58448.0327695126
759, 58446.59758857623
1401, 58439.16105414898
366, 58376.18169988495
444, 58367.08436006112
1137, 58211.49018624493
1058, 58149.87986874889
699, 58081.498709863845
56, 57878.33517818303
1310, 57865.22697398007
194, 57535.177623889314
619, 57534.20129665852
905, 57531.84455521047
899, 57531.84455521047
749, 57409.12998248904
192, 57402.66114567426
191, 57402.66114567426
1264, 57289.9551922983
1263, 57289.9551922983
460, 57245.99334150935
557, 57212.2206867161
209, 57183.27402478436
780, 57022.32091778872
249, 57005.787715798026
1043, 56829.897573565104
330, 56815.65515302551
534, 56809.47459476501
836, 56791.546648254574
180, 56653.76010917769
604, 56614.70533559968
29, 56423.846370822524
1217, 56188.44216966611
1216, 56188.44216966611
620, 56114.31666500501
1170, 56066.89392137349
305, 55883.80369782155
1173, 55860.22301569077
131, 55788.718919610044
704, 55783.00396448588
702, 55783.00396448588
536, 55715.704566131906
535, 55715.704566131906
594, 55619.78650875037
782, 55482.639855127294
395, 55393.31495541402
216, 55381.822440920194
161, 55362.483776517845
160, 55359.11044991171
159, 55354.187969622304
847, 55209.52079057209
210, 55115.33051082822
146, 55115.33051082822
1152, 54993.25179828914
1240, 54884.10958382236
1112, 54669.047905007385
1306, 54522.501298039526
596, 54479.443471028455
88, 54460.54343346089
170, 54403.25571988448
53, 54403.25571988448
218, 54394.20291404129
605, 54368.06651039725
158, 54257.0266199466
157, 54257.0266199466
977, 54203.23444112757
1067, 54071.55220129916
169, 54051.98370102049
1052, 54028.794955063466
598, 53706.687421046605
285, 53667.38134075809
1036, 53598.70848190089
178, 53593.29653833847
518, 53317.836153797514
696, 53227.09626412102
705, 53135.648561056856
703, 53135.648561056856
459, 53082.65508828586
908, 52915.4986652322
381, 52845.814675558555
173, 52596.57941578415
597, 52505.18497212027
215, 52491.46970999599
790, 52449.61275058785
1363, 52430.828129477646
775, 52226.148363218635
575, 52133.491572777544
800, 52116.50685051045
421, 52055.54413401616
427, 52001.276182860034
226, 51944.279722060804
1262, 51936.73978085576
1378, 51858.53040537556
186, 51792.70995190756
36, 51792.70995190756
1330, 51740.57089319474
474, 51624.91724497753
915, 51140.59378954145
921, 51103.873583997396
512, 51063.15975973979
108, 50990.755319434356
570, 50933.69688580579
643, 50881.851126991525
177, 50866.55960944719
1413, 50730.79905478554
814, 50726.36323025246
1255, 50676.7693994368
1348, 50667.58568395391
613, 50599.12566833522
538, 50592.074819158486
272, 50479.98761667996
275, 50358.05499528542
432, 50268.342413574115
1362, 50163.7660844607
537, 50143.87874250273
1285, 50067.773320292545
1193, 50053.44369568041
156, 50019.4961026798
217, 49979.30235861987
1149, 49958.30247696372
1286, 49907.603539685784
698, 49891.303173920904
140, 49851.69862679925
544, 49805.83609756493
461, 49595.15201518127
1343, 49275.70009315841
1236, 49255.436579659654
525, 49248.0229836925
135, 49213.47063434326
560, 49176.404551658634
18, 49175.61466053695
14, 49006.04887605862
576, 49006.03742437431
877, 48992.64129821401
612, 48983.399871029695
531, 48933.845872788486
102, 48929.090443573834
136, 48928.07774155602
1379, 48897.85856790684
1419, 48878.11418424553
334, 48830.75154569998
1031, 48734.37759703983
65, 48638.50760250227
62, 48638.50760250227
826, 48607.76596707077
112, 48581.75805350476
137, 48577.015037278135
4, 48515.20309643788
1299, 48485.963718570776
857, 48482.95272557167
1084, 48431.452421049005
1082, 48431.452421049005
750, 48218.22006102687
751, 48159.115522978966
1010, 48146.00699150571
15, 48019.05713080534
363, 47949.239869641766
949, 47945.71140621268
1020, 47923.18514065034
1318, 47876.53744378581
364, 47871.626950530874
845, 47843.73748820137
799, 47836.69976890117
798, 47836.69976890117
1175, 47825.67589968042
633, 47728.72011134535
239, 47647.82625391441
21, 47647.82625391441
692, 47623.64803483121
609, 47617.23859049528
16, 47539.05104987516
350, 47287.71793236948
425, 47273.36132761016
348, 47270.04083177699
1121, 47173.370818422176
623, 47137.41768597028
416, 47096.05803599843
3, 47034.2857904707
2, 47034.2857904707
396, 46967.19761301503
44, 46967.19761301503
291, 46886.28187652709
754, 46836.692901037
1051, 46787.48288210354
1148, 46769.89385564651
1308, 46743.63826619496
712, 46669.71337724942
1144, 46655.4805831156
1083, 46600.084490032845
1176, 46536.892982070254
752, 46522.24149970519
1246, 46423.674491549995
719, 46420.96597042088
811, 46417.33843484701
411, 46218.1427536078
90, 46205.08107997481
426, 46187.814572437106
414, 46187.814572437106
1100, 46164.626078375106
352, 46150.41955289672
479, 46142.37207935163
563, 46125.830083269255
422, 46072.845686791676
413, 46072.845686791676
219, 46058.06762087233
955, 46035.00494568676
611, 45896.18932304543
412, 45892.10961783344
1376, 45890.751293202484
290, 45846.01308285456
960, 45832.75833410769
984, 45802.31748434036
480, 45790.303545432995
1117, 45651.02377229231
