1345, 99836.67122178004
764, 99294.80702598333
1365, 98764.16544604466
373, 98749.28305382376
991, 98290.52760331017
523, 98178.05839926146
130, 97766.97630939656
1361, 97081.00208073328
143, 97043.54455617888
111, 97030.47061559494
230, 96163.94649875344
229, 96117.37945815231
1229, 95899.1581712558
303, 95581.94225330774
404, 95046.3028217687
1243, 95023.3213272576
1210, 94540.67360485533
841, 94472.73215430419
551, 94375.87497684832
957, 94358.48543400689
1167, 93929.92617626228
675, 93677.47041237551
1042, 93401.94383891158
1203, 93395.73663439769
372, 93381.57861670088
724, 93195.03369131793
1041, 93006.44035113706
507, 92996.07529390545
842, 92650.586702061
508, 92500.04950602606
529, 92079.47048942109
818, 91386.84087770266
681, 90939.88689060166
1006, 90676.6748242375
1202, 90648.14196575437
1341, 90597.01663394722
1320, 90409.34346085496
683, 90233.30478130256
725, 89865.13752568563
682, 89678.05881691822
1186, 89441.92624412081
635, 89310.9712939485
634, 89310.9712939485
976, 89308.4610759165
506, 89265.08491588804
975, 89240.25518844824
685, 89199.367198556
1092, 89073.22509717794
1266, 88816.45928799518
84, 88617.67863197961
321, 88605.08024790724
684, 88195.4672838064
333, 88146.48822142217
1391, 87644.08299046516
25, 87395.04226687092
532, 87259.24507263006
24, 86837.54936276127
308, 86545.00614850142
23, 86444.08285022894
77, 86202.19533452147
879, 86196.34902511063
878, 86196.34902511063
1393, 86108.75977578133
505, 86057.84306552728
400, 85834.15754671989
128, 85676.04214241279
646, 85516.87688843513
1219, 85052.04142549381
1218, 85012.20274711332
1338, 84923.72400348284
1337, 84923.72400348284
914, 84857.11298128821
1139, 84647.43944352987
954, 84558.4076071842
1140, 84473.11879716652
521, 84275.33956891813
1141, 84127.08000627469
1138, 84127.08000627469
962, 84002.4065325663
964, 83953.22559153383
963, 83953.22559153383
1267, 83943.8610369644
965, 83936.85615244969
283, 83812.41830573344
1126, 83703.82201687244
1265, 83630.82544348548
912, 83564.5934599355
708, 82968.64115151315
608, 82940.24611842094
550, 82798.645056691
918, 82618.35042619772
805, 82608.87325434046
625, 82511.69200879334
388, 82442.83199694897
162, 82345.07608112197
1394, 81908.85710982166
1364, 81810.47352126092
785, 81680.25520662259
387, 81671.25136926891
804, 81626.09977762536
973, 81551.13391572423
298, 81381.06394804227
687, 81098.31172886933
389, 81093.81009890414
882, 80912.70543107773
1230, 80851.31257750442
144, 80755.7107245368
1336, 80558.25280040305
686, 80219.3985253799
688, 80034.10705263085
895, 79816.05286932975
284, 79730.83599167607
33, 79727.5154024935
443, 79303.42201784448
913, 78857.55369657252
533, 78817.87629082498
524, 78613.6387128693
1352, 78575.07449829402
1268, 77238.18099504501
339, 77151.25640544285
1392, 77118.12727649107
1296, 76878.6762153373
34, 76877.94860891305
1118, 76805.6722939133
595, 76805.6722939133
626, 76650.19176036521
917, 76480.56722780092
933, 76258.99332408211
92, 76186.70717900651
1251, 76032.13653809663
1269, 76015.82789505964
163, 75816.89155062701
91, 75579.49321816328
1211, 75540.55134100273
1297, 75521.6989074937
953, 75139.67191029755
297, 75139.67191029755
881, 74339.76319345091
351, 73976.92786117893
1242, 73874.71871080673
1241, 73874.71871080673
117, 73750.18390530685
951, 73350.10749730599
129, 73228.51240218195
1007, 72587.84479045415
383, 72573.18297794618
784, 72341.36124203817
1128, 72234.98130661853
1158, 71968.10434584465
32, 71893.02806358498
1351, 71624.8341655541
910, 71526.62151847254
1385, 71420.45516891677
318, 71103.35632109926
316, 70836.06601063875
774, 70602.19902633608
773, 70602.19902633608
1093, 70561.00173883085
510, 70561.00173883085
660, 70519.38453178456
96, 70458.93891500203
1146, 70250.51980206023
1130, 70205.20073863614
821, 69979.77984456037
1380, 69977.47227358434
658, 69890.8209218733
1311, 69541.0543609221
1298, 69374.6512084109
511, 69291.67191623284
1196, 69219.379493405
1197, 69143.0990850112
1386, 68917.84155894858
1387, 68821.22691152738
586, 68781.22434815139
1195, 68357.05566081712
1198, 68349.91580636766
1374, 68332.20376457911
1116, 67894.96567979292
1340, 67882.39893797132
593, 67658.33725276851
282, 67600.4293009125
766, 67489.10451258386
1096, 67450.27051253199
599, 67164.63114286994
883, 67040.58305125349
587, 66894.86415413648
995, 66505.30642529421
758, 66500.89002654882
198, 66448.77778914926
1097, 66373.40859500402
747, 66120.2841546699
669, 66039.61880256735
327, 65981.6266393052
746, 65918.97575382146
990, 65775.40507348903
896, 65753.79979193295
887, 65462.731368559165
880, 65316.647663479554
707, 65210.95714320031
966, 65197.92403973616
1372, 65089.579066649065
806, 65042.118505377686
1127, 64646.88545119887
1129, 64597.45548827177
548, 64460.120304542004
547, 64444.69210653857
340, 64120.675251233835
522, 64031.81821701545
1237, 63881.35589861912
1024, 63881.35317522449
1023, 63881.35317522449
280, 63561.15400604312
839, 63517.621452007224
175, 63334.263497344204
1054, 63294.433047301325
1022, 63063.31285754821
1098, 63004.63023576843
431, 62975.88859235024
1064, 62957.64459511749
344, 62668.65247104858
664, 62621.74202402201
1049, 62563.229926027394
1156, 62472.98910424841
1050, 62249.06223907885
672, 62239.53293152682
624, 62144.593767600905
1021, 62122.38466602899
1151, 61787.83412951465
755, 61157.31730909932
1275, 61073.18102239826
1154, 60884.659368198336
66, 60868.41719847375
559, 60830.556470918775
296, 60804.98054745927
265, 60786.2568669434
440, 60766.08863367435
377, 60687.31139681242
336, 60560.286432189016
996, 60463.190293960026
911, 60208.05971984669
738, 59984.77977277674
292, 59983.06370516836
950, 59881.56867511891
578, 59684.71938387555
767, 59480.448694574916
1055, 59452.51981265869
952, 59274.48875884909
1220, 58973.005301690886
378, 58833.097287043136
1233, 58473.0112507971
941, 58410.71233697096
35, 58406.435883739236
959, 58382.24002531861
1215, 58375.0907965241
893, 58321.94071008744
301, 58118.59182253043
722, 58061.70763907035
760, 58049.13622522647
627, 57826.22782213312
721, 57791.26689028434
261, 57733.177189298265
542, 57668.81887237588
539, 57668.81887237588
1420, 57604.387658036925
823, 57512.43243860555
1339, 57332.34442658742
201, 57204.36143171158
1295, 57060.13464282689
27, 56987.012515861505
982, 56954.70271418414
924, 56953.19018187912
916, 56829.21620130376
838, 56790.72854797155
822, 56741.85013254246
1107, 56682.99151699208
263, 56578.31491806158
1070, 56530.55056720627
1071, 56530.550165984416
439, 56419.033351401835
8, 56257.54135621388
115, 56180.52598948383
943, 56068.440782035235
1194, 55900.944156502504
262, 55900.89526750177
906, 55870.454997087334
937, 55857.18855482065
121, 55826.40947041586
1072, 55797.510595903266
436, 55691.95773912331
735, 55682.402328248645
803, 55581.06817795397
1349, 55551.97681868043
1293, 55551.484001724275
1292, 55537.62850515918
944, 55309.74726881135
1332, 55283.46698517089
1213, 55266.2085991361
848, 55131.06119361487
945, 55064.05579372072
28, 54753.44132353878
1114, 54680.0070184775
76, 54492.27024468985
462, 54360.29087043396
1291, 54338.15258269201
499, 54273.46870634745
87, 54190.96178399435
974, 54031.25888138219
629, 53946.52620296196
1104, 53907.907719200484
1375, 53773.63654355807
52, 53629.41862879853
678, 53315.65256476225
1252, 53163.371330439455
1068, 53142.21592085191
407, 53073.83306415027
324, 53064.55890002565
810, 53016.46874412894
1276, 52932.54013153594
294, 52910.82991336821
615, 52811.84242320033
406, 52803.00863171643
394, 52798.24771773972
491, 52784.11969507252
243, 52537.2301142359
650, 52501.699368959446
329, 52491.88720034711
1212, 52274.91845529533
1355, 52242.81393836878
392, 52242.25876093576
1359, 52233.07628410054
171, 52115.504269199046
341, 52029.09527602522
1261, 51953.36725867045
60, 51936.420729684774
843, 51858.605702147106
95, 51678.229690537955
355, 51654.772044766185
1208, 51533.27958212142
603, 51517.14928945925
79, 51494.26913025682
1209, 51455.626835062474
1239, 51451.39387954854
487, 51438.462867118076
1206, 51326.93235268202
323, 51246.66537503685
859, 51207.7738583599
376, 51175.48674194636
716, 51142.55203078768
925, 51093.061324527545
1047, 51052.20897044414
317, 51011.223601720005
736, 50988.03279717099
884, 50983.71947123018
447, 50953.039883862584
319, 50914.18858050034
1131, 50892.47960182376
610, 50845.68831973114
988, 50835.19968791587
100, 50809.75927183683
1257, 50798.387009788195
714, 50772.81470921522
101, 50722.37915261709
543, 50721.07094661952
472, 50702.194860033356
979, 50597.05993760873
561, 50550.25256424075
1353, 50522.931575194976
1289, 50463.47474434415
82, 50463.47474434415
779, 50440.13366359133
723, 50381.90738020952
737, 50334.54900355976
1207, 50329.177172151605
671, 50226.442558522445
75, 50203.61666472407
1205, 50148.203034694314
1095, 50062.64320886725
1014, 49983.645519492566
907, 49902.21593654395
197, 49899.209474880416
1254, 49869.64646583477
385, 49619.50310014511
998, 49434.76200345239
1244, 49362.76314883617
715, 49356.402310847494
616, 49356.009071178654
677, 49351.89989472863
57, 49217.669080359825
797, 49215.40355968781
1327, 49209.318230223755
894, 49196.41455627191
1153, 49080.792002669725
1226, 49051.26261399361
489, 49034.81827685385
1045, 48932.537553382455
649, 48783.24339249874
585, 48741.2613256637
1053, 48737.29897181832
1033, 48723.06928112218
1335, 48700.836214261646
926, 48610.250599303785
375, 48431.88750354387
118, 48396.037560411685
652, 48352.42366921142
49, 48280.53882190454
9, 48268.46130522999
931, 48153.48506682079
648, 48150.385708211616
393, 48028.73178756304
602, 47903.41262202406
320, 47755.77644910161
448, 47716.511999390525
1402, 47648.59741057618
300, 47624.687757557884
1142, 47581.714629305476
1073, 47542.14662843667
1331, 47492.439229509306
935, 47487.47549034291
1366, 47043.73896580725
181, 46874.52959286355
946, 46867.855524994295
1377, 46838.4603102555
573, 46798.01592579269
541, 46787.57267225229
590, 46722.414633620894
1038, 46653.70223983376
994, 46467.79422035642
1069, 46391.63317115587
126, 46285.28887777992
651, 46272.461897152636
1259, 46214.02700185397
1260, 46130.6733743796
614, 46108.965378547495
639, 46013.212316605
789, 45966.295577390294
147, 45941.46497825899
1357, 45850.54061472786
928, 45834.504145045474
680, 45821.460018921556
888, 45714.09638152395
631, 45692.62298011188
997, 45566.10093039799
873, 45566.10093039799
50, 45511.02371363752
196, 45508.917104183114
1358, 45479.20102614221
1294, 45471.78942542351
837, 45442.77881780142
312, 45436.70456323044
182, 45336.20195539796
572, 45262.86277540737
199, 45256.28913241544
58, 45207.33694834467
1099, 45116.22374762722
97, 45049.45683340114
851, 44954.593345237074
989, 44941.49220647449
403, 44941.49220647449
1325, 44880.78120084437
453, 44871.52843140061
452, 44871.52843140061
127, 44859.867476205814
1143, 44787.04908049609
1165, 44698.14189688719
628, 44632.44163225938
936, 44621.001338501934
718, 44503.71240589537
1231, 44437.4687187035
844, 44405.750143916055
293, 44352.65852801971
1238, 44341.19717193766
849, 44286.77589664719
1089, 44257.03287059414
1164, 44238.579911613626
200, 44238.579911613626
549, 44232.57317481356
188, 44200.86461636503
1333, 44141.91703643007
202, 44057.08795460692
245, 43993.37909353194
1258, 43971.153152415165
138, 43866.77770243942
402, 43834.26039802052
1161, 43819.03623920848
232, 43813.270663678886
1091, 43651.51328593505
1090, 43651.51328593505
591, 43636.09427626242
357, 43504.95689619154
214, 43444.278359846314
679, 43413.8670857723
875, 43308.89907405776
567, 43259.37234006263
744, 43239.14162141194
1134, 43238.116719609076
1309, 43070.15868960135
1319, 42970.34740454912
493, 42964.241240061776
1048, 42942.31693152617
731, 42881.89051499513
