1345, 99224.57672031394
991, 99212.13210905626
523, 99097.54514966925
764, 98371.67305315004
143, 97941.8062927667
111, 97928.48921665318
1365, 97850.82637535273
373, 97836.21794514322
230, 97045.92443263362
229, 96998.49949631796
130, 96871.90392232586
1361, 96198.38934189879
404, 95907.80688147973
1210, 95392.99485444177
841, 95323.82329230422
957, 95207.51010271994
1229, 95037.80878309744
303, 94726.25637334344
675, 94514.2296080756
372, 94213.03668860899
1243, 94177.56394191762
724, 94023.1584054128
507, 93820.65227837148
551, 93541.55295488598
842, 93469.02135533455
508, 93315.81505237264
1167, 93103.4357466434
529, 92887.80224553721
1042, 92584.67831859493
1203, 92578.57926117827
1041, 92196.05144955548
818, 92183.00511655828
681, 91728.24883588441
1006, 91460.46011333495
1341, 91379.41949799907
683, 91009.41125987546
725, 90634.89661749931
682, 90444.60265025504
1186, 90204.42143558439
635, 90071.22584061662
634, 90071.22584061662
976, 90068.67270512533
506, 90024.55513131863
975, 89999.30116206389
685, 89957.71481866209
1202, 89878.15882858867
1092, 89829.42029384222
1320, 89643.3946436991
1266, 89568.2826963093
84, 89366.12630559294
321, 89353.31423123894
684, 88936.77028757402
333, 88886.9646370426
1391, 88376.10748060972
25, 88122.89529720227
24, 87556.10788848807
308, 87258.71149308339
23, 87156.11776209764
77, 86910.23467529209
879, 86904.29193505754
878, 86904.29193505754
1393, 86815.25875439422
505, 86763.50335209553
532, 86545.53103522373
400, 86536.13926958082
646, 86213.65747462037
1219, 85741.23723516299
1218, 85700.75045102426
1338, 85610.83341193675
1337, 85610.83341193675
914, 85543.14057248182
1139, 85330.0673742595
954, 85239.59454459028
1140, 85152.92676201733
128, 84987.88981642925
521, 84951.95520543365
1141, 84801.30757115879
1138, 84801.30757115879
962, 84674.62922949743
964, 84624.65823982362
963, 84624.65823982362
1267, 84615.14330497381
965, 84608.02594393358
283, 84481.59159796676
1126, 84371.25542358347
1265, 84297.09061179617
912, 84229.79954294597
608, 83595.51027599996
550, 83451.66489575188
918, 83268.51828525659
805, 83258.89137333383
625, 83160.17565930597
388, 83090.22947069266
162, 82990.93315880407
1394, 82547.86296990635
1364, 82447.93926533562
708, 82323.12964229552
785, 82315.68536723065
387, 82306.5409024033
804, 82260.6843419356
973, 82184.54888078422
687, 81724.68498806878
389, 81720.1135536832
882, 81536.20384146173
1230, 81473.86154285769
1336, 81176.27961996951
686, 80832.21725950127
298, 80759.92691847043
688, 80644.08730478653
895, 80422.70125078366
284, 80336.18475674522
33, 80332.81355470148
144, 80144.04710063848
443, 79902.27360565227
913, 79449.66521842737
524, 79202.0793025493
1352, 79162.93574754262
533, 78235.10980848792
1268, 77806.136124467
339, 77717.92920042496
1392, 77684.31172606681
1296, 77441.33730216423
34, 77440.59900637793
1118, 77367.26138018229
595, 77367.26138018229
626, 77209.50117864493
917, 77037.39492427834
933, 76812.5876163469
92, 76739.2486589148
1251, 76582.43015876033
1269, 76565.88461476477
163, 76364.06263660424
91, 76123.2307703443
1211, 76083.7267091189
1297, 76064.60221783025
953, 75677.07701070776
297, 75677.07701070776
881, 74865.74712446326
351, 74497.77192177142
1242, 74394.11947983601
1241, 74394.11947983601
117, 74267.82884838579
951, 73862.13198769171
1007, 73089.24617029451
383, 73074.3811256772
784, 72839.35154670943
1128, 72731.50304538028
129, 72725.20501331908
1158, 72460.95148059218
32, 72384.8439564902
1351, 72112.97504870725
910, 72013.42008348847
316, 71313.47896345754
774, 71076.45424940901
773, 71076.45424940901
1093, 71034.7017986608
510, 71034.7017986608
660, 70992.52410197847
1385, 70941.61363150435
96, 70931.26501432905
1146, 70720.04642153461
1130, 70674.11974240077
318, 70628.74322240146
821, 70445.68239997007
1380, 70443.34400111497
658, 70355.53577815021
1311, 70001.1142434302
1298, 69832.50474419401
511, 69748.42722062794
1196, 69675.17908915327
1197, 69597.89134316257
1386, 69369.66567636898
1387, 69271.7809682463
586, 69231.25307255413
1195, 68801.5329785298
1198, 68794.29997633005
1374, 68776.35690266179
1116, 68333.43475074519
1340, 68320.70518673638
282, 68035.09018494928
766, 67922.33038385073
1096, 67882.99636267929
599, 67593.68806936592
883, 67468.05152523557
587, 67320.47046465449
593, 67228.46181074469
995, 66925.95460461687
758, 66921.48216334225
198, 66868.70892390492
1097, 66792.38465720371
747, 66536.06065161437
669, 66454.37825941111
327, 66395.65569715387
746, 66332.21646491605
990, 66186.84206134296
896, 66164.96568953591
887, 65870.2538755742
880, 65722.34774588083
707, 65615.34127640472
966, 65602.1460471717
1372, 65492.45457890979
806, 65444.404896768945
1127, 65044.282717573595
1129, 64994.24341034864
548, 64855.21770605779
547, 64839.59982229008
340, 64511.609848779895
522, 64421.666774227415
1237, 64269.36892075772
1024, 64269.36616417901
1023, 64269.36616417901
280, 63945.275292932005
839, 63901.21516783841
175, 63715.63910132
1054, 63675.3276710857
1022, 63441.422571098105
1098, 63382.03448243108
431, 63352.94755637765
1064, 63334.48447059682
344, 63042.03043997745
664, 62994.55955736477
1049, 62935.34901317668
1156, 62844.03229772916
1050, 62617.442438555736
624, 62511.73490223798
1021, 62489.26265673249
1151, 62150.75968791949
672, 61875.57289654633
755, 61512.852368188185
1275, 61427.735674406125
1154, 61237.02219440164
66, 61220.59150672723
559, 61182.291538129415
296, 61156.41905173071
265, 61137.47834249719
440, 61117.07641192645
377, 61037.3871015308
336, 60908.89397050495
996, 60810.67767838466
911, 60552.61241910432
738, 60326.7744240416
292, 60325.038733106165
950, 60222.38410886135
578, 60023.291433927574
767, 59816.70065954797
1055, 59788.455187672655
952, 59608.40957372192
1220, 59303.528490897515
378, 59162.049691067834
1233, 58797.938173279166
941, 58734.94533475197
35, 58730.62127503737
959, 58706.156128829476
1215, 58698.92735423181
893, 58645.18620199229
301, 58439.58094561539
722, 58382.066994923
760, 58369.356486311706
627, 58143.98678550043
721, 58108.640690122105
261, 58049.911535959334
542, 57984.8455178463
539, 57984.8455178463
1420, 57919.70659791373
823, 57826.742733661864
1339, 57644.68406609801
201, 57515.30437461066
1295, 57369.507389485516
982, 57262.93015235702
924, 57261.40120492984
916, 57136.08326103476
838, 57097.17897560268
822, 57047.77185734263
1107, 56988.27719524063
263, 56882.47106887667
1070, 56834.19200943125
1071, 56834.19160388767
439, 56721.47479013232
27, 56681.74035092294
8, 56558.249261845194
115, 56480.408938950924
943, 56367.12515735083
1194, 56197.84191691867
262, 56197.7925072264
906, 56167.02812230937
937, 56153.62048052373
121, 56122.51393342083
1072, 56093.30776560678
436, 55986.6338857139
735, 55976.97709729844
803, 55874.568927512635
1349, 55845.16959929943
1293, 55844.6715666505
1292, 55830.669450522175
944, 55600.3820523626
1332, 55573.82492065308
1213, 55556.38479932631
848, 55419.81623389164
945, 55352.10753047193
1114, 54964.044323252456
76, 54774.35545564827
462, 54641.00780517131
1291, 54618.64032955254
499, 54553.28734873238
28, 54471.57093067731
87, 54469.92812190219
974, 54308.57918531986
629, 54222.97516756218
1104, 54183.96001195811
1375, 54048.3118904525
52, 53902.618880585374
678, 53585.65733183271
1252, 53431.83203096963
1068, 53410.46246662854
407, 53341.38796244568
324, 53332.02006536935
810, 53283.44413225871
1276, 53198.66878743491
294, 53176.73976100111
615, 53076.7557632998
406, 53067.8331333733
394, 53063.02434671003
243, 52799.38877344588
650, 52763.502670597525
329, 52753.592409138175
1212, 52534.45933434131
491, 52522.11226528078
1355, 52502.035332063126
392, 52501.47463156866
1359, 52492.20081344496
171, 52373.46069833018
341, 52286.19490609992
1261, 52209.71717591145
60, 52192.60302570116
843, 52114.01902271062
95, 51931.8649849978
355, 51908.17656801891
1208, 51785.49057791853
603, 51769.20203608125
79, 51746.09749250683
1209, 51707.07646259466
1239, 51702.80203711526
1206, 51577.12270554524
323, 51496.07192450243
859, 51456.801078329525
376, 51424.19926900066
716, 51390.94375899649
925, 51340.971382248834
1047, 51299.72178472765
317, 51258.338200773745
736, 51234.922216292936
884, 51230.567019849914
447, 51199.589721219905
487, 51189.61268331771
319, 51160.36166820727
1131, 51138.44229884135
610, 51091.197850415796
988, 51080.607695428815
100, 51054.921120219544
1257, 51043.43886134807
714, 51017.61930639043
101, 50966.696464219385
543, 50965.375625416505
472, 50946.31729678433
979, 50840.16858333402
561, 50792.91053948992
1353, 50765.3266928317
1289, 50705.298317306035
82, 50705.298317306035
779, 50681.733049461465
723, 50622.94796791004
737, 50575.1355718754
1207, 50569.71226848479
671, 50465.994333858966
75, 50442.95023752288
1205, 50387.007300395824
1095, 50300.63136941098
1014, 50220.881413438045
907, 50138.67765811196
197, 50135.64263756382
1254, 50105.798896823275
385, 49853.286864865026
998, 49666.804112085665
1244, 49594.12825631708
715, 49587.70765550069
616, 49587.310721429414
677, 49583.16294192021
57, 49447.672895460775
797, 49445.38615136014
1327, 49439.24381931679
894, 49426.21929738145
1153, 49309.51531727007
1226, 49279.710148760416
489, 49263.112307694304
1045, 49159.877982036094
649, 49009.19549404004
585, 48966.823794034375
1053, 48962.824683253704
1033, 48948.46301506394
1335, 48926.02381870366
926, 48834.599336361774
375, 48654.58910715511
118, 48618.40883563988
652, 48574.393409595636
49, 48501.84754409935
9, 48489.65906560032
931, 48373.627886068134
648, 48370.50012498643
393, 48247.73282382676
602, 48121.26969859809
448, 47932.66856843409
1402, 47864.13771943117
300, 47840.01131941159
1142, 47796.64890430526
1073, 47756.722775962895
1331, 47706.56590360808
935, 47701.557306397706
320, 47541.20878628636
1366, 47253.82974116313
181, 47083.10840491874
946, 47076.37481362229
1377, 47046.71753589135
573, 47005.91285386468
541, 46995.37661781609
590, 46929.638910123875
1038, 46860.3161074243
994, 46672.76110093855
1069, 46595.92724100605
126, 46488.64535510594
651, 46475.70543081091
1259, 46416.75640543201
1260, 46332.67053610908
614, 46310.772059069204
639, 46214.17986944881
789, 46166.85261841364
147, 46141.80492722841
1357, 46050.086626604054
928, 46033.91029325069
680, 46020.75243779854
888, 45912.453954404235
631, 45890.79384280787
997, 45763.17348274327
873, 45763.17348274327
50, 45707.619110253465
196, 45705.494261940556
1358, 45675.52099497361
1294, 45668.04527412542
837, 45638.78378761182
312, 45632.65702430416
182, 45531.28664971781
572, 45457.31545991623
199, 45450.68521800048
58, 45401.311816891204
1099, 45309.41583948117
97, 45242.07632278379
851, 45146.40073970466
989, 45133.187581827675
403, 45133.187581827675
1325, 45071.957905762036
453, 45062.62614938847
452, 45062.62614938847
127, 45050.865672957254
1143, 44977.426392398185
1165, 44887.76251944398
628, 44821.50405189736
936, 44809.96664352761
718, 44691.683511221076
1231, 44624.87947302141
844, 44592.89289027818
293, 44539.353104606846
1238, 44527.79506896684
849, 44472.9150790271
1089, 44442.921589831596
1164, 44424.31332538531
200, 44424.31332538531
549, 44418.256048203606
188, 44386.280809988326
1333, 44326.83797227431
202, 44241.29735218556
245, 44177.055012859324
1258, 44154.64314138171
138, 44049.39580662357
402, 44016.60729971299
1161, 44001.25623714157
232, 43995.4426131834
1091, 43832.33979516072
1090, 43832.33979516072
591, 43816.792797065355
357, 43684.56872521421
214, 43623.38847972895
679, 43592.726020771486
875, 43486.89237519125
567, 43436.95794392784
744, 43416.56082380465
1134, 43415.527494075664
1309, 43246.19103463339
1319, 43145.5631565929
493, 43139.40709719281
1048, 43117.30369874495
731, 43056.38416178593
