1260, 99874.87392987238
614, 99773.17541833007
1259, 99735.00122020973
651, 99463.92648205024
126, 99404.71152444578
639, 99325.91434101404
789, 99107.55333435112
147, 98992.19457926632
1069, 98917.72980422672
994, 98573.24158200035
1357, 98571.00163134909
928, 98496.91436601942
680, 98436.69541582634
888, 97942.5366230783
631, 97844.01983406814
1038, 97746.97098161062
590, 97446.71325641345
997, 97265.69446878569
873, 97265.69446878569
541, 97164.49377024903
573, 97119.48555084514
50, 97015.07636756776
196, 97005.50428291995
1377, 96945.76013003585
1358, 96870.58610499736
1294, 96836.96668259476
946, 96820.0723176932
181, 96791.6026959133
837, 96705.49197447594
312, 96677.98771070805
182, 96224.11205866221
1366, 96078.01498051533
572, 95894.33097359355
199, 95864.82992893753
58, 95645.44448745945
1099, 95238.51744418922
97, 94941.48243524664
851, 94521.12344437305
989, 94463.22337013416
403, 94463.22337013416
935, 94278.80295536981
1331, 94259.24410129548
1325, 94195.39783811051
453, 94154.64931010055
452, 94154.64931010055
127, 94103.32158684132
1073, 94064.05057752943
1142, 93909.53985537469
1143, 93783.46015515915
300, 93742.59562004429
1402, 93650.09679502448
1165, 93394.4666655467
448, 93388.85206873246
628, 93108.09135467182
936, 93058.31881003453
602, 92681.13125538202
718, 92549.63094775652
1231, 92263.60590432733
393, 92215.60341320286
844, 92126.9770626169
293, 91898.75190792422
1238, 91849.55977807478
648, 91770.42675599147
931, 91759.17043254008
849, 91616.3550644755
1089, 91489.15965408823
1164, 91410.33764570157
200, 91410.33764570157
549, 91384.69493101854
9, 91344.55158148294
49, 91301.32988249621
188, 91249.4542742455
652, 91045.36408467844
1333, 90998.58415505248
118, 90891.13150249382
375, 90764.95253596126
202, 90638.8127590172
245, 90369.57672260691
1258, 90275.84237072714
926, 90145.07494614871
138, 89836.9869180099
1335, 89835.2021064971
1033, 89759.64835927142
1053, 89711.39493737045
402, 89700.71191914346
585, 89697.97268894188
1161, 89636.98250601621
232, 89612.85948286051
649, 89556.14063969465
1045, 89057.32572317561
1091, 88938.76534394437
1090, 88938.76534394437
591, 88874.7799364766
489, 88720.51555856477
1226, 88666.73239159008
1153, 88570.40671993639
357, 88332.47838990115
894, 88196.3505727804
1327, 88154.90962305442
797, 88135.38725397472
57, 88128.12266959425
214, 88082.68856469814
679, 87957.76674222565
677, 87701.00611827368
616, 87688.03265935443
715, 87686.79144069355
1244, 87666.72176649347
875, 87527.96085537318
998, 87440.54847528807
567, 87325.90462986109
744, 87243.50405788833
1134, 87239.33167789849
385, 86868.47249047167
1309, 86558.28247191702
1319, 86156.09462307488
493, 86131.55088206416
1254, 86112.28828216081
1048, 86043.48381375092
197, 86024.28378275323
907, 86015.34992157508
731, 85801.2253716861
1014, 85774.48777905756
457, 85756.4875349625
1095, 85542.84726514365
1205, 85294.18843659117
75, 85134.3612907784
671, 85068.80180078615
1207, 84775.70823460486
737, 84760.47117553724
59, 84749.03698513516
763, 84689.42081388063
666, 84647.39537614121
723, 84626.5171251129
405, 84521.95699782978
779, 84462.74503369564
1289, 84397.3775563315
82, 84397.3775563315
1163, 84387.5063856793
1353, 84231.59453984235
561, 84155.76412448705
979, 84026.35495458626
657, 83941.66481418324
732, 83761.24707679712
630, 83760.99203489038
472, 83737.99626340401
726, 83727.3677033331
543, 83686.5593306376
101, 83682.9982562181
714, 83546.07750971266
1250, 83485.24420844756
1257, 83476.92926387777
100, 83446.23741699677
988, 83377.70922768634
610, 83349.50896328453
1131, 83224.07670703807
319, 83166.08816175288
447, 83062.63383970236
884, 82981.2321394503
736, 82969.80829001107
317, 82908.47435505314
1087, 82856.08421254372
1047, 82800.4354655328
925, 82693.19886517539
716, 82563.88673898039
376, 82478.19503893562
859, 82394.46745089402
342, 82389.09033306313
323, 82293.9782295576
31, 82194.18512289002
1206, 82087.83321305932
874, 81891.38447212508
1239, 81771.47922233563
1209, 81760.78964293221
79, 81663.4154750949
603, 81605.9380080433
1208, 81565.49617001523
355, 81262.9787942829
95, 81204.99030384046
843, 80763.5738036278
234, 80617.61555208605
1182, 80607.44830860611
1178, 80607.44830860611
60, 80575.56010860154
1261, 80534.8050064238
1181, 80438.75493443964
1180, 80438.75493443964
1179, 80438.75493443964
341, 80353.51031923649
1177, 80243.18498695892
171, 80148.27846032148
948, 80122.85254265062
247, 80117.32344409739
1359, 79871.78871970838
392, 79850.3271046471
1355, 79849.03013550778
1212, 79774.1480321913
1005, 79653.77116661088
329, 79274.10755334329
650, 79251.73891146816
243, 79170.91530036904
207, 78630.41472954044
394, 78585.46369319837
287, 78580.04635117181
406, 78574.9188939041
386, 78572.51791918681
615, 78555.36573396513
203, 78383.17877724279
787, 78348.68909506768
294, 78337.3693654902
1276, 78289.82804926262
810, 78106.94582023378
788, 78097.88318156375
1214, 78021.76083688907
324, 78002.80027950578
407, 77982.76946481029
1068, 77835.60461766175
132, 77825.51134147015
328, 77822.30524068953
1252, 77790.2655252864
371, 77604.6784663833
1000, 77572.715691925
566, 77526.87481887022
678, 77466.5091083379
863, 77387.0664748491
1416, 76828.5827100564
1354, 76820.14633489381
52, 76813.52914335128
1375, 76519.59023968293
1322, 76417.84075853272
1104, 76249.3378020826
629, 76172.20983412019
974, 76003.91341564702
87, 75690.14001298332
499, 75529.76622077436
938, 75406.05011644874
1291, 75404.84937556174
462, 75362.2590880002
76, 75110.06121713489
206, 74950.51238387261
638, 74932.65665355994
225, 74932.65665355994
1114, 74756.28250271388
482, 74661.80945535339
945, 74050.18694044804
848, 73929.35317189437
733, 73699.67867520779
1213, 73687.71602962536
1332, 73657.05726186318
944, 73610.45714755851
1292, 73210.66576109845
1293, 73186.60302297227
1349, 73185.7476637099
803, 73135.31739626119
735, 72960.60386260076
436, 72944.20483369316
1124, 72867.0423498963
1072, 72763.9157048725
121, 72714.82882165938
937, 72662.67678109018
906, 72640.23889975357
262, 72588.84699709942
1194, 72588.76456192574
1303, 72389.99077554887
588, 72314.9742628013
943, 72308.26911853437
115, 72122.70074255801
1305, 72099.94012211231
8, 71996.17111771648
337, 71838.5401418812
1367, 71815.5375894108
314, 71767.5768234584
439, 71733.40132678674
1249, 71633.43382237028
1071, 71553.93356779352
1070, 71553.93292497973
263, 71477.55394618309
1107, 71311.18427317224
822, 71218.24426649342
838, 71141.39321488109
916, 71081.08884780493
924, 70888.08403705605
982, 70885.74094616424
520, 70818.79917807183
632, 70815.73789858246
1295, 70723.09998148853
201, 70502.78119119928
1339, 70309.34278144863
1150, 70194.83837714996
174, 70102.94095078246
823, 70040.38449665235
942, 69984.61956525562
1420, 69904.48662449101
542, 69809.83646135604
539, 69809.83646135604
261, 69715.75896669294
721, 69631.24148160567
627, 69580.55548947497
760, 69260.53370592992
722, 69242.64586001301
1185, 69190.38669912171
301, 69161.91727890198
893, 68876.13811380598
7, 68849.29620697473
1215, 68802.15795024483
959, 68792.22925190555
35, 68758.66581706224
941, 68752.74000367359
1233, 68666.6270990034
1324, 68371.83287670558
980, 68349.62527733608
1284, 68216.38446684039
1360, 68196.23850218504
378, 68176.61113025085
1220, 67989.69528215965
0, 67749.59999477968
458, 67649.65991894515
668, 67620.49357962223
490, 67602.08376093417
952, 67593.33568036008
1055, 67363.30543232444
767, 67327.48549415734
1145, 67270.47371653817
1115, 67205.29679424941
578, 67067.66449995726
1025, 66890.04031065195
950, 66820.83185812297
1, 66697.61854479516
292, 66694.90235706772
738, 66692.78089071193
734, 66506.50204447188
911, 66418.92336617294
119, 66116.34966266782
996, 66111.18362789485
208, 66028.11636829875
336, 65995.4892743939
377, 65845.29883409468
778, 65785.92585566385
440, 65752.81183971955
265, 65729.21390800466
296, 65707.33533658263
559, 65677.49519928318
66, 65633.4177191339
1154, 65614.5434872454
753, 65521.89784745528
1275, 65396.99267492191
71, 65363.93881910079
755, 65300.79587500639
213, 65018.937586517655
148, 64917.25684021983
1411, 64896.0779492506
892, 64887.83642497406
1350, 64804.830686957204
665, 64747.492723966636
1125, 64662.546353471225
1151, 64596.952892538284
1021, 64235.2962849508
120, 64214.99969876778
624, 64211.5679903784
1050, 64100.41447906474
1156, 63864.691047678534
592, 63824.3103142421
1049, 63770.65955759316
1368, 63751.65340285158
664, 63709.98176775839
109, 63696.39747411271
344, 63661.500003164314
70, 63429.53662997601
1064, 63366.02515931573
431, 63347.55445139143
1098, 63318.49915623939
1301, 63313.16307923667
1022, 63259.34087675131
1329, 63217.50645809373
667, 63076.28999701781
1054, 63028.47642732067
175, 62989.0295434694
839, 62808.70635812765
280, 62766.19805010589
496, 62708.727260561835
1024, 62457.05347160768
1023, 62457.05347160768
1237, 62457.05086830114
311, 62381.51234019879
522, 62313.89006482866
676, 62301.23410893125
1405, 62247.770465628586
340, 62229.96680871776
326, 62030.950171653145
547, 61927.78558022925
548, 61913.54564002839
1129, 61787.374302940945
486, 61770.181343781616
1127, 61742.21895006431
728, 61464.595679507314
1321, 61457.353172791896
729, 61411.17882726179
806, 61385.962874404795
1372, 61343.74794107963
370, 61304.74662533024
966, 61247.82455302057
707, 61236.32732077818
958, 61163.8970081544
880, 61143.41989302241
887, 61015.959006617806
1388, 60987.91140956722
741, 60887.656363393995
983, 60807.62569101801
896, 60765.244876868164
990, 60746.80516041826
241, 60724.658203552215
746, 60624.85960829218
327, 60571.96442220272
669, 60523.173942575806
747, 60455.58029949887
757, 60352.30429043931
1097, 60245.50919382312
198, 60183.548649500764
670, 60157.13372463219
758, 60140.863901803896
995, 60137.2523174349
587, 59822.23894176346
582, 59798.58403190639
883, 59706.18302465709
211, 59624.025572963015
599, 59608.135526502185
212, 59590.446780853854
1096, 59384.945063517305
766, 59354.87547240332
497, 59347.8896385911
282, 59269.034819644636
315, 59082.58287574134
1340, 59053.9683769542
1116, 59044.46109906302
286, 58966.55561137548
1374, 58717.720326096736
1198, 58704.64818000886
1195, 58699.38226255578
51, 58542.94602519705
586, 58390.16864245635
1387, 58361.37074889228
1386, 58292.072242624774
1171, 58290.70159374129
1079, 58226.58680528693
193, 58226.58680528693
756, 58193.55789126646
1197, 58131.88692156353
904, 58102.16058946951
902, 58102.16058946951
901, 58102.16058946951
900, 58102.16058946951
1196, 58078.07690645418
511, 58027.28102667008
1298, 57969.215613828885
1311, 57853.5386667949
1034, 57621.32621726691
658, 57613.670648055115
1380, 57554.92104218175
821, 57553.36013387533
166, 57546.09940780583
1130, 57401.777887572316
1146, 57371.51685278535
96, 57233.25680753829
660, 57193.435561403414
889, 57177.32371447069
1093, 57166.090156710256
510, 57166.090156710256
774, 57139.07811724479
773, 57139.07811724479
897, 57126.763254765654
1328, 57034.09592108794
1279, 57034.09592108794
316, 56986.81180028207
910, 56547.60904626676
1351, 56486.374849490414
360, 56429.590717769905
956, 56408.117102381184
494, 56379.040407161876
32, 56320.679592362256
1158, 56274.69027968648
446, 56221.375992466026
1128, 56112.58511726909
110, 56063.00551680563
784, 56048.56002432908
383, 55910.18850114502
1007, 55901.489649465286
761, 55722.47502752128
1008, 55588.92382265257
951, 55457.65125382255
1304, 55415.89576827165
1122, 55355.470224747194
1184, 55276.57244909594
117, 55231.121935673465
579, 55181.055200257855
1242, 55161.48308442041
1241, 55161.48308442041
351, 55104.63423172665
492, 54974.16264257878
881, 54905.01964157731
498, 54880.04978731861
953, 54476.69528900835
