1125, 99940.39291305006
665, 99856.95361704679
1350, 99720.8792459031
892, 99524.96970155797
1411, 99505.58740117738
148, 99455.836340337
213, 99218.11949311619
120, 98875.32329395489
71, 98425.36160229737
753, 98069.35332052676
592, 97952.09176595212
1368, 97781.06352835412
109, 97651.13497234313
778, 97483.75998809162
70, 97025.32733592587
208, 96956.7660491687
119, 96767.13880200291
1301, 96753.29557115101
1329, 96530.08635361995
667, 96201.21573435876
734, 95943.37222457342
1, 95548.40399228614
496, 95348.83563246428
1025, 95156.26211672735
311, 94594.38648607876
1115, 94525.4714020099
676, 94409.91543602417
1145, 94396.83255662431
1405, 94287.19738885493
326, 93790.62808955561
490, 93751.50711397223
668, 93716.12337964844
458, 93660.15958184772
0, 93469.26612270917
486, 93195.75552114095
1360, 92632.27630185992
1284, 92595.13223592
728, 92501.88920167045
1321, 92485.48654429127
729, 92380.95785402073
980, 92350.76606214789
1324, 92310.25452664262
370, 92140.32014228922
958, 91822.51179027466
7, 91453.9744724434
1388, 91426.45335984105
741, 91201.33739140445
983, 91021.89863168099
1185, 90859.00468911357
241, 90836.12276671227
757, 90005.46059314217
670, 89572.07464952907
942, 89524.8352263436
174, 89331.96073253023
1150, 89183.17826931993
582, 88779.47020899659
211, 88395.25882817757
212, 88321.47479044282
632, 88200.65886406491
520, 88195.91049009275
497, 87789.68262296391
315, 87210.39360821045
1249, 86964.25911383974
286, 86957.82942799402
314, 86767.37022785965
1367, 86697.36962699598
337, 86663.86968043084
1305, 86286.47657613004
51, 86039.72276567524
588, 85980.50084325066
1303, 85874.69362772042
1171, 85495.98132268207
1079, 85358.12453194533
193, 85358.12453194533
756, 85287.16241206808
1124, 85212.89450303325
904, 85090.9920316508
902, 85090.9920316508
901, 85090.9920316508
900, 85090.9920316508
733, 84101.75397516038
1034, 84063.65760387242
166, 83903.64190386843
889, 83121.97943156352
897, 83015.1672227343
482, 82882.93231359993
1328, 82819.62381110455
1279, 82819.62381110455
638, 82551.69002062219
225, 82551.69002062219
206, 82530.02945215629
938, 81984.66330679406
360, 81551.03374743166
956, 81506.19259726959
494, 81445.49891935395
446, 81116.87977729084
1322, 80821.21340409497
110, 80787.60962145461
1354, 80376.03090544745
1416, 80366.79751604337
761, 80082.3793366514
1008, 79806.82569745845
863, 79764.64508125027
566, 79616.65697754493
1000, 79568.3693350214
371, 79534.76888825845
1304, 79450.67685365927
1122, 79326.52828616604
328, 79307.47305960834
132, 79304.14369707285
1184, 79164.6037731387
1214, 79101.39836700684
788, 79023.30817073492
579, 78968.83767428261
787, 78768.1715810282
203, 78733.34233776662
492, 78545.80396083884
386, 78543.22825102774
287, 78535.70687183471
207, 78485.45971587668
498, 78353.82262541864
1005, 77491.71575931105
247, 77057.96648027108
948, 77052.85227965582
1177, 76941.89143459838
1181, 76762.9367545083
1180, 76762.9367545083
1179, 76762.9367545083
864, 76761.08157300203
1182, 76609.93578195387
1178, 76609.93578195387
234, 76600.75422683272
1078, 76363.35051813675
332, 76233.72107519458
730, 76139.94921830924
1183, 76042.97507166635
870, 75828.45401380178
1046, 75650.93354761899
874, 75485.13252633692
31, 75229.66948853795
342, 75067.13271729495
1415, 74928.17000900037
1087, 74683.60902245005
1123, 74351.48436235153
1250, 74179.71704550009
48, 74057.26383595487
726, 73989.60237103532
630, 73963.36430866263
732, 73963.16544348313
657, 73823.05644435856
1163, 73481.63119192728
1225, 73406.06790881493
405, 73379.98958552445
666, 73285.70423960521
763, 73254.2324476631
568, 73211.33443053385
59, 73209.68719572919
1030, 72865.02506852262
457, 72474.20193364155
731, 72442.27993629505
1048, 72270.4809888185
493, 72208.4680430089
1319, 72191.22694018156
1309, 71911.25429711462
1134, 71447.8674895105
744, 71445.06915289232
567, 71389.90422016222
875, 71255.4305989618
679, 70973.09666588904
214, 70891.969864361
349, 70761.74614824177
357, 70730.9903735549
591, 70387.08055089362
1091, 70346.99850972247
1090, 70346.99850972247
1133, 70300.44493298145
927, 70149.00672248675
769, 69969.77390800291
232, 69930.92128767492
1161, 69916.238062055
402, 69877.51476710569
322, 69860.14313972417
138, 69795.03885564672
1258, 69532.43158724716
655, 69497.94746054878
245, 69476.92647334952
202, 69318.62415903536
871, 69138.10020204517
1333, 69109.66255440337
38, 69100.60105863161
188, 68965.66479831541
869, 68945.91895703995
549, 68888.61280194581
1164, 68874.0482117136
200, 68874.0482117136
1089, 68829.36833777755
617, 68795.26226315134
849, 68757.5520449404
253, 68716.17270290128
1132, 68630.28228180051
1238, 68626.78410265123
293, 68599.34799046324
844, 68472.72729627672
1231, 68397.44676801057
569, 68339.45121344796
689, 68294.47737672555
718, 68241.10145616805
244, 68044.46235965115
936, 67967.15442561259
628, 67940.62817525877
1165, 67788.95265777361
1143, 67585.479438016
54, 67494.92752624626
127, 67420.33081773705
453, 67394.00890484022
452, 67394.00890484022
1325, 67373.14725764416
1019, 67364.8799788258
445, 67364.8799788258
989, 67236.79780848784
403, 67236.79780848784
851, 67207.49479981491
97, 66996.58060853607
947, 66973.92319416277
114, 66918.00027533792
641, 66901.61121832082
1099, 66849.45458069623
58, 66650.41458195384
199, 66544.29442392803
1011, 66536.72634723927
572, 66530.08704147702
182, 66372.27008623551
312, 66158.0330125367
837, 66145.15935550534
1294, 66083.79122164646
1358, 66068.14374908271
196, 66005.53217759186
50, 66001.10117053874
997, 65885.60827899838
873, 65885.60827899838
78, 65783.68307971297
1227, 65774.99558446168
631, 65622.86958356906
81, 65586.75524229616
888, 65578.62886592427
680, 65358.94129103372
928, 65332.42045039196
1357, 65299.8658171734
147, 65116.324798085276
789, 65066.50634676392
639, 64972.72977251564
614, 64782.764013706976
1260, 64739.96079149976
1259, 64576.50216463876
408, 64497.64453101193
651, 64462.75012384562
528, 64460.376962190494
126, 64437.872501171754
1069, 64232.88368728537
994, 64087.447796389075
105, 63908.257690306804
103, 63908.257690306804
83, 63904.932499572875
237, 63879.24669717677
104, 63875.03676851786
1038, 63737.159493615734
590, 63609.357567125655
541, 63488.983871356686
573, 63469.7643251919
1377, 63395.521644550834
946, 63341.75070974145
181, 63329.56431682073
190, 63062.92249117439
1366, 63023.30217376652
1120, 62973.45825080446
1272, 62697.4018831244
519, 62592.25748840098
476, 62484.686554725224
935, 62244.111598156094
1331, 62235.58565471069
1073, 62150.43250604777
1142, 62082.94215626932
300, 62009.9361964621
1402, 61969.44786103867
1256, 61872.81574693589
448, 61854.95026901719
1270, 61784.76232411656
99, 61710.84126718864
602, 61543.68293298673
872, 61389.63633066106
393, 61338.06382685289
648, 61140.78236599396
931, 61135.785809240384
467, 61029.32397920026
469, 61002.822710560315
468, 60967.54152494502
9, 60951.455607864234
49, 60932.20816311831
862, 60893.9471844566
652, 60818.097364479465
466, 60814.081677981754
1383, 60759.91894972594
118, 60749.236822174826
375, 60692.843772109474
313, 60662.592271180794
770, 60656.63577161491
926, 60415.0462638033
1335, 60275.70415986121
1033, 60241.68154446956
1053, 60219.942683328816
585, 60213.8944005175
649, 60149.94619817209
1135, 60145.06612089863
1045, 59924.51491499786
717, 59797.695612642
489, 59771.831251495714
1226, 59747.41509536294
1153, 59703.66159623467
345, 59667.42738370442
894, 59533.46156147541
1327, 59514.57655824524
797, 59505.678044951004
57, 59502.366439543075
1356, 59333.45803520718
677, 59307.350518770385
616, 59301.417380420826
715, 59300.84970540501
1244, 59291.670058504256
998, 59188.12676938452
713, 59172.27084470387
385, 58925.45331438612
1370, 58720.49692368796
1369, 58720.49692368796
1254, 58576.53249753666
197, 58535.797857465346
907, 58531.66115232626
1014, 58420.029571803934
1095, 58312.48314317382
1205, 58196.82889308759
75, 58122.378170499556
671, 58091.81357312131
1207, 57954.98705015603
737, 57947.865662621974
723, 57885.2243015526
642, 57868.15906615401
779, 57808.553842888934
820, 57781.14675707031
1289, 57777.925631788654
82, 57777.925631788654
1353, 57700.18014666888
561, 57664.58663013154
979, 57603.797495992236
306, 57503.44336670081
472, 57468.130832766794
543, 57443.90003151
101, 57442.22214240212
430, 57429.48323399444
714, 57377.674536820836
1257, 57345.05126416632
100, 57330.5658148112
988, 57298.21093218867
610, 57284.891634258216
1131, 57225.614423079496
319, 57198.191123192424
447, 57149.23698633141
255, 57148.70276888221
884, 57110.691302701736
736, 57105.27994569298
429, 57092.867310329064
317, 57076.218763516226
1047, 57024.99529069184
792, 57006.16634984054
925, 56974.11103339493
17, 56969.550327457655
10, 56969.550327457655
640, 56951.19262632282
276, 56935.30082337291
716, 56912.697221170085
786, 56912.229718530536
376, 56871.96698777695
859, 56832.144931874274
323, 56784.3176355172
368, 56696.87173479896
1206, 56686.09062904147
240, 56649.3484097171
825, 56624.41899131985
1239, 56535.05236805264
1209, 56529.942495965544
79, 56483.37634572477
603, 56455.873470374165
1208, 56436.51495888136
527, 56299.02561978899
355, 56291.519545694246
95, 56263.687987934965
816, 56257.251657368004
843, 56051.42943236281
60, 55960.80583965183
1261, 55941.1446247688
1384, 55911.818412551496
341, 55853.61013404362
257, 55791.32700394318
171, 55754.372612593186
1315, 55691.187914887865
365, 55691.187914887865
1359, 55620.434331452925
392, 55610.02603232165
1355, 55609.39698316929
1212, 55573.06753762329
833, 55534.13507175809
793, 55514.531743859145
195, 55500.37778851802
331, 55414.76737052682
768, 55395.43121099743
329, 55329.93886099752
650, 55319.04117502465
243, 55279.649567013046
1326, 55101.79958883462
394, 54993.587383877675
406, 54988.42327399921
615, 54978.84639398589
455, 54894.38886283715
294, 54871.97766199561
1276, 54848.647733027974
1094, 54838.81422085579
1307, 54775.99042951377
810, 54758.82287498399
324, 54707.61429781089
407, 54697.760421971485
1068, 54625.3183853019
934, 54603.92663956011
1252, 54602.983711147965
236, 54538.8872616622
1418, 54445.601339256966
678, 54443.27090891108
456, 54417.697603151995
1278, 54412.12515843509
98, 54366.15433914262
52, 54119.93819096655
748, 54086.68932116757
184, 53977.11335854485
183, 53977.11335854485
1375, 53973.85929434646
463, 53878.41028615793
266, 53871.502564973336
1104, 53839.259789984084
1063, 53806.25235599899
629, 53800.79467554126
477, 53788.75105381132
974, 53716.782728831946
817, 53637.27945650993
87, 53559.85840070381
499, 53479.50527952034
1291, 53416.84833221832
462, 53395.47166114886
76, 53268.74549757473
1114, 53090.55864722368
1032, 53056.02656147683
945, 52733.45592936006
848, 52672.14858233664
1213, 52549.37631143842
1332, 52533.78252888606
944, 52510.07346532543
1292, 52306.314695421665
1293, 52294.03053901984
1349, 52293.59383110366
803, 52267.84125615882
735, 52178.544126745786
436, 52170.15623123285
1072, 52077.86976169777
121, 52052.72062659581
937, 52025.99051829987
906, 52014.48680986224
262, 51988.13101871296
1194, 51988.08873420215
530, 51920.401225328096
1273, 51913.12257283258
943, 51844.05267366211
115, 51748.588268727945
891, 51736.035017087954
438, 51701.84343875699
8, 51683.416342301214
475, 51607.97260517053
439, 51547.864164351544
1071, 51455.12337207222
1070, 51455.12303966121
263, 51415.614197261886
1107, 51329.473443149065
822, 51281.30311007674
838, 51241.4450087747
916, 51210.151824501285
924, 51109.8977805811
982, 51108.679754216435
1295, 51024.07795535904
808, 50942.24004427209
258, 50941.4427580847
201, 50909.30057821458
343, 50872.45695937282
1339, 50808.36233243111
125, 50791.63147486343
823, 50667.76072867566
