1016, 99957.37374690299
1409, 99820.22638615198
1065, 99820.22638615198
85, 99820.22638615198
1408, 99773.31912778442
1407, 99754.53006396662
601, 99748.65537572051
86, 99584.7505644397
968, 98898.9952765001
441, 98283.66760451614
1017, 98131.81934525723
1015, 97757.22837085197
574, 97419.40512542707
1300, 97327.18023961304
122, 97322.99821324227
783, 97214.95574618835
1410, 97123.74766110152
802, 97045.23606111167
801, 97045.23606111167
346, 96999.00773957855
903, 96880.79036347334
647, 96872.00769584304
42, 96406.34020272577
970, 96086.55464782998
187, 94743.1597247734
993, 94288.03560512872
304, 93356.46159213285
410, 93327.7836449047
1027, 93227.14747889889
1191, 93195.33051001468
1189, 92459.75753416981
267, 92114.1718889238
167, 92084.48961120627
417, 92083.5072941757
565, 91849.08711236466
419, 91765.76573583441
553, 91508.60917523422
72, 91281.0851307528
762, 91277.87809249296
772, 91040.06398665294
390, 90963.0639388836
1066, 90919.48646601349
434, 90879.53759317313
26, 90650.19507423037
168, 90082.78452974478
776, 89951.73409175818
1287, 89571.23179750571
1323, 89307.83034254522
420, 89050.06600877116
969, 88977.76790690454
415, 88725.78293180314
1155, 88555.52272689308
972, 88029.44036808446
967, 88029.44036808446
361, 88008.94740526805
1346, 87615.95816527992
853, 87588.13575074676
1113, 87471.30579789441
233, 87470.926415265
442, 87186.74600421744
856, 86511.02403319323
854, 86511.02403319323
1059, 86378.92521444203
454, 86256.67767076872
855, 86236.3629321674
555, 86003.30686202794
583, 85819.0958961998
554, 85697.11551808927
709, 85573.12609616316
571, 85171.99759013164
1018, 84655.99805553346
154, 84655.99805553346
437, 84573.12950941751
1232, 84457.1170623066
1088, 84409.99116652738
1400, 84361.47770519176
222, 84343.6760434744
155, 84142.72923397915
391, 84006.68517013779
409, 83957.52419355676
1102, 83589.18022236465
1106, 83589.17797096296
1105, 83589.17797096296
367, 83444.8230400899
922, 83022.93619767131
1056, 82580.926508641
264, 82539.21298582524
116, 82159.20984110668
347, 82057.29641449482
858, 81851.94428795684
149, 81199.72026680857
124, 81198.32146328047
1290, 81179.06182202771
827, 81062.09673544447
861, 81022.2877946451
1395, 80964.3437750379
401, 80923.74064189408
151, 80784.64610192845
1101, 80651.74544949882
1040, 80630.70662813529
607, 79602.79373621188
971, 79590.88873697244
846, 79396.48477206877
517, 79393.80628752755
1110, 79320.57370485485
1108, 79320.57370485485
1342, 79157.14759469169
1081, 78848.51658460386
1109, 78811.28491904613
1397, 78734.3715551534
540, 78649.34319806642
1288, 78636.66842711938
1204, 78389.21178323444
495, 77821.13945322517
1201, 77697.98442665527
433, 77652.64842023255
204, 77639.80211939638
1399, 77539.95615607173
488, 77390.5943467387
1086, 77352.90849926695
1234, 77337.34087949934
451, 77334.49120462539
509, 77323.57789500861
930, 77116.20888622622
564, 77101.36059083525
1085, 76975.07556211525
562, 76938.4580624151
860, 76912.2145440303
277, 76817.01244212837
1274, 76777.23192619844
992, 76699.5232336335
673, 76688.49240233673
252, 76608.73535534267
302, 76603.05177935089
866, 76537.58174031
700, 76334.0249309993
1200, 75962.94254947179
1061, 75870.45529948166
1039, 75632.09277829497
1169, 75620.64183021603
1344, 74944.5670654036
501, 74320.8090129718
885, 74116.71721997208
1224, 74012.99099205353
815, 73919.10204415221
1317, 73876.50546196882
867, 73790.1219453435
781, 73721.44534316107
1228, 73709.15087863179
865, 73709.15087863179
1404, 73682.95098512243
153, 73670.25478527336
139, 73632.80114715725
1188, 73550.95406863364
674, 73545.68640447604
1190, 73509.67910307832
794, 73077.09100499052
231, 72993.23455519673
273, 72860.1167065808
852, 72556.40854828893
30, 72545.75973161413
796, 72446.39508315176
220, 72201.84897169036
354, 72157.85656937672
299, 72016.54993977834
107, 71738.94198637063
831, 71633.76400288739
584, 71576.03955875736
380, 71471.50475709827
978, 71337.02049642803
256, 71240.28917994534
279, 70991.21475866147
1074, 70947.16830657808
450, 70568.5957486795
449, 70568.5957486795
278, 70498.49560610866
362, 70240.86284774562
478, 70186.31239193701
771, 70039.45413877275
221, 69672.61230126699
227, 69498.9820108347
106, 69444.98924870403
1111, 69424.62430898115
622, 69410.71494782365
621, 69410.71494782365
581, 69137.20635029898
1245, 68779.7085400547
1396, 68287.34323397992
1077, 68128.13375211784
274, 67938.91295327626
271, 67938.91295327626
1013, 67864.57802015681
1012, 67819.21513695031
618, 67790.69760264103
1137, 67472.69630770049
56, 67025.50867676182
1310, 67007.93041893301
1314, 66553.6820405591
1080, 66430.50163881648
557, 66133.83109732794
654, 66089.5119731143
828, 66037.2166605785
481, 65898.94183730702
1162, 65889.7593554768
829, 65889.7593554768
780, 65880.21929574605
534, 65596.27398771634
836, 65572.37243324425
740, 65371.856829316945
739, 65325.06157021891
1060, 65257.92530421819
123, 65233.61296185703
765, 65153.63299288627
515, 65153.63299288627
514, 65153.63299288627
502, 65133.11407706982
29, 65082.668243748965
690, 65025.08905295833
141, 65010.41362187188
1217, 64769.67024181475
1216, 64769.67024181475
932, 64529.127365190696
131, 64239.10693623108
133, 64194.58230159362
536, 64142.31740876595
535, 64142.31740876595
395, 63715.40854316094
847, 63472.361961285904
74, 63314.028824504276
1172, 63183.21956606303
6, 63018.275462058424
269, 62933.15870937503
516, 62799.10767971671
1112, 62759.05010192163
1306, 62565.99858089037
596, 62509.3059342678
605, 62362.72126685942
1029, 62278.15046357638
661, 62237.158170614726
977, 62145.94562636925
1052, 61916.74529854456
1035, 61915.99199778316
353, 61853.557380451275
598, 61494.0876648032
178, 61345.47521406554
145, 61190.449115550546
1004, 61165.608370030735
1147, 61132.75862059437
464, 61132.75862059437
1373, 61115.68394906475
1003, 61083.73638609513
369, 60926.33413288263
919, 60602.9981709429
503, 60519.1150670112
5, 60495.18175573494
1199, 60419.24840696039
1334, 60390.39255225468
381, 60368.08159298038
173, 60043.06047493709
19, 60021.57699924055
597, 59923.984648462414
215, 59906.12038703436
790, 59851.609445123264
1363, 59827.14994461409
142, 59769.966230529935
93, 59720.34370388264
1302, 59554.78932134369
920, 59515.984460995205
800, 59418.237950358285
226, 59194.474335237755
1378, 59083.14298090831
186, 58997.7207610067
36, 58997.7207610067
1330, 58930.07578166609
474, 58780.094854442636
830, 58736.29708407898
745, 58288.679162584966
921, 58105.553081200225
45, 58087.928837170875
43, 58069.93475624554
570, 57885.650851100625
701, 57792.577900019
814, 57618.005306454375
538, 57444.81190226824
275, 57143.291106197605
432, 57027.80181300035
537, 56867.66832240648
140, 56492.17133190394
399, 56420.81754580306
546, 56115.59192295168
1343, 55753.63801469181
525, 55718.20815113856
560, 55626.55265289703
18, 55625.54196500212
840, 55609.223334716386
1075, 55577.23994349765
1076, 55446.90822531551
238, 55428.622866762154
14, 55408.67631502871
576, 55408.66167555288
1414, 55394.70399171043
877, 55391.53709806288
134, 55352.48790365993
531, 55316.39201028552
558, 55258.232251239104
334, 55184.686351725664
1057, 55169.40341933657
1031, 55061.63157530327
826, 54900.063913123544
857, 54740.89776536343
1313, 54313.0961335233
1010, 54311.74070267476
1136, 54296.62944195275
418, 54272.48155406175
471, 54256.27917117697
423, 54176.3493932073
424, 54166.27474673839
949, 54056.994946821345
1028, 54042.96605141816
1175, 53904.45786697738
659, 53884.149114133696
1382, 53772.01781867729
834, 53760.844759644024
1398, 53748.68713464326
1044, 53730.5276104991
16, 53540.61800537886
270, 53390.691926732914
268, 53390.691926732914
1121, 53077.229041548
623, 53031.717874226546
309, 52889.79293358409
1051, 52589.206958888986
868, 52455.28785093523
1083, 52352.56917152295
1176, 52272.826897339364
752, 52254.34179242748
64, 52194.318174630775
719, 52126.606310874144
645, 52114.07034438652
644, 52114.07034438652
63, 52114.07034438652
250, 52055.70581754073
61, 51955.078398365615
504, 51922.471897678355
500, 51858.05552586532
90, 51854.546352095655
563, 51754.751562064324
228, 51666.97349618635
1403, 51650.932846832606
398, 51574.17782354147
545, 51561.60229649239
1002, 51554.567341348244
600, 51522.60796637921
835, 51490.98944109204
397, 51483.07000138287
611, 51465.818483574956
1376, 51458.9806291078
172, 51421.443263593166
556, 51409.85521241215
290, 51402.73364254837
960, 51386.07170259103
759, 51367.49237939021
1401, 51361.74810009567
366, 51313.09320533724
444, 51306.063977392194
1058, 51138.15815338226
699, 51085.266083579896
850, 50973.29603336921
194, 50662.153446672455
619, 50661.39644531489
905, 50659.56911860965
899, 50659.56911860965
749, 50564.39624258151
192, 50559.377906401634
191, 50559.377906401634
1264, 50471.92224772611
1263, 50471.92224772611
460, 50437.798371646284
1282, 50413.190337152344
209, 50389.103865965524
249, 50251.236880322256
1277, 50220.69104807309
1247, 50155.364402207415
819, 50115.255152793834
1043, 50114.50936729507
330, 50103.43370039754
1062, 50100.18647526955
1223, 50050.608386823114
180, 49977.48934128979
604, 49947.094435743755
1221, 49663.105760044054
620, 49557.22272194344
1170, 49520.2317171261
1412, 49490.635610510864
577, 49446.87058122724
335, 49392.7292795797
305, 49377.34787254617
1173, 49358.93755400147
338, 49340.92664570473
704, 49298.637095530226
702, 49298.637095530226
594, 49171.11648861036
223, 49151.799293002
782, 49063.89769980135
216, 48985.04134094018
161, 48969.911426735875
160, 48967.27212555429
159, 48963.420695095716
1001, 48932.79410901422
260, 48912.750523652685
210, 48776.43957624329
146, 48776.43957624329
1152, 48680.80257517812
1240, 48595.258808975486
113, 48271.34402012822
88, 48262.90549366817
170, 48217.909228568744
53, 48217.909228568744
218, 48210.79777478919
158, 48103.00566046624
157, 48103.00566046624
1067, 47957.162895931346
169, 47941.76913959942
710, 47938.336605320415
285, 47638.961903780844
890, 47631.161215385044
259, 47627.26160056374
1036, 47584.84270915005
999, 47497.29227394679
518, 47363.332877632696
359, 47307.69817964798
696, 47291.71519280533
743, 47259.6382864911
705, 47219.51130299303
703, 47219.51130299303
459, 47177.656855547975
1037, 47093.96433403922
37, 47056.78250157237
908, 47045.57514392721
47, 46954.66406877429
80, 46856.67262762023
94, 46750.62604091172
310, 46671.66911051829
1281, 46548.244875085285
775, 46499.8929107782
575, 46426.426360012585
1390, 46417.48871919826
909, 46392.226847611026
421, 46364.600548614195
67, 46341.354738145536
427, 46321.54471628447
205, 46306.90894973072
1262, 46270.32918456112
1009, 46029.31382259045
742, 45980.259675648624
224, 45945.089216693545
711, 45898.196199897975
915, 45637.37035329452
512, 45575.69490410322
1371, 45528.44774940807
108, 45518.00728559378
1026, 45506.22892369295
643, 45431.20568082841
177, 45419.01445746468
1413, 45310.744382075456
1255, 45267.63809615095
1348, 45260.31010984316
613, 45205.67469417518
272, 45110.55742122071
1362, 44857.861157336265
552, 44844.3355570639
1285, 44781.08554907701
1193, 44769.621959786076
156, 44742.46138158691
217, 44710.298392678065
1149, 44693.49214178989
1286, 44652.91153488074
698, 44639.862499302944
544, 44571.42830405845
1316, 44433.3783068803
637, 44433.3783068803
461, 44402.6263482171
809, 44392.603588574384
807, 44392.603588574384
379, 44329.558971242586
1236, 44130.12684423571
135, 44096.43711498138
1406, 44013.35640407429
483, 44013.35640407429
484, 43992.802612339714
485, 43925.5235511697
612, 43911.633014396924
102, 43867.98279721779
136, 43867.16876114799
1379, 43842.87620399853
1419, 43827.00243321314
981, 43684.32502441001
65, 43634.26172021846
62, 43634.26172021846
112, 43588.58348307809
