1123, 99602.48696353378
1415, 99367.96698440505
48, 99075.19544866549
1046, 98124.70801832953
1225, 97913.16348989119
870, 97827.64955309861
568, 97567.00547195587
1183, 97472.89814600354
730, 97314.02751878457
332, 97161.2774278415
1030, 96952.91741857049
1078, 96951.51901190961
864, 96317.90454451228
498, 93922.2757083084
492, 93647.9020025273
349, 93264.36606758203
579, 93053.57242000756
1184, 92783.20576814971
1122, 92561.76167776797
1133, 92464.67987625225
1304, 92393.30130383515
927, 92202.87591873105
1008, 91916.29196535493
769, 91893.47991951778
322, 91704.4773302147
761, 91553.46760377253
655, 91081.37135433918
110, 90648.80609152163
871, 90464.2997458369
38, 90400.10961461447
446, 90237.8012221679
869, 90135.55534778444
617, 89878.23625130003
494, 89834.57704481043
956, 89760.85179481862
253, 89743.29081564289
360, 89706.53080267606
1132, 89596.84913243545
569, 89101.81764141461
689, 89025.38070555967
244, 88601.01502022511
1328, 88220.08151322082
1279, 88220.08151322082
897, 87999.28151352168
889, 87879.57586307613
54, 87671.55924173043
1019, 87452.26497222275
445, 87452.26497222275
166, 87022.45541052413
1034, 86850.98878472805
947, 86794.52705738421
114, 86700.62919038661
641, 86673.11979071698
1011, 86061.68223499632
904, 85780.98389184343
902, 85780.98389184343
901, 85780.98389184343
900, 85780.98389184343
756, 85582.53788411159
1079, 85511.20229945239
193, 85511.20229945239
1171, 85373.29645823491
51, 84837.91935770854
78, 84806.0086154387
1227, 84791.57101982982
81, 84479.00826992119
286, 83963.80636976133
315, 83729.67137777155
497, 83202.56331380845
212, 82730.46298129827
408, 82680.6965979991
211, 82665.82934120977
528, 82619.46425631855
582, 82332.61274108783
105, 81714.63773405431
103, 81714.63773405431
83, 81709.20152650043
237, 81667.21425253835
670, 81662.47243325146
104, 81660.33339323747
757, 81305.54819916237
241, 80639.40973807135
983, 80493.56414488799
741, 80353.75470549372
190, 80337.69116504704
1120, 80192.55646928554
1388, 80179.81271519013
958, 79877.65855095552
1272, 79745.42983244972
370, 79638.70365745568
519, 79575.40958208575
729, 79459.80660006905
476, 79401.62589573246
1321, 79382.63589264854
728, 79370.55566936816
486, 78866.72765333543
326, 78445.6800316674
1256, 78416.20565829358
1270, 78274.82405385704
99, 78156.21688211996
1405, 78101.64954239353
676, 78017.64724652722
311, 77892.12184182857
872, 77641.71810105859
496, 77387.90674267283
467, 77066.27151833175
469, 77024.01743453334
468, 76967.77945862302
862, 76850.52552866895
667, 76835.35677180953
466, 76723.36408506829
1383, 76637.17618002837
1329, 76626.84820852953
1301, 76486.77632021348
313, 76482.40333270385
770, 76472.93527018532
70, 76317.62323263788
109, 75934.84748974806
1368, 75856.46730220097
592, 75753.85564432644
1135, 75661.58267892437
120, 75210.73840233772
717, 75112.6777186243
345, 74907.2524518551
1125, 74605.95153244711
665, 74493.1904806488
1350, 74417.43689272762
1356, 74381.64768174237
892, 74308.28045334428
1411, 74297.47514747932
148, 74269.734887106
213, 74137.09134424283
713, 74128.5059943962
71, 73693.57692598045
753, 73493.82074197772
1370, 73420.8569972863
1369, 73420.8569972863
778, 73164.45267290017
208, 72867.1988626867
119, 72760.04206284111
734, 72293.32633374438
642, 72093.16922095734
1, 72068.85052074745
820, 71958.17067147804
1025, 71845.52942236816
306, 71527.98368297449
1115, 71485.35250356497
430, 71413.58375986542
1145, 71411.7567697997
490, 71041.8205050754
668, 71021.50091135569
458, 70989.35534747045
255, 70979.93110911596
429, 70893.81868807462
0, 70879.63629855477
792, 70760.18451051865
17, 70703.77684741889
10, 70703.77684741889
640, 70675.50304606337
276, 70651.03066994494
786, 70615.50847733636
1360, 70397.28175068618
1284, 70375.82725294092
368, 70284.25957854399
980, 70234.57775300318
240, 70211.24366165142
1324, 70211.14381493758
825, 70172.95326290414
7, 69714.6732104251
527, 69673.90337678231
816, 69609.93465841985
1185, 69368.40687788288
1384, 69081.8335421602
257, 68897.98670593793
1315, 68745.33550311779
365, 68745.33550311779
942, 68588.02085482747
833, 68506.18443537617
793, 68476.35579004545
174, 68474.75391843672
195, 68454.82202916616
1150, 68387.30229317574
331, 68324.62937106277
768, 68295.23674036366
1326, 67849.47784477942
632, 67808.08262787538
520, 67805.27609850577
455, 67535.2717277721
1094, 67451.17466403927
1307, 67356.155183088
934, 67096.16893094606
1249, 67074.94072945956
236, 66997.99283757184
314, 66957.75219347526
1367, 66916.05847502241
337, 66896.09982025034
1418, 66857.27230037874
456, 66815.2012525303
1278, 66806.80073828081
98, 66737.51423519137
1305, 66671.01251748549
588, 66488.19161463095
1303, 66424.90300366795
748, 66316.88198661437
184, 66152.22362625443
183, 66152.22362625443
1124, 66028.24488077112
463, 66004.03285377104
266, 65993.66631762884
1063, 65895.77371119488
477, 65869.52619210414
817, 65642.5173517358
733, 65359.13923437538
1032, 64774.057008321695
482, 64620.64414790889
638, 64419.11367034417
225, 64419.11367034417
206, 64405.92283091051
938, 64073.30426577248
1322, 63360.47544206441
530, 63089.368585450764
1354, 63086.54435151564
1416, 63080.85592372933
1273, 63078.621909080866
891, 62817.357884942816
438, 62766.95786308073
863, 62709.27900256039
475, 62628.66108728273
566, 62617.77462592848
1000, 62587.90157170074
371, 62567.11015618154
328, 62426.364671450654
132, 62424.30179682279
1214, 62298.61117434634
788, 62250.16315736871
787, 62091.73183676093
203, 62070.08717943869
386, 61951.86917297684
287, 61947.18969289681
207, 61915.92320621831
808, 61650.93377190154
258, 61649.76605906819
343, 61548.757896981086
125, 61430.487325811024
1005, 61295.82105639597
247, 61024.11563366858
948, 61020.90824450059
1177, 60951.29693618817
1181, 60838.94172427051
1180, 60838.94172427051
1179, 60838.94172427051
1182, 60742.795123351156
1178, 60742.795123351156
234, 60737.022856842894
1248, 60567.25783221233
1271, 60560.391872080385
1222, 60419.78680238192
165, 60323.128822439074
777, 60191.368295575245
874, 60033.513709056926
31, 59871.8197785748
342, 59768.82627483886
152, 59744.10400728726
1174, 59705.30349209801
150, 59705.30349209801
307, 59663.228393618454
1283, 59611.93552077828
1087, 59525.440929718054
356, 59469.34032730662
465, 59379.798752033676
1250, 59204.89724334128
726, 59083.7299767365
630, 59066.997616338536
732, 59066.87078824641
657, 58977.480836910625
1163, 58759.36452927005
1119, 58754.134335447685
405, 58694.3532820241
666, 58634.01495803612
876, 58629.641095178995
763, 58613.86753545139
59, 58585.34490890456
185, 58304.8928270461
281, 58278.96837044307
22, 58169.01832935672
13, 58169.00979316761
457, 58113.404363084475
731, 58092.877919262675
1347, 57984.646980930775
1048, 57982.34640453127
384, 57957.36603545597
493, 57942.42316948578
1319, 57931.321134945465
288, 57813.52552989203
1309, 57750.892094117145
940, 57641.36962702429
832, 57641.36962702429
720, 57576.78782392206
325, 57550.34855349924
235, 57502.74171566283
1235, 57468.8747644132
1134, 57451.652708443165
744, 57449.8433283874
567, 57414.1684943952
875, 57327.15996299778
679, 57144.27226730828
214, 57091.668239944614
289, 57036.36169888236
295, 56996.05236880749
357, 56987.21691643085
1417, 56892.14557767448
89, 56870.66760557502
591, 56763.76169623525
1091, 56737.69090989024
1090, 56737.69090989024
526, 56645.50997322916
232, 56466.71958511651
1161, 56457.14575655325
402, 56431.89349133968
589, 56421.78737282053
824, 56392.409428848856
248, 56391.07846299737
138, 56378.09128189472
1258, 56206.61952164667
245, 56170.34517976541
202, 56066.828623414774
929, 55947.33689227656
1333, 55930.04661997286
188, 55835.69678461577
73, 55829.572257586144
549, 55785.18016178122
1164, 55775.62894863545
200, 55775.62894863545
1089, 55746.3238454757
849, 55699.20506698221
12, 55668.614418239136
1238, 55613.359995356615
293, 55595.34117031363
844, 55512.14688424015
1231, 55462.65729620806
981, 55439.14948164158
718, 55359.809685518056
936, 55179.3862552133
628, 55161.901348833264
1165, 55061.87435393099
485, 55055.4870785906
484, 54950.15736685632
1143, 54927.555740812204
1406, 54918.1234191551
483, 54918.1234191551
127, 54818.42490084978
453, 54801.022046378064
452, 54801.022046378064
1325, 54787.22746734608
989, 54697.0282881466
403, 54697.0282881466
851, 54677.6345764787
97, 54537.95143416772
1099, 54440.4167087432
379, 54433.649244411885
809, 54338.889867199
807, 54338.889867199
58, 54308.33958502507
1316, 54277.92144050806
637, 54277.92144050806
199, 54237.86163034723
572, 54228.42287589519
182, 54123.526144901465
312, 53980.98106630561
837, 53972.41001948356
1294, 53931.54379064399
1358, 53921.12160240942
196, 53879.40932467249
50, 53876.45680516694
997, 53799.474559817936
873, 53799.474559817936
552, 53677.036311583106
631, 53624.16047778276
888, 53594.615322436104
680, 53447.79401165448
928, 53430.05746950931
1357, 53408.282075623145
147, 53285.43972113302
789, 53252.074965976826
639, 53189.24510155545
614, 53061.86807649742
1260, 53033.14873308135
1259, 52923.4109614263
651, 52846.984476082114
126, 52830.263491695
1026, 52758.51200149136
1371, 52728.67832093373
1069, 52692.39587365835
994, 52594.485354140175
1038, 52358.33641298614
590, 52272.06256628426
711, 52241.274921800854
541, 52190.74668817383
224, 52180.657596273064
573, 52177.75825414157
742, 52135.36684773241
1377, 52127.57242594352
946, 52091.211837290495
181, 52082.96971955439
1009, 52072.44373471903
1366, 51875.64793635022
205, 51721.6820519076
67, 51678.77719273583
909, 51615.658281224394
1390, 51584.4234822692
1281, 51423.891815126895
935, 51346.5705010527
1331, 51340.76848132711
1073, 51282.805339910745
310, 51274.09356660937
1142, 51236.84540649716
300, 51187.109764153494
94, 51179.13363052632
1402, 51159.51808926589
448, 51081.45711156007
80, 51052.64572486987
47, 50936.824519009635
602, 50868.989862173985
37, 50817.19297358476
1037, 50773.902281901384
393, 50728.432215940156
648, 50593.42073381914
931, 50589.9993401142
743, 50582.72277587657
359, 50527.782222467984
9, 50463.711719279025
49, 50450.51740276323
652, 50372.26384488018
118, 50325.017068405905
999, 50313.2774392949
375, 50286.310829088085
259, 50168.25739635391
890, 50163.93130673974
926, 50095.46006997302
1335, 49999.617156497094
1033, 49976.20409194057
1053, 49961.24187814152
585, 49957.07869711841
649, 49913.052867456456
710, 49827.67189507398
1045, 49757.725113285174
489, 49652.40960478674
1226, 49635.559800348776
1153, 49605.35929382628
894, 49487.80882468625
1327, 49474.75870514378
113, 49472.92408095387
797, 49468.60907380073
57, 49466.320392916954
677, 49331.46728934431
616, 49327.362198202136
715, 49326.96942114073
1244, 49320.617803904446
998, 49248.95081319381
385, 49066.95360051703
1254, 48824.77840193486
260, 48816.84055782062
1001, 48796.89183307429
197, 48796.47442853516
907, 48793.59972225267
1014, 48715.998436239024
1095, 48641.1903598534
223, 48581.03100108464
1205, 48560.69148737303
75, 48508.84348797454
671, 48487.55172881516
338, 48397.673435772704
1207, 48392.19088545591
737, 48387.22562118282
335, 48347.93593732864
723, 48343.5413390915
577, 48296.17316656308
779, 48290.05235211811
1289, 48268.67811304403
82, 48268.67811304403
1412, 48254.49430291813
1353, 48214.40580547373
561, 48189.550778333825
979, 48147.08993845918
1221, 48091.6530231799
472, 48052.27452367372
543, 48035.33225617313
101, 48034.15898312308
714, 47989.015195876585
1257, 47966.19256416652
100, 47956.05745298588
988, 47933.416516020734
610, 47924.094872727546
1131, 47882.60053366515
319, 47863.399340224685
447, 47829.115255966775
884, 47802.11378974339
736, 47798.32262844192
317, 47777.9605511325
1047, 47742.061964776105
