7, 99755.22023994695
1185, 99531.56635289048
1324, 98755.997276441
980, 98709.67270132854
1284, 98432.01576895651
1360, 98390.07594300076
942, 97932.7873175813
174, 97702.0296695357
1150, 97524.08810010346
0, 97463.07450010363
458, 97256.38161064744
668, 97196.11108677169
490, 97158.07998523462
1145, 96474.58559647288
632, 96350.40245477823
520, 96344.73606868685
1115, 96340.59075282651
1025, 95694.05384194494
1, 95300.71798775464
734, 94911.01249317161
1249, 94876.86848279227
314, 94642.56927029113
1367, 94559.29129805093
337, 94519.44155994
119, 94118.41535266688
1305, 94070.70783858305
208, 93939.71781153163
588, 93707.15174587855
1303, 93581.48719179809
778, 93450.2490928702
753, 92918.37040604748
1124, 92796.11520188594
71, 92601.02140752182
213, 91910.11116425131
148, 91707.06033840659
1411, 91664.80029166718
892, 91648.35835069629
1350, 91482.85688279649
733, 91479.93826723828
665, 91368.63514055342
1125, 91199.56808531977
120, 90311.82676221027
482, 90039.71449398236
638, 89648.93304356986
225, 89648.93304356986
206, 89623.38848710753
592, 89540.96695380908
1368, 89398.0285031184
109, 89289.4108390425
938, 88980.61152446641
70, 88765.90133434387
1301, 88538.15815137957
1329, 88351.20764883388
667, 88075.62615467512
1322, 87611.78746263553
496, 87360.62160798044
1354, 87088.89607771239
1416, 87078.05607368604
311, 86726.87068542345
676, 86571.7837234793
1405, 86468.58535772805
863, 86371.57761470278
566, 86198.08503685863
1000, 86141.48697113252
371, 86102.10715219754
326, 86050.77343729297
328, 85835.78793361707
132, 85831.88790172026
1214, 85594.44179799082
486, 85549.76852748061
788, 85503.01276459878
787, 85204.39873445217
203, 85163.6465539825
728, 84964.72715790707
1321, 84950.88841575848
386, 84941.2542366291
287, 84932.45765493093
207, 84873.69493056009
729, 84862.68931082722
370, 84659.58252924753
958, 84391.20895403992
1388, 84056.54651494898
741, 83866.22326216484
983, 83714.46346213527
1005, 83712.79451535322
241, 83557.29345407947
247, 83206.83381907547
948, 83200.87090755375
1177, 83071.5114569755
1181, 82862.94661233427
1180, 82862.94661233427
1179, 82862.94661233427
757, 82853.90644897227
1182, 82684.6910901529
1178, 82684.6910901529
234, 82673.99581065337
670, 82486.51480598391
582, 81813.87704130287
211, 81487.4797364613
212, 81424.77294554228
874, 81375.95745488544
31, 81079.14455917753
497, 80972.57700148762
342, 80890.38077094537
315, 80479.50896897385
1087, 80445.2227382297
286, 80264.37797587462
1250, 79860.88845104048
726, 79640.581432115
630, 79610.1832610181
732, 79609.952871567
51, 79481.53521962356
657, 79447.65718377143
1163, 79052.36267806927
1171, 79017.30204142464
405, 78934.73809074753
1079, 78899.53216390924
193, 78899.53216390924
756, 78838.89860949584
666, 78825.64857534882
763, 78789.23997802041
59, 78737.71119999803
904, 78671.2412072348
902, 78671.2412072348
901, 78671.2412072348
900, 78671.2412072348
457, 77887.60512766104
731, 77850.73746656264
1034, 77792.27446105462
166, 77655.22395379317
1048, 77652.36341981721
493, 77580.77511500083
1319, 77560.87345541584
1309, 77237.79583666052
889, 76985.18445633352
897, 76893.55298594736
1328, 76725.75621709802
1279, 76725.75621709802
1134, 76703.47459477569
744, 76700.24944240406
567, 76636.67428282926
875, 76481.72959816536
679, 76156.55519878797
214, 76063.15341447765
357, 75877.8629018259
360, 75635.75519178377
956, 75597.1816587206
494, 75544.96646437125
591, 75482.2215719536
1091, 75436.12852998966
1090, 75436.12852998966
446, 75262.15519188935
110, 74978.61772546894
232, 74957.87763387861
1161, 74941.00779322571
402, 74896.5202963073
138, 74801.77913845412
1258, 74500.2256980219
245, 74436.50968790281
761, 74370.77813595723
202, 74254.82955514627
1008, 74133.0703216661
1333, 74015.09931539708
188, 73849.95843081613
1304, 73825.66367921616
549, 73761.61298040034
1164, 73744.91523993317
200, 73744.91523993317
1122, 73718.46010181445
1089, 73693.69460521123
849, 73611.37485341096
1184, 73578.6009501021
1238, 73461.51267829633
293, 73430.07555661933
579, 73409.45786767254
844, 73285.01270234225
1231, 73198.78552203962
492, 73043.75249764892
718, 73019.74837345241
498, 72877.69689024502
936, 72706.17936186184
628, 72675.8258799116
1165, 72502.29820322087
1143, 72269.59501761974
127, 72080.79333927225
453, 72050.70743393092
452, 72050.70743393092
1325, 72026.86375724277
989, 71871.04920342425
403, 71871.04920342425
851, 71837.5686140367
97, 71596.64478722481
864, 71497.84806052705
1099, 71428.64679278286
58, 71201.45067737173
1078, 71152.66649645125
199, 71080.35667076556
572, 71064.14658552545
332, 71040.11108684262
730, 70958.67405472245
182, 70884.11514182703
1183, 70874.44160606115
870, 70688.05516666266
312, 70639.81492834132
837, 70625.13816989557
1294, 70555.18005241099
1358, 70537.34373678466
1046, 70533.76259375567
196, 70465.97947848064
50, 70460.92939237256
997, 70329.3165471848
873, 70329.3165471848
631, 70030.02191963886
888, 69979.64163810568
1415, 69905.06397355028
680, 69729.53418594258
928, 69699.3486415689
1357, 69662.29778230237
147, 69453.45349030069
1123, 69402.84825116425
789, 69396.78051391518
639, 69290.11687936232
48, 69146.42189074638
614, 69074.10814139638
1260, 69025.44848013509
1259, 68839.66423709881
651, 68710.41227404898
126, 68682.14881694967
1225, 68578.39476055873
1069, 68449.31581625827
568, 68408.4032996701
994, 68284.18412254206
1030, 68105.94793873919
1038, 67886.65906020865
590, 67741.69372195107
541, 67605.18880662555
573, 67583.39676538434
1377, 67499.22489447692
946, 67438.2706216125
181, 67424.4571608887
1366, 67077.41722634586
349, 66264.97134899009
935, 66195.45744053953
1331, 66185.81474396329
1073, 66089.51718601181
1142, 66013.20592374263
300, 65930.66999281992
1402, 65884.90173273844
1133, 65860.26920985496
448, 65755.49341012536
927, 65727.33847135355
769, 65569.96319187204
322, 65473.67696089218
602, 65403.84317333803
393, 65171.66999856116
655, 65155.43372115938
648, 64949.002640350074
931, 64943.364295902276
871, 64839.04859955807
38, 64806.06679768944
9, 64735.39772994907
49, 64713.68671903883
869, 64669.99498640768
652, 64584.987852319195
617, 64537.42786759276
118, 64507.33856230176
253, 64467.82032414347
375, 64443.75611489125
1132, 64392.21605096324
569, 64136.12781171632
926, 64130.64950887689
689, 64096.51460352761
1335, 63973.66318614559
1033, 63935.339214487765
1053, 63910.853377440966
585, 63904.041011418674
244, 63876.24148983458
649, 63832.01932503549
1045, 63578.20201436151
489, 63406.358740297364
54, 63391.73090594886
1226, 63378.88365749955
1153, 63329.65200765242
1019, 63277.00117115822
445, 63277.00117115822
894, 63138.183774948855
1327, 63116.942987105984
797, 63106.93472341552
57, 63103.2101676963
947, 62931.931788975846
677, 62883.920399147064
114, 62882.55278063466
616, 62877.250119711534
715, 62876.611920207135
641, 62868.0805725031
1244, 62866.29195213577
998, 62749.8995696251
1011, 62545.76155081431
385, 62454.739844212716
1254, 62062.909716925584
197, 62017.18375450901
907, 62012.54037973795
1014, 61887.25073884409
78, 61879.894136102586
1227, 61872.20706783767
1095, 61766.57293980927
81, 61705.61434785467
1205, 61636.826778340415
75, 61553.32072087436
671, 61519.0422514741
1207, 61365.6161649218
737, 61357.63198984122
723, 61287.40632602717
779, 61201.465148990064
1289, 61167.13722379075
82, 61167.13722379075
1353, 61080.01011186028
561, 61040.12607883079
979, 60972.01596031088
472, 60820.04093672077
543, 60792.901778823696
101, 60791.022546702145
408, 60740.63933327451
714, 60718.73422869961
528, 60707.58589146661
1257, 60682.20229328516
100, 60665.98208729762
988, 60629.75415240893
610, 60614.84115458944
1131, 60548.476109835705
319, 60517.776480333654
447, 60462.97791823018
884, 60419.834260512376
736, 60413.777672570664
317, 60381.25247611413
1047, 60323.927973226244
925, 60266.98898691264
105, 60217.638140383446
103, 60217.638140383446
83, 60214.685902516976
716, 60198.27535973541
237, 60191.880417817134
104, 60188.142475126115
376, 60152.708540090294
859, 60108.161381053105
323, 60054.663872494195
1206, 59944.807740656135
1239, 59775.93070795677
1209, 59770.21822556271
79, 59718.163228636215
603, 59687.42084238883
1208, 59665.7831570733
355, 59503.74371469129
95, 59472.646041259635
190, 59466.544127411056
1120, 59386.9864986189
843, 59235.53602506834
1272, 59141.41741014618
60, 59134.33319672118
1261, 59112.37922070672
519, 59047.85275879312
341, 59014.64765195808
476, 58952.110384490596
171, 58903.87070821867
1359, 58754.393288523446
392, 58742.779146665765
1355, 58742.07722752307
1212, 58701.54084259342
329, 58430.33471273342
650, 58418.18164653041
1256, 58407.16653877973
243, 58374.2544824646
1270, 58328.694781520586
99, 58262.807894329984
394, 58055.36015989827
406, 58049.60504830137
615, 58038.93231050084
872, 57976.410922870666
294, 57919.848902448124
1276, 57893.85588043271
810, 57793.78904741968
324, 57736.74972875637
407, 57725.774543357256
467, 57654.94612142851
1068, 57645.09577498613
469, 57631.293835827324
1252, 57620.224011903156
468, 57599.803743741475
862, 57534.110906587644
466, 57462.81029764261
678, 57442.40152642735
1383, 57414.450189252144
313, 57327.53848689776
770, 57322.21889742118
52, 57082.58231151922
1375, 56920.09630941657
1135, 56865.135426185596
1104, 56770.42152099413
629, 56727.6557590793
974, 56634.2623025634
717, 56554.520805690365
87, 56459.85691950769
345, 56437.98601999233
499, 56370.574041691376
1291, 56300.96400242105
462, 56277.21716209526
1356, 56139.09932408298
76, 56136.46112330802
713, 55994.77962679761
1114, 55938.608153216504
1370, 55590.05665516635
1369, 55590.05665516635
945, 55542.307126028
848, 55474.298971011995
1213, 55338.13317923163
1332, 55320.840650288104
944, 55294.5498261128
1292, 55068.65496170661
1293, 55055.039240687656
1349, 55054.55520119882
803, 55026.0122479842
735, 54927.05096884558
436, 54917.75621303707
642, 54825.582580897826
1072, 54815.5025514231
121, 54787.640543781854
937, 54758.0285718538
820, 54747.473377839975
906, 54745.28510139921
262, 54716.09004543437
1194, 54716.04320693272
943, 54556.51783468206
306, 54498.10198445739
115, 54450.81295621461
430, 54431.66622133195
8, 54378.6617290292
439, 54228.62357654704
255, 54179.36974703551
429, 54129.183204372275
1071, 54125.995549177016
1070, 54125.995181361584
263, 54082.280074595605
792, 54051.243745938526
17, 54018.324237873494
10, 54018.324237873494
640, 54001.81898522048
276, 53987.53035561029
1107, 53986.980521673235
786, 53966.785940831265
822, 53933.69576256432
838, 53889.609690639496
916, 53854.999547896274
368, 53773.104528627206
924, 53744.13366572027
982, 53742.786849730095
240, 53730.354380977966
825, 53707.92736116947
1295, 53649.24766316094
201, 53522.370640857516
527, 53415.1034539462
1339, 53410.81591351905
816, 53377.49819617661
823, 53255.46394830334
1420, 53176.85971351657
542, 53122.07020884643
539, 53122.07020884643
261, 53067.576996105556
1384, 53066.42681055276
721, 53018.591342072395
627, 52989.20053758537
257, 52957.875225082964
1315, 52867.641071625294
365, 52867.641071625294
760, 52803.39654484282
722, 52792.9988576345
301, 52746.057788232625
833, 52726.08946468544
793, 52708.418158329936
195, 52695.658765117216
331, 52618.47636665662
768, 52601.042112397045
893, 52579.6771934482
1215, 52536.552707944196
959, 52530.76340658365
35, 52511.19005719974
941, 52507.733803173185
1233, 52457.492220449916
1326, 52336.216633135205
378, 52171.030859475395
455, 52149.068132924236
1094, 52098.91063562273
1220, 52061.50573288088
1307, 52042.204483990674
934, 51886.86263590559
952, 51828.78762123011
236, 51828.131392707786
1418, 51743.88106681041
456, 51718.67727965685
1278, 51713.64386781246
1055, 51693.43579255386
