1112, 99145.69173722621
847, 99079.53895817806
1306, 98664.7479228802
596, 98523.83624084677
395, 98493.06327794665
605, 98160.1763075016
977, 97624.17564202985
536, 97490.03785927455
535, 97490.03785927455
131, 97267.29115420383
1052, 97059.77050975362
1217, 96075.64813331819
1216, 96075.64813331819
598, 96025.17261096563
178, 95663.28834586119
29, 95395.12322494756
836, 94362.19115084814
534, 94312.73794521364
780, 93731.89563714118
381, 93307.47259252479
557, 93223.26507614234
173, 92533.26805745572
597, 92250.76187143313
215, 92208.43133403736
790, 92079.34819194197
1363, 92021.46868363096
1310, 91540.02435175411
56, 91507.23929168998
800, 91057.6016333699
1137, 90686.66017630468
226, 90533.14168032596
1378, 90272.98312051133
618, 90118.47751863292
186, 90073.719544147
36, 90073.719544147
1012, 90068.13045986973
1013, 89988.24611587265
1330, 89916.14027274292
474, 89567.43657475384
921, 88010.58933160132
581, 87844.14523260757
570, 87507.06654608992
622, 87406.53310020902
621, 87406.53310020902
1111, 87384.48631048166
106, 87352.24318931105
221, 86994.73969671008
814, 86896.8582907144
538, 86503.52545771383
771, 86429.50471696563
478, 86206.91386966029
275, 85821.60822446902
278, 85740.57057094605
450, 85637.10974361889
449, 85637.10974361889
432, 85561.37410203308
537, 85201.4137491855
279, 85022.88011866805
978, 84532.11895343455
140, 84361.29091436978
380, 84344.05748944412
584, 84198.93944407035
107, 83974.62377433218
299, 83597.411754249
354, 83407.80834464285
220, 83349.10627788094
30, 82895.46025692168
1343, 82724.89622487234
525, 82646.92003117912
560, 82445.42123783924
18, 82443.20108920778
231, 82318.82146562067
14, 81967.71652776771
576, 81967.68449049084
877, 81930.2143306616
531, 81765.9210666423
334, 81478.48102484875
153, 81474.42325525725
781, 81411.9041064031
867, 81328.31562774199
1031, 81210.51114042796
1224, 81059.29340062794
885, 80935.24106868774
826, 80859.5362839715
857, 80514.73209116816
1010, 79589.72937836003
1169, 79214.90187035159
949, 79043.86278176993
1200, 78842.73795749043
1175, 78718.14471279921
252, 78158.89990199481
1274, 77984.291197334
16, 77944.63937111135
277, 77943.29284277585
930, 77637.6568387578
509, 77428.60207066753
488, 77361.51980565989
204, 77114.09244264131
433, 77101.42369908362
1201, 77056.78099465046
1121, 76966.40811336007
495, 76936.03146513377
623, 76870.74679608247
1204, 76388.75225596764
540, 76143.3363404888
1051, 75944.452844512
1342, 75673.34908912184
517, 75458.32070422918
846, 75455.90133811686
1083, 75451.94182310367
1176, 75286.41755205629
971, 75281.15022669134
752, 75248.07900939176
719, 74983.47847463252
90, 74421.80473632512
1040, 74373.95534693834
563, 74216.41866279699
827, 74010.65400384378
1290, 73913.42139607714
611, 73623.70381303498
1376, 73609.71140157885
290, 73494.67299903695
960, 73460.61615822066
858, 73364.29259330682
347, 73200.1015665956
116, 73119.19178809246
850, 72619.92531056149
367, 72130.1764033198
1282, 71488.3738573892
222, 71471.77865804387
1277, 71101.90109211984
1247, 70971.02732891406
819, 70890.74354704568
1062, 70860.59543090912
1223, 70761.45686375625
583, 70445.49601480154
1221, 69989.38037243033
1412, 69647.32718943674
577, 69560.68414975905
335, 69453.58516086065
338, 69351.20161303775
853, 69296.61864632535
1346, 69279.21335444029
361, 69035.46269141046
972, 69022.85849490725
967, 69022.85849490725
223, 68978.14638435202
1155, 68702.83801987156
415, 68600.70858245647
1001, 68547.60119579427
260, 68508.27439670388
969, 68450.82619749621
420, 68408.09969306017
1287, 68103.69502455356
776, 67885.35870481946
1066, 67344.38613207272
772, 67278.38463673134
113, 67256.5760871981
762, 67149.09751807516
565, 66843.28683418377
710, 66611.86094087275
1189, 66523.53546709934
1191, 66147.8968569183
304, 66066.96096467908
890, 66020.24348879847
259, 66012.75179721964
999, 65763.33364234203
359, 65400.43229966583
743, 65308.61770926456
1037, 64992.65678782487
37, 64921.862442367164
970, 64764.71436870896
47, 64727.64690827497
80, 64541.58075516849
346, 64356.66508496593
94, 64340.5501471049
802, 64336.331383794575
801, 64336.331383794575
783, 64261.95498613323
310, 64191.09562827303
1281, 63957.85057015601
1017, 63867.50162707767
441, 63803.34493143237
1390, 63711.2539011729
909, 63663.67148440727
67, 63567.90899922533
205, 63503.11205183167
86, 63266.74607768269
601, 63200.769516316956
1407, 63198.41135410841
1408, 63190.872269693056
1409, 63172.071027459024
1065, 63172.071027459024
85, 63172.071027459024
1016, 63117.2651223374
1009, 62982.22382054461
742, 62890.41756455601
224, 62824.639362378366
711, 62736.99435765862
968, 62660.1117393009
1015, 62199.837039798374
574, 62062.90139907792
1371, 62048.21377890015
1300, 62025.4584050149
122, 62023.75990631567
1026, 62006.95303191909
1410, 61942.77438819583
903, 61843.86122434177
647, 61840.28225041999
42, 61650.184111062954
187, 60965.78962986847
552, 60784.470625505026
993, 60777.011818649094
410, 60376.58280704374
1027, 60334.4486206797
1316, 60031.8877056546
637, 60031.8877056546
809, 59957.48368301173
807, 59957.48368301173
267, 59866.32052611778
167, 59853.781654715356
417, 59853.3666399823
379, 59842.536752451306
419, 59718.962602716805
553, 59609.94767867967
72, 59513.31646293935
390, 59377.969137418164
434, 59342.36647361504
1406, 59267.73796978204
483, 59267.73796978204
26, 59244.493546055586
484, 59230.47397648349
485, 59108.58144667319
168, 59001.60965686595
981, 58672.64988392945
1323, 58668.17470286042
12, 58417.80828347834
73, 58241.60418380262
929, 58113.99403271047
1113, 57870.00056545209
233, 57869.834509734705
442, 57745.31169956455
248, 57642.836256610586
824, 57641.445612286305
589, 57610.784171513704
856, 57448.11864288136
854, 57448.11864288136
1059, 57389.83717404211
526, 57379.38743911692
454, 57335.84872426858
855, 57326.872109822805
555, 57223.78848300613
89, 57150.19174461124
1417, 57128.518532139475
554, 57088.07170677965
709, 57033.0222809698
295, 57024.128636528134
289, 56983.836589445425
571, 56854.56223462084
1018, 56624.17313066841
154, 56624.17313066841
437, 56587.08637952569
1235, 56558.56653490322
1232, 56535.12608169655
235, 56525.80230341449
1088, 56514.00559283911
1400, 56492.25509357194
325, 56479.874752717
720, 56454.43306885176
155, 56394.07879105379
940, 56392.482156920254
832, 56392.482156920254
391, 56332.93602986846
409, 56310.82539004013
288, 56228.6733600142
1102, 56144.88733914167
1106, 56144.886323423336
1105, 56144.886323423336
384, 56093.275517275746
1347, 56067.744880343795
13, 55896.44151892532
22, 55896.43363669933
922, 55888.85730014975
281, 55795.28189120908
185, 55771.540677183315
1056, 55688.20580253597
264, 55669.23370874166
876, 55477.603216022
1119, 55366.59487612361
149, 55056.67080804382
124, 55056.02772071121
861, 54975.0408494972
1395, 54948.35809886124
401, 54929.6533717797
151, 54865.53067945065
465, 54822.25641153408
1101, 54804.19715526903
356, 54746.15312671782
1283, 54625.86286753277
307, 54582.86254929588
1174, 54547.69531656287
150, 54547.69531656287
152, 54515.34900746075
607, 54317.82399680938
1110, 54186.2696216163
1108, 54186.2696216163
777, 54148.20384770614
165, 54042.01404140445
1081, 53965.56007370932
1222, 53964.671981574575
1109, 53948.11698021092
1397, 53912.066479422305
1288, 53866.239457708376
1271, 53852.997861083575
1248, 53847.569725576985
1399, 53349.36159731428
1086, 53260.750812279664
1234, 53253.36988864914
451, 53252.01869991293
125, 53183.14691046213
564, 53141.37342230655
343, 53094.81866291716
1085, 53081.35087223409
562, 53063.93534982563
860, 53051.45059600641
258, 53019.881604979324
808, 53019.017959718294
992, 52950.169967377966
673, 52944.91249534127
302, 52904.17425093486
866, 52872.93898673724
700, 52775.71792989621
1061, 52553.71347788941
1039, 52439.23629606587
475, 52316.63104630869
438, 52220.516575050024
891, 52185.68184056708
1344, 52107.79871003071
1273, 52006.73308403631
530, 51999.430207620404
501, 51805.49454392586
815, 51609.99224320596
1317, 51589.223772672245
1228, 51507.558049418025
865, 51507.558049418025
1404, 51494.76290681393
139, 51470.2637770628
1188, 51430.25837408871
674, 51427.682715921874
1190, 51410.073743060144
794, 51198.1151694119
273, 51091.51939957215
852, 50941.993792279405
1032, 50908.120644814844
796, 50887.738466486255
831, 50485.449377493955
817, 50384.22437388157
256, 50289.69174542829
477, 50251.29686844395
1063, 50236.03144845979
266, 50179.28615109148
463, 50173.294341083565
1074, 50143.44737134064
184, 50088.001503259016
183, 50088.001503259016
748, 49994.014682804125
362, 49789.596350738466
98, 49757.59380572805
1278, 49719.14870561038
456, 49714.49695256527
1418, 49691.23092713414
236, 49613.77955680079
934, 49560.07878446101
1307, 49419.18140797818
227, 49415.684446036445
1094, 49368.15578699471
455, 49323.20277077029
1326, 49156.948176105376
1245, 49050.95773152513
768, 48925.59041014535
331, 48910.51708427957
195, 48844.01752052369
793, 48833.060297011325
833, 48817.901799308514
1396, 48800.02665696378
1077, 48718.665397651646
1315, 48697.18096189341
365, 48697.18096189341
274, 48621.82636638708
271, 48621.82636638708
257, 48620.87173991869
1384, 48529.73019387899
816, 48272.46009556364
527, 48241.74522252669
825, 48005.361905075406
240, 47987.45869250588
368, 47953.41003048711
1314, 47908.19720251051
1080, 47844.335226856354
786, 47800.4254933677
276, 47784.16263369334
640, 47772.9745684115
17, 47760.06475780836
10, 47760.06475780836
792, 47734.36064878376
429, 47673.73860983447
654, 47667.20553898505
828, 47639.995268450264
255, 47634.876523648
481, 47567.9903067423
1162, 47563.20566267274
829, 47563.20566267274
430, 47441.541985969954
306, 47391.18898917183
740, 47292.744492762504
739, 47268.24848926875
1060, 47233.08759285922
123, 47220.34969850154
820, 47204.21570150071
765, 47178.427521998565
515, 47178.427521998565
514, 47178.427521998565
502, 47167.66778157126
642, 47146.30173800395
690, 47110.99060428489
141, 47103.28688530107
932, 46850.108541884176
133, 46673.512265732475
1370, 46595.275968835806
1369, 46595.275968835806
713, 46314.68492742103
1356, 46216.41342806264
74, 46206.284183411975
1172, 46136.5760926238
6, 46048.566500911285
345, 46015.794088547635
269, 46003.10202025632
717, 45938.61465929013
516, 45931.432539291265
1135, 45735.68683965464
1029, 45652.124227428445
661, 45630.093486651574
1035, 45457.21879185554
770, 45444.239235958354
313, 45440.896380814585
353, 45423.556635451765
1383, 45386.437747382435
466, 45356.263075486066
862, 45311.93989747994
468, 45271.276187266405
469, 45251.84257371967
467, 45237.27085303514
145, 45064.91901112533
1004, 45051.44425237956
872, 45041.31735961759
1147, 45033.620614476145
464, 45033.620614476145
1373, 45024.354235775674
1003, 45007.01271641768
369, 44921.50313688516
99, 44869.96405300563
1270, 44830.96454529098
1256, 44784.71867945074
919, 44745.48462373325
503, 44699.73979307363
5, 44686.68191713903
1199, 44645.2352442817
1334, 44629.477730642226
476, 44469.52420842243
19, 44427.72942528524
519, 44415.19982192746
1272, 44362.408479939106
142, 44289.72408088566
93, 44262.47121389276
1120, 44225.23317669605
190, 44181.215650166014
1302, 44171.46330518296
920, 44150.11273812504
104, 43791.15160795267
237, 43789.17310411155
83, 43777.11128488395
105, 43775.55099991351
103, 43775.55099991351
830, 43719.59773409685
528, 43520.21868763279
408, 43503.247700041684
745, 43471.11647446085
45, 43359.36074000803
43, 43349.33404649106
701, 43194.5852645197
81, 43021.39071972161
1227, 42940.78049911953
78, 42937.078656132726
1011, 42622.22486691272
641, 42473.83118762243
114, 42467.22805856445
947, 42444.7365340728
399, 42423.67400218547
1019, 42289.196300127944
445, 42289.196300127944
