254, 92312.5498413484
898, 67390.70572358322
923, 59959.83653385681
1160, 53215.52155064078
1157, 42364.21444395719
1253, 41969.350558114646
1187, 41424.356089160654
580, 39860.19345318172
320, 37634.18476394929
487, 35624.26258083491
491, 35006.19796362794
28, 34190.64130374868
27, 33373.82257195621
374, 32205.402110464176
672, 31802.0607013264
593, 30551.77979082589
318, 29897.66496295111
1385, 29841.953255932207
129, 29537.229473025032
533, 28715.84074762174
144, 28466.965669169487
298, 28390.063899590878
708, 28201.81134147215
128, 27902.106877696307
532, 27738.206065392107
1320, 27434.346895095558
1202, 27412.43390691001
1041, 27203.838562837223
1203, 27170.71237983189
1042, 27170.187080628577
1167, 27125.832833856944
551, 27088.867557363206
1243, 27035.993119035258
303, 26991.110909387604
1229, 26965.922521753986
1361, 26873.928941146085
130, 26821.833347654712
373, 26748.83478330665
1365, 26747.743012677445
764, 26709.086602476174
1345, 26646.89720460683
991, 26535.48781463982
523, 26527.28378207617
143, 26443.753376347893
111, 26442.7825043635
230, 26378.007213173045
229, 26374.502191619966
404, 26293.198346518835
1210, 26254.35443089797
841, 26249.112085779787
957, 26240.28455048919
675, 26187.3425260336
372, 26164.166717533393
724, 26149.50111961733
507, 26133.81299354059
842, 26106.455795623227
508, 26094.489756765066
529, 26060.909717178427
818, 26005.126556164127
681, 25968.807402593564
1006, 25947.299405570102
1341, 25940.772669901235
683, 25910.86782456759
725, 25880.421115948848
682, 25864.881912233745
1186, 25845.202188820193
635, 25834.256279122226
634, 25834.256279122226
976, 25834.046238922452
506, 25830.415452538557
975, 25828.335960105036
685, 25824.909793925803
1092, 25814.32577249321
1266, 25792.715789807964
84, 25775.924980627642
321, 25774.859007126368
684, 25740.08337346571
333, 25735.909794241154
1391, 25692.908716930786
25, 25671.463774834698
24, 25623.143651681374
308, 25597.612387068646
23, 25588.7762361218
77, 25567.538985100226
879, 25567.02465289825
878, 25567.02465289825
1393, 25559.313062271292
505, 25554.825147133713
400, 25535.064683073222
646, 25506.911567972686
1219, 25465.39981672174
1218, 25461.827261274928
1338, 25453.88448584004
1337, 25453.88448584004
914, 25447.897133921153
1139, 25429.00752979011
954, 25420.966786748977
1140, 25413.252974694085
521, 25395.323166595907
1141, 25381.843991879727
1138, 25381.843991879727
962, 25370.48346612194
964, 25365.995512359685
963, 25365.995512359685
1267, 25365.1405441214
965, 25364.50092279659
283, 25353.125979176995
1126, 25343.179853480913
1265, 25336.4841184953
912, 25330.401823195414
608, 25272.734080862425
550, 25259.571042139654
918, 25242.7657544454
805, 25241.880976701384
625, 25232.800107270592
388, 25226.356654091735
162, 25217.19647751256
1394, 25176.136195350722
1364, 25166.833676790397
785, 25154.49722408849
387, 25153.643224063777
804, 25149.358699663644
973, 25142.237792340566
687, 25099.031522465753
389, 25098.600324462783
882, 25081.225378234318
1230, 25075.323240862428
1336, 25047.063871550192
686, 25014.21146643798
688, 24996.166289276116
895, 24974.856680231307
284, 24966.50700000708
33, 24966.181395424854
443, 24924.442695460384
913, 24880.22956880251
524, 24855.897383704287
1352, 24852.040884044512
1268, 24716.729902268693
339, 24707.8216382904
1392, 24704.42288445906
1296, 24679.798197861393
34, 24679.723213494137
1118, 24672.269884141042
595, 24672.269884141042
626, 24656.203993619492
917, 24638.626092410435
933, 24615.58499875187
92, 24608.048456675053
1251, 24591.90041452526
1269, 24590.19405457164
163, 24569.339564865557
91, 24544.35609018362
1211, 24540.247778891793
1297, 24538.257847122997
953, 24497.78874022914
297, 24497.78874022914
881, 24412.14752276149
351, 24372.89160376016
1242, 24361.786724526137
1241, 24361.786724526137
117, 24348.228328921425
951, 24304.46277075542
1007, 24220.186845142678
383, 24218.554269578268
784, 24192.68265404524
1128, 24180.773533278985
1158, 24150.793986850804
32, 24142.333670935994
1351, 24112.014924646453
910, 24100.874483729192
316, 24021.967068822894
774, 23995.012908415356
773, 23995.012908415356
1093, 23990.252530147092
510, 23990.252530147092
660, 23985.439903319784
96, 23978.443273864796
1146, 23954.25774407459
1130, 23948.986271495796
821, 23922.6987514366
1380, 23922.429077054512
658, 23912.294083699642
1311, 23871.215765407418
1298, 23851.57713913336
511, 23841.76094128569
1196, 23833.196389128203
1197, 23824.14664892549
1386, 23797.34603880439
1387, 23785.815875091303
586, 23781.03569425573
1195, 23730.124166421316
1198, 23729.263663599097
1374, 23727.128482772685
1116, 23674.189537404305
1340, 23672.66144314121
282, 23638.277267302456
766, 23624.650589892324
1096, 23619.89024921218
599, 23584.766312255288
883, 23569.45216790912
587, 23551.415686318313
995, 23502.946906394343
758, 23502.39531311305
198, 23495.883091608215
939, 23488.075982836395
1097, 23486.452868743734
747, 23454.680309638974
669, 23444.522065030204
327, 23437.209175490538
746, 23429.29949492209
990, 23411.137080198576
896, 23408.39948158449
887, 23371.405024448184
880, 23352.758118967635
707, 23339.23377058732
966, 23337.56408146389
1372, 23323.66724663546
806, 23317.570377664215
1127, 23266.57547868998
1129, 23260.16968995267
548, 23242.339006096663
547, 23240.33287590163
340, 23198.058583455007
522, 23186.417773743444
1237, 23166.65923344738
1024, 23166.65887527742
1023, 23166.65887527742
280, 23124.412599124014
839, 23118.648103793636
175, 23094.312939341035
1054, 23089.014823815683
1022, 23058.188185162522
1098, 23050.3383101238
431, 23046.490205024835
1064, 23044.046432606574
344, 23005.215999379478
664, 22998.89148346495
1049, 22990.994412806936
1156, 22978.79674971655
1050, 22948.432579826345
624, 22934.219569632773
1021, 22931.194118411553
1151, 22885.454046378247
755, 22798.39596262606
1275, 22786.69369624383
1154, 22760.399251114206
66, 22758.12906957777
559, 22752.834298139118
296, 22749.255204449368
265, 22746.63381838541
440, 22743.809058682884
377, 22732.764280129362
336, 22714.917220624913
996, 22701.24359184389
911, 22665.183593200563
738, 22633.46861795356
292, 22633.224296151035
950, 22618.758639346102
578, 22590.61538223819
767, 22561.288855581148
1055, 22557.26947174999
952, 22531.592955207758
1220, 22487.892791025195
378, 22467.519016240396
1233, 22414.805837377684
941, 22405.645215682405
35, 22405.01595118306
959, 22401.454548749345
1215, 22400.40190139926
893, 22392.571136022638
301, 22362.52977219084
722, 22354.102930817655
760, 22352.23922723461
627, 22319.110577386302
721, 22313.90045053912
261, 22305.234947859935
542, 22295.621823634552
539, 22295.621823634552
1420, 22285.984618322615
823, 22272.20763357143
1339, 22245.147998661996
201, 22225.854224685467
1295, 22204.048294109445
982, 22188.06518125741
924, 22187.83562380997
916, 22168.99471864329
838, 22163.135367510265
822, 22155.68714557708
1107, 22146.707727639277
263, 22130.71025563989
1070, 22123.398564264302
1071, 22123.39850281431
439, 22106.29837438182
1166, 22103.20817319186
8, 22081.461984849175
115, 22069.58700533908
943, 22052.2692534694
1194, 22026.311714930012
262, 22026.30412466977
906, 22021.57655896332
937, 22019.51522028908
121, 22014.730483483087
1072, 22010.235123616105
436, 21993.791880544475
735, 21992.30145698027
803, 21976.47660260325
1349, 21971.927101010475
1293, 21971.85000618424
1292, 21969.68215483972
944, 21933.933487391092
1332, 21929.799355922005
1213, 21927.083162094434
848, 21905.777686738318
945, 21895.191180147114
1114, 21834.212796760956
76, 21804.216757296486
462, 21783.05514891552
1291, 21779.499457424125
499, 21769.100448088775
87, 21755.81452357631
974, 21730.028966577516
629, 21716.311032147678
1104, 21710.050285341957
1375, 21688.240767572457
52, 21664.743109225303
678, 21613.359574781716
1252, 21588.29157401847
1068, 21584.802295675505
407, 21573.512240707125
324, 21571.979740210485
810, 21564.02802677747
1276, 21550.129899293952
294, 21546.530548953255
615, 21530.097136361805
406, 21528.628820414622
394, 21527.837360488313
243, 21484.315741092792
650, 21478.371633482617
329, 21476.729271248463
1212, 21440.320079901983
1355, 21434.917523672197
392, 21434.824063831296
1359, 21433.278094717585
171, 21413.455214323312
341, 21398.85285710863
1261, 21386.031992427852
60, 21383.15990842793
843, 21369.957712618463
95, 21339.26512967925
355, 21335.264357381715
1208, 21314.50927455748
603, 21311.74935083076
79, 21307.83277355542
1209, 21301.213432385295
1239, 21300.487982221293
1206, 21279.126272179503
323, 21265.317608378962
859, 21258.617832564112
376, 21253.051262295477
716, 21247.368808313375
925, 21238.82178461733
1047, 21231.75930793034
317, 21224.66719832623
736, 21220.65131194862
884, 21219.904150196082
447, 21214.587649052988
319, 21207.84969727848
1131, 21204.082112200063
610, 21195.955123205473
988, 21194.13219818446
100, 21189.708829217478
1257, 21187.730679165885
714, 21183.28061471433
101, 21174.49621139599
543, 21174.26822464928
472, 21170.977844216883
979, 21152.625136534156
561, 21144.439996387544
1353, 21139.6583363439
1289, 21129.241929292653
82, 21129.241929292653
779, 21125.14883947848
723, 21114.928680954814
737, 21106.60598475422
1207, 21105.661372161387
671, 21087.57339022434
75, 21083.548716417303
1205, 21073.769317681086
1095, 21058.64508370241
1014, 21044.654207805394
907, 21030.205807408078
197, 21029.671835767243
1254, 21024.41922542023
385, 20979.830375675625
998, 20946.732743657674
1244, 20933.79501802545
715, 20932.65097179074
616, 20932.580239000952
677, 20931.84107454974
57, 20907.656408778443
797, 20907.247573698558
1327, 20906.149310054858
894, 20903.819973273196
1153, 20882.916697278324
1226, 20877.569037275047
489, 20874.589426872964
1045, 20856.031003026816
649, 20828.86213014553
585, 20821.20496902601
1053, 20820.481880163967
1033, 20817.884552523297
1335, 20813.824638804028
926, 20797.261105159003
375, 20764.544043670998
118, 20757.951482581928
652, 20749.923659765638
49, 20736.674064774896
9, 20734.44576500478
931, 20713.20077343847
648, 20712.627282263464
393, 20690.08371400498
602, 20666.792868401
448, 20631.92796194532
1402, 20619.22057303516
300, 20614.741984550994
1142, 20606.686145138647
1073, 20599.26134039006
1331, 20589.923979043313
935, 20588.990949919877
1366, 20505.133446932785
181, 20472.92067736535
946, 20471.647434617964
1377, 20466.037142229474
573, 20458.311551009017
541, 20456.315484227238
590, 20443.850196374955
1038, 20430.68372870438
994, 20394.95105431931
1069, 20380.26606226314
126, 20359.716001297336
651, 20357.23372950341
1259, 20345.9156731203
1260, 20329.743438441164
614, 20325.52629614183
639, 20306.898128855624
789, 20297.754947029796
147, 20292.911715572278
1357, 20275.151859134345
928, 20272.015449250986
680, 20269.463378509125
888, 20248.426965195653
631, 20244.21294317756
997, 20219.338915645414
873, 20219.338915645414
50, 20208.486803815587
196, 20208.07143911411
1358, 20202.209977683684
1294, 20200.74738478081
837, 20195.01993060304
312, 20193.820199123085
182, 20173.943939259072
572, 20159.408856814473
199, 20158.10475155654
58, 20148.38681217033
1099, 20130.268010390977
69, 20123.311997947327
97, 20116.96496660051
851, 20098.02621598505
989, 20095.40720268376
403, 20095.40720268376
1325, 20083.259600984136
453, 20081.406629215708
452, 20081.406629215708
127, 20079.070789606183
1143, 20064.46913886617
1165, 20046.605766231478
628, 20033.37996227206
936, 20031.074777729464
718, 20007.403785067574
1231, 19994.004258248642
844, 19987.580559746664
293, 19976.817057753753
1238, 19974.491586579403
849, 19963.440668410574
1089, 19957.394669952126
1164, 19953.64141078592
200, 19953.64141078592
549, 19952.4192933319
188, 19945.9649191004
1333, 19933.952444182345
202, 19916.63486559085
245, 19903.60486501798
1258, 19899.05425979769
138, 19877.650392194475
402, 19870.970810696555
1161, 19867.841659295555
232, 19866.656301013456
1091, 19833.330580451948
1090, 19833.330580451948
591, 19830.146874957536
