374, 82664.29883223229
580, 55370.597907227595
939, 51474.79897911632
1166, 45260.15493138176
69, 37670.746801181805
68, 31686.754613969082
254, 29428.577686588593
898, 26325.035443709967
923, 25109.450412896644
1160, 23843.971581599868
1157, 21389.16641266301
1253, 21288.0444161609
1187, 21146.92490280292
320, 20112.87399927001
487, 19524.169243789165
491, 19337.05538335913
28, 19085.578758689346
27, 18828.343827170993
672, 18317.5964541389
1168, 18298.97229747595
593, 17895.769158021223
318, 17669.330449027766
1385, 17649.85698410781
129, 17542.81606026071
533, 17249.767229511566
144, 17159.649477972725
298, 17131.676605484543
708, 17062.94580651514
128, 16952.773111924656
532, 16892.128688849323
1320, 16778.954179315053
1202, 16770.754877357384
1041, 16692.44807870822
1203, 16679.969777170973
1042, 16679.771807595203
1167, 16663.045349772972
551, 16649.089223664112
1243, 16629.101108428993
303, 16612.110664258165
1229, 16602.565918715056
1361, 16567.648096395904
130, 16547.83358480417
373, 16520.018993822214
1365, 16519.6025566073
764, 16504.849347366515
1345, 16481.080511341806
991, 16438.393757092577
523, 16435.244971590833
143, 16403.142981109213
111, 16402.76940768923
230, 16377.82153309296
229, 16376.470267015227
404, 16345.087520587207
1210, 16330.068089363662
841, 16328.03979168883
957, 16324.6236684226
675, 16304.117663632018
372, 16295.131140057021
724, 16289.44138579929
507, 16283.352260744732
842, 16272.72735506668
508, 16268.077383887972
529, 16255.019687923037
818, 16233.300234200835
681, 16219.14036001088
1006, 16210.74795016586
1341, 16208.20018850145
683, 16196.520447576051
725, 16184.618685924015
682, 16178.540293594046
1186, 16170.838348345102
635, 16166.552607373183
634, 16166.552607373183
976, 16166.470355337235
506, 16165.048455203181
975, 16164.234010381857
685, 16162.892026237934
1092, 16158.745562943936
1266, 16150.275548736823
84, 16143.690741588027
321, 16143.272593359667
684, 16129.624102562324
333, 16127.985160699192
1391, 16111.087308664912
25, 16102.652344552313
24, 16083.627268345874
308, 16073.564055878192
23, 16070.079524638359
77, 16061.700963966536
879, 16061.497984464599
878, 16061.497984464599
1393, 16058.454266652023
505, 16056.68259960747
400, 16048.879129120958
646, 16037.753620856533
1219, 16021.332422443333
1218, 16019.918264755781
1338, 16016.77367509326
1337, 16016.77367509326
914, 16014.402767640833
1139, 16006.920037759595
954, 16003.733612038057
1140, 16000.676042264058
521, 15993.566440267776
1141, 15988.219174122847
1138, 15988.219174122847
962, 15983.710755635544
964, 15981.929301948558
963, 15981.929301948558
1267, 15981.58990339722
965, 15981.33598603117
283, 15976.819560754959
1126, 15972.869219725342
1265, 15970.209203150367
912, 15967.792437400047
608, 15944.857151730968
550, 15939.616606617157
918, 15932.923058750317
805, 15932.570560595988
625, 15928.95218764164
388, 15926.384139898531
162, 15922.732505431986
1394, 15906.352115371248
1364, 15902.638279901998
785, 15897.711650731502
387, 15897.370535385491
804, 15895.659028526923
973, 15892.81401832322
687, 15875.539133341588
389, 15875.366620066412
882, 15868.413455844702
1230, 15866.050713480481
1336, 15854.732266195895
686, 15841.562427519573
688, 15834.3230963624
895, 15825.769211452673
284, 15822.416110085127
33, 15822.28533572165
443, 15805.511240649928
913, 15787.720281605754
524, 15777.919370806825
1352, 15776.3653441003
1268, 15721.728297505544
339, 15718.123601919126
1392, 15716.74805968047
1296, 15706.777852394998
34, 15706.747481177277
1118, 15703.728294579925
595, 15703.728294579925
626, 15697.218085353828
917, 15690.0916476949
933, 15680.74472596143
92, 15677.686050199489
1251, 15671.130141599973
1269, 15670.437197768348
163, 15661.965479502824
91, 15651.809576792455
1211, 15650.138811264158
1297, 15649.32947417254
953, 15632.859717831252
297, 15632.859717831252
881, 15597.941210419089
351, 15581.905804434267
1242, 15577.366260203045
1241, 15577.366260203045
117, 15571.821723621115
951, 15553.9091470088
1007, 15519.35078706848
383, 15518.680476712016
784, 15508.053655059137
1128, 15503.159215350024
1158, 15490.830484722037
32, 15487.34929483029
1351, 15474.866768264812
910, 15470.277313513734
316, 15437.726796048417
774, 15426.590274820188
773, 15426.590274820188
1093, 15424.622523800674
510, 15424.622523800674
660, 15422.632891852905
96, 15419.739842987645
1146, 15409.734681325828
1130, 15407.553001929624
821, 15396.668395323284
1380, 15396.556689810417
658, 15392.357884795132
1311, 15375.32664053402
1298, 15367.177010179112
511, 15363.101698096438
1196, 15359.545046739673
1197, 15355.785920874252
1386, 15344.647393832922
1387, 15339.852632482567
586, 15337.864333966414
1195, 15316.670252003662
1198, 15316.31175412788
1374, 15315.422167211069
1116, 15293.347888416054
1340, 15292.71019054935
282, 15278.353421307289
766, 15272.659650465645
1096, 15270.670042402091
599, 15255.981051217848
883, 15249.571768050862
587, 15242.019359524716
995, 15221.703812247337
758, 15221.472443628489
198, 15218.740569758504
1097, 15214.783649956513
747, 15201.443648935905
669, 15197.175933144033
327, 15194.102811965082
746, 15190.778139806385
990, 15183.140952868518
896, 15181.989447802216
887, 15166.419331329358
880, 15158.564716226516
707, 15152.865115752229
966, 15152.16129374434
1372, 15146.3020072691
806, 15143.730627535851
1127, 15122.204844117152
1129, 15119.498520231637
548, 15111.962647625855
547, 15111.114533478307
340, 15093.230681385856
522, 15088.30211655535
1237, 15079.932654143793
1024, 15079.932502382457
1023, 15079.932502382457
280, 15062.020796035196
839, 15059.574978211931
175, 15049.245122966511
1054, 15046.995159469865
1022, 15033.89679907078
1098, 15030.559409001618
431, 15028.923090532511
1064, 15027.883833640615
344, 15011.360219114067
664, 15008.667095786848
1049, 15005.303620229402
1156, 15000.106883268681
1050, 14987.1620977411
624, 14981.098754624287
1021, 14979.807745163555
1151, 14960.275306666912
755, 14923.023983727735
1275, 14918.009201468225
1154, 14906.734729425283
66, 14905.760904628576
559, 14903.489380938496
296, 14901.953698024043
265, 14900.828833285814
440, 14899.616598642244
377, 14894.875777814263
336, 14887.211812729101
996, 14881.337212695933
911, 14865.83306041477
738, 14852.183031725539
292, 14852.077825318273
950, 14845.847436173812
578, 14833.718225241224
767, 14821.068002074711
1055, 14819.333330690944
952, 14808.246944724946
1220, 14789.358534977864
378, 14780.543838299389
1233, 14757.712122172592
941, 14753.74063018128
35, 14753.46777841103
959, 14751.923440482942
1215, 14751.466946841027
893, 14748.070577930575
301, 14735.033475285267
722, 14731.374318380358
760, 14730.564922062495
627, 14716.169645794474
721, 14713.90438276566
261, 14710.135990665944
542, 14705.954336969964
539, 14705.954336969964
1420, 14701.760975829131
823, 14695.764161315086
1339, 14683.978355642874
201, 14675.56901180346
1295, 14666.058752252315
982, 14659.08398013174
924, 14658.983780134096
916, 14650.757475892226
838, 14648.19820290536
822, 14644.94427357248
1107, 14641.02041941216
263, 14634.02712142507
1070, 14630.829673603865
1071, 14630.829646728394
439, 14623.348859596636
8, 14612.476713392984
115, 14607.275509350875
943, 14599.686994547306
1194, 14588.30504068726
262, 14588.301711158068
906, 14586.227775577196
937, 14585.323392880298
121, 14583.223938051202
1072, 14581.25117581805
436, 14574.03283774371
735, 14573.378384081845
803, 14566.427752368876
1349, 14564.428884323008
1293, 14564.395009552056
1292, 14563.442442421456
944, 14547.725115309046
1332, 14545.906382180865
1213, 14544.711318274247
848, 14535.333931949082
945, 14530.67210689966
1114, 14503.790399849035
76, 14490.548441273291
462, 14481.199148919473
1291, 14479.627631112135
499, 14475.030567925129
87, 14469.1551520453
974, 14457.745179385445
629, 14451.671372110857
1104, 14448.898485727554
1375, 14439.234866077504
52, 14428.815972779134
678, 14406.006122162978
1252, 14394.864964102866
1068, 14393.313514597845
407, 14388.29243429543
324, 14387.61074307576
810, 14384.073121364301
1276, 14377.887925067545
294, 14376.285644129763
615, 14368.96790895425
406, 14368.313892705522
394, 14367.961348878533
243, 14348.562022624476
650, 14345.910469823322
329, 14345.177757484493
1212, 14328.92484618837
1355, 14326.511607522341
392, 14326.46985690094
1359, 14325.77922006997
171, 14316.920738487288
341, 14310.391735468966
1261, 14304.656839054525
60, 14303.371816016752
843, 14297.463441093241
95, 14283.718256206552
355, 14281.92561081698
1208, 14272.622211945914
603, 14271.384634107984
79, 14269.628219301345
1209, 14266.659247390653
1239, 14266.333824306435
1206, 14256.748086872636
323, 14250.548281723793
859, 14247.539263562623
376, 14245.03871739278
716, 14242.48566982585
925, 14238.644762955271
1047, 14235.470220814886
317, 14232.281658460286
736, 14230.475833006967
884, 14230.13983160096
447, 14227.74875629561
319, 14224.717822053537
1131, 14223.02277203022
610, 14219.365735208628
988, 14218.545316477928
100, 14216.554358676483
1257, 14215.663905072943
714, 14213.66053250019
101, 14209.705072794774
543, 14209.60240006825
472, 14208.120512194871
979, 14199.852227656631
561, 14196.163127336755
1353, 14194.007565140215
1289, 14189.31076158719
82, 14189.31076158719
779, 14187.464753169494
723, 14182.854373674187
737, 14179.098869103924
1207, 14178.672563966633
671, 14170.507012785438
75, 14168.689508510137
1205, 14164.272276910775
1095, 14157.438202838663
1014, 14151.11338575006
907, 14144.578844812217
197, 14144.337290497824
1254, 14141.960937691278
385, 14121.772666132778
998, 14106.76906770577
1244, 14100.900014211315
715, 14100.380916570715
616, 14100.34882178411
677, 14100.013423944009
57, 14089.035300998432
797, 14088.849647674797
1327, 14088.35091090012
894, 14087.293070156136
1153, 14077.796653094545
1226, 14075.36620084173
489, 14074.011824916466
1045, 14065.57329425391
649, 14053.210762773873
585, 14049.724663473839
1053, 14049.395417490967
1033, 14048.212708019242
1335, 14046.363808522708
926, 14038.818284188907
375, 14023.902531151725
118, 14020.895126295438
652, 14017.232144253545
49, 14011.184529511547
9, 14010.167203253799
931, 14000.464278279473
648, 14000.202266339815
393, 13989.89901936503
602, 13979.246599702223
448, 13963.286080802161
1402, 13957.46453346256
300, 13955.412236445638
1142, 13951.719951918543
1073, 13948.316067823867
1331, 13944.034251869216
935, 13943.606325599747
1366, 13905.094569438765
181, 13890.273811443469
946, 13889.687697704623
1377, 13887.10482418984
573, 13883.547361624744
541, 13882.628076989815
590, 13876.885908714245
1038, 13870.818296923833
994, 13854.338652551058
1069, 13847.560672675214
126, 13838.070363506968
651, 13836.923599822574
1259, 13831.69373146828
1260, 13824.217601855618
614, 13822.267468045577
639, 13813.650142809103
789, 13809.418688936248
147, 13807.17675332615
1357, 13798.952774528603
928, 13797.49993282261
680, 13796.31766160988
888, 13786.568718651482
631, 13784.615029588082
997, 13773.077737110414
873, 13773.077737110414
50, 13768.041378169419
196, 13767.848577220822
1358, 13765.127577582734
1294, 13764.448536265352
837, 13761.789136568132
312, 13761.2320104747
182, 13751.998889688011
572, 13745.24323947348
199, 13744.636962801163
58, 13740.118320598274
1099, 13731.689746835988
97, 13725.4983148386
851, 13716.679452410383
989, 13715.459488913464
403, 13715.459488913464
1325, 13709.799689994947
453, 13708.93616416305
452, 13708.93616416305
127, 13707.847539179185
1143, 13701.040574617498
1165, 13692.708793372121
628, 13686.537020265469
936, 13685.46105010381
718, 13674.407814118242
1231, 13668.147197351662
844, 13665.144932298825
293, 13660.112990494577
1238, 13659.025606478244
849, 13653.85713279669
1089, 13651.028676152164
1164, 13649.272543048819
200, 13649.272543048819
549, 13648.700674732256
188, 13645.680096946311
1333, 13640.05674341414
202, 13631.946165003483
245, 13625.840711867659
1258, 13623.707845664221
138, 13613.67173670059
402, 13610.538337723958
1161, 13609.070221090295
232, 13608.51404369905
1091, 13592.868849736375
