520, 99920.32405581199
632, 99914.23000854965
1150, 98682.67274163333
174, 98501.14453673486
1249, 98496.85258260177
942, 98267.70388454117
314, 98244.35691389428
1367, 98154.62275754011
337, 98111.68576594784
1305, 97628.28254999036
588, 97236.7657232092
1303, 97101.46304514736
1185, 96708.95205437444
1124, 96256.16474191436
7, 96043.89212904763
1324, 95117.29164575103
980, 95074.31713468276
733, 94840.75502178821
1284, 94816.70843838624
1360, 94777.79223972117
0, 93917.31131718293
458, 93725.36926549127
668, 93669.39442784246
490, 93634.07263670985
482, 93293.6594794769
1145, 92999.09890094296
1115, 92874.57822929218
638, 92874.18855116158
225, 92874.18855116158
206, 92846.77320533447
1025, 92273.57986437835
938, 92157.10659084287
1, 91907.80641212317
734, 91545.30290141312
119, 90807.70435693621
1322, 90689.61343164429
208, 90641.34632904292
778, 90185.56283347793
1354, 90129.45554064728
1416, 90117.84545348404
753, 89690.09888112918
71, 89394.383097715
863, 89361.39569230034
566, 89175.69698278868
1000, 89115.12252601256
371, 89072.97763355731
328, 88787.99359117355
132, 88783.8206797323
213, 88750.32838356051
148, 88560.98457816477
1214, 88529.78538494326
1411, 88521.57369508251
892, 88506.23992967219
788, 88431.98154312208
1350, 88351.88264144192
665, 88245.34096705896
787, 88112.59682482491
1125, 88087.62496654005
203, 88069.01597140287
386, 87831.2121210852
287, 87821.8068173761
207, 87758.9794222701
120, 87259.15847285607
592, 86539.32256445043
1005, 86518.38454613938
1368, 86405.79967125911
109, 86304.32724953188
247, 85978.05098543726
948, 85971.68428336705
1177, 85833.57247826194
70, 85815.14021901459
1181, 85610.92642218659
1180, 85610.92642218659
1179, 85610.92642218659
1301, 85602.26852020039
1329, 85427.49862425026
1182, 85420.66547304271
1178, 85420.66547304271
234, 85409.25073460843
667, 85169.82778016487
496, 84501.04482426029
874, 84024.62003982459
311, 83907.96319680172
676, 83762.78562197022
31, 83708.20865463871
1405, 83666.17183395164
342, 83507.01991018384
326, 83274.94203030325
1087, 83032.68059702372
486, 82805.65054189433
1250, 82410.29789010537
728, 82257.41886893839
1321, 82244.44792170363
726, 82175.7212384211
729, 82161.77641126051
630, 82143.35737324212
732, 82143.11208868766
370, 81971.37789168229
657, 81970.33490877991
958, 81719.75178672485
1163, 81549.60498670358
405, 81424.4374473816
1388, 81405.9024936133
666, 81308.36282735693
763, 81269.62520534887
741, 81227.38056649013
59, 81214.8021048348
983, 81085.01262731876
241, 80937.5522068947
457, 80310.67302574686
757, 80277.40562124345
731, 80271.47636939296
1048, 80060.59049865509
493, 79984.49518999064
1319, 79963.34134930623
670, 79932.46063220965
1309, 79619.98322696582
582, 79300.6726330561
1134, 79052.31549576948
744, 79048.88979998039
211, 78993.98265422392
567, 78981.36326995901
212, 78935.05338561411
875, 78816.80270459635
497, 78510.01601306794
679, 78471.51413600967
214, 78372.35140822682
357, 78175.65421287705
315, 78046.39673058024
286, 77844.06073077572
591, 77755.75413907223
1091, 77706.84352545897
1090, 77706.84352545897
232, 77199.46430816728
1161, 77181.57052920842
402, 77134.383957211
51, 77107.50169647584
138, 77033.90039499421
1258, 76714.11990296368
1171, 76670.51046924359
245, 76646.56249593911
1079, 76559.62726603799
193, 76559.62726603799
756, 76502.53547196917
202, 76453.94783966253
904, 76344.6578181047
902, 76344.6578181047
901, 76344.6578181047
900, 76344.6578181047
1333, 76199.83201097963
188, 76024.80971332693
549, 75931.18746584225
1164, 75913.49312502376
200, 75913.49312502376
1089, 75859.21686985176
849, 75771.99089212251
1238, 75613.21168853932
293, 75579.90641774329
1034, 75516.63697859003
844, 75426.23402622226
166, 75387.4807446384
1231, 75334.89765179122
718, 75145.27212118976
936, 74813.22362976168
628, 74781.08574025733
889, 74755.8446258209
897, 74669.44027314814
1165, 74597.37172217842
1328, 74511.20003012918
1279, 74511.20003012918
1143, 74351.048386352
127, 74151.22968787492
453, 74119.39097685102
452, 74119.39097685102
1325, 74094.15870915355
989, 73929.28174253856
403, 73929.28174253856
851, 73893.85654303459
97, 73638.96731619671
360, 73482.79123096699
1099, 73461.26009856182
956, 73446.38189840759
494, 73397.09459740945
58, 73220.97131645409
446, 73130.10790464212
199, 73092.91677456704
572, 73075.77586423178
182, 72885.42142859317
110, 72862.37858583085
312, 72627.15670917893
837, 72611.64260916095
1294, 72537.69571868928
1358, 72518.8430964366
196, 72443.41520878223
50, 72438.07772269422
997, 72298.98237163466
873, 72298.98237163466
761, 72288.23542485255
1008, 72063.63378283818
631, 71982.72639745177
888, 71929.4984232907
1304, 71773.11657429911
1122, 71671.78712042831
680, 71665.28552121011
928, 71633.40114415785
1357, 71594.26612208743
1184, 71539.57912396464
579, 71379.6705985254
147, 71373.695638482
789, 71313.84691352879
639, 71201.21355828163
492, 71033.86166448443
614, 70973.14459774809
1260, 70921.77357719552
498, 70876.80896290317
1259, 70725.65557243176
651, 70589.23141350856
126, 70559.40148618532
1069, 70313.68951006589
994, 70139.45128032344
1038, 69720.09774864833
864, 69571.00986761898
590, 69567.2052317288
541, 69423.25190083521
573, 69400.27221996273
1377, 69311.51682601667
946, 69247.24703911813
1078, 69244.14008425038
181, 69232.68264956736
332, 69137.53731347255
730, 69060.40154342215
1183, 68980.6130191248
1366, 68866.829404947
870, 68804.04191616751
1046, 68657.85580126052
1415, 68062.01279994474
935, 67937.5121699793
1331, 67927.35530359266
1073, 67825.92721978166
1142, 67745.55577360341
300, 67658.6339607801
1402, 67610.43607666087
1123, 67585.83968052179
448, 67474.16755737695
48, 67342.64082908096
602, 67103.94642733854
393, 66859.56873762216
1225, 66803.74723701953
568, 66642.42955133028
648, 66625.23891126782
931, 66619.30579011809
9, 66400.48515588995
49, 66377.64310140895
1030, 66355.35572755444
652, 66242.2477086795
118, 66160.56482765081
375, 66093.68326213096
926, 65764.37969911599
1335, 65599.30332771124
1033, 65559.00751544691
1053, 65533.262478220386
585, 65526.09987086552
649, 65450.37773465259
1045, 65183.553909868904
489, 65002.9353036753
1226, 64974.05946672442
1153, 64922.31943009799
894, 64721.1149902245
1327, 64698.79598830763
797, 64688.27982071223
57, 64684.36627089065
349, 64606.58852235502
677, 64453.969544583786
616, 64446.962046327615
715, 64446.2915843207
1244, 64435.449964493484
998, 64313.180353625445
1133, 64221.83068561253
927, 64095.425298145536
385, 64003.16720713904
769, 63945.75889988335
322, 63854.1803849626
1254, 63591.731100267265
655, 63551.4495829941
197, 63543.72548918608
907, 63538.85071837165
1014, 63407.32422757488
1095, 63280.6515200401
871, 63250.414152629855
38, 63219.02834772939
1205, 63144.473495810475
869, 63089.53281028024
75, 63056.83523769177
671, 63020.86221933787
617, 62963.35977718566
253, 62897.10453967608
1207, 62859.863538619466
737, 62851.48582819108
1132, 62825.13742606541
723, 62777.80106894755
779, 62687.63228718444
1289, 62651.61742682137
82, 62651.61742682137
569, 62581.33848142099
1353, 62560.213138791245
689, 62543.62203720939
561, 62518.373258461055
979, 62446.9261932022
244, 62333.87546123339
472, 62287.519314659934
543, 62259.05502531675
101, 62257.08405807927
714, 62181.269201153045
1257, 62142.956732807776
100, 62125.94632487125
988, 62087.95425927892
610, 62072.31538559972
1131, 62002.722329773074
319, 61970.53070271783
447, 61913.070887156995
54, 61872.39601014322
884, 61867.83374566374
736, 61861.48339445758
317, 61827.38114717005
1047, 61767.279290204315
1019, 61763.0951758626
445, 61763.0951758626
925, 61707.584333471044
716, 61635.548407878436
376, 61587.78060128458
859, 61541.08337635031
323, 61485.005994419094
947, 61434.29698521548
114, 61387.23934633915
641, 61373.44716194923
1206, 61369.859600862175
1239, 61192.86964508749
1209, 61186.88314715128
79, 61132.332433176154
603, 61100.117196255545
1208, 61077.44333239409
1011, 61066.23422060043
355, 60907.6565634476
95, 60875.07456317097
843, 60626.673436431236
60, 60520.66557870569
1261, 60497.67036825908
78, 60431.33666474032
1227, 60424.005258624195
341, 60395.308438069114
171, 60279.29265455876
81, 60265.10990688609
1359, 60122.762330054546
392, 60110.60096607219
1355, 60109.86597827786
1212, 60067.42054642527
329, 59783.47714554595
650, 59770.75473618222
243, 59724.77070772966
394, 59390.99233770759
406, 59384.96938746718
615, 59373.80002104423
408, 59344.32711982196
528, 59312.775488130545
294, 59249.18177826236
1276, 59221.98219967919
810, 59117.27564673351
324, 59057.59534630399
407, 59046.11230749146
1068, 58961.7033657252
1252, 58935.68274782971
105, 58844.99632245589
103, 58844.99632245589
83, 58842.17713810106
237, 58820.399254523305
104, 58816.82970536643
678, 58749.661380514175
52, 58373.33210522491
1375, 58203.4257017758
190, 58127.54995615733
1120, 58051.53246209803
1104, 58046.934924706664
629, 58002.22507554287
974, 57904.59131457254
1272, 57816.86175341669
519, 57727.438026909214
87, 57722.286812678416
476, 57635.9263973381
499, 57628.969905845195
1291, 57556.219284701314
462, 57531.40198056328
76, 57384.31050098311
1114, 57177.579872970644
1256, 57114.93658094286
1270, 57039.89648007462
99, 56976.88745353643
945, 56763.59422782977
872, 56702.9634055087
848, 56692.56432131734
1213, 56550.35987906597
1332, 56532.30156191556
944, 56504.846939645206
467, 56395.42795656875
469, 56372.79758635705
468, 56342.66741865115
862, 56279.80926365073
1292, 56268.976086889175
1293, 56254.76041501376
1349, 56254.25505006561
803, 56224.454914582326
466, 56211.58177370427
1383, 56165.303930207934
735, 56121.14007256217
436, 56111.43683214845
313, 56082.13016422289
770, 56077.03918403813
1072, 56004.69405382897
121, 55975.61035250294
937, 55944.70065752267
906, 55931.39893675404
262, 55900.92544539791
1194, 55900.8765564299
943, 55734.37809779093
1135, 55639.52220366909
115, 55624.064284375585
8, 55548.772424921975
439, 55392.217106672935
717, 55342.11762238104
1071, 55285.14195950829
1070, 55285.1415757701
263, 55239.534828934076
345, 55230.52084354388
1107, 55140.11694211405
822, 55084.53277013333
838, 55038.546010582926
916, 55002.44484098794
1356, 54944.253995837214
924, 54886.809441755635
982, 54885.40474728968
713, 54806.004660114515
1295, 54787.84944152223
201, 54655.53647233827
1339, 54539.213241604775
1370, 54418.22438971937
1369, 54418.22438971937
823, 54377.23772354353
1420, 54295.28971919454
542, 54238.172520599655
539, 54238.172520599655
261, 54181.36665701011
721, 54130.30417857964
627, 54099.66825402558
760, 53906.00929203413
722, 53895.17287754966
301, 53846.25225315615
642, 53685.428240174835
893, 53672.86983753262
1215, 53627.93426033611
959, 53621.901943344295
820, 53610.53176015943
35, 53601.50717433694
941, 53597.90590716331
1233, 53545.557462982455
306, 53371.3875984909
430, 53307.66886904695
378, 53247.123187295954
1220, 53133.038220577655
255, 53065.661340556384
429, 53017.51593908396
792, 52942.742728210615
17, 52911.15922858161
10, 52911.15922858161
640, 52895.323529701076
952, 52890.66419246148
276, 52881.61437392671
786, 52861.7109820878
1055, 52749.716869022144
767, 52727.749986884584
368, 52675.866708213085
240, 52634.84272526591
825, 52613.32073097441
578, 52568.26070247039
950, 52416.49657530063
292, 52338.97614468386
738, 52337.66966011217
527, 52332.279891853585
816, 52296.18332223309
911, 52168.86679839708
1384, 51997.55231549171
996, 51978.82258222232
336, 51907.27784883484
257, 51893.32533048342
377, 51814.321013520406
1315, 51806.679489352115
365, 51806.679489352115
440, 51757.03339742423
265, 51742.411046265755
296, 51728.85209280305
559, 51710.35596792608
66, 51683.02842164667
