387, 100000.0
785, 99986.50469413777
804, 99932.31681850916
973, 99819.9785005326
1364, 99792.06565025204
1394, 99646.07028277889
687, 99142.39509879606
389, 99135.66750725875
162, 99008.00292925301
388, 98867.04990845783
882, 98865.1481342128
1230, 98773.50546899794
625, 98768.20201429623
805, 98629.31442761477
918, 98615.80838575425
550, 98360.15662151086
1336, 98336.47250642299
608, 98161.07257165031
686, 97832.0212812172
688, 97556.57399700882
912, 97300.68557562318
895, 97232.78035480846
1265, 97211.04377320675
1126, 97112.601417899
284, 97106.344757577
33, 97101.41921831432
283, 96966.83411177645
965, 96800.80142866145
1267, 96791.48658751103
964, 96779.03916982369
963, 96779.03916982369
962, 96713.76560698758
1141, 96549.03180074182
1138, 96549.03180074182
443, 96473.08158962429
521, 96354.49297866055
1140, 96097.2493865719
954, 95987.11051929896
1139, 95872.64298489832
913, 95814.04923809544
914, 95605.08541710014
1338, 95520.67283546425
1337, 95520.67283546425
524, 95454.1992322002
1218, 95408.98257976532
1352, 95397.34888320486
1219, 95358.85356176921
646, 94781.228491611
400, 94394.5049026839
505, 94125.44991860435
1393, 94064.61458547783
879, 93960.31433760631
878, 93960.31433760631
77, 93953.36839140965
23, 93667.70007940332
308, 93549.49246749666
1268, 93433.89487471968
339, 93306.72477639864
1392, 93258.27287183935
24, 93210.0667757929
1296, 92908.33058989947
34, 92907.26793270226
1118, 92801.73046130696
595, 92801.73046130696
25, 92576.18670840097
626, 92574.83880750442
917, 92327.52493612138
1391, 92298.37259625882
933, 92004.81066570421
92, 91899.61229620686
333, 91747.67189062604
684, 91694.66914985457
1251, 91674.80299580266
1269, 91651.0944867437
163, 91362.06132472267
321, 91256.06309645381
84, 91242.70342663601
1266, 91032.92687352188
91, 91017.55376008595
1211, 90961.08431182323
1297, 90933.75074862332
1092, 90764.75556661912
685, 90634.15044088903
975, 90591.97547092002
506, 90566.40219456257
976, 90521.7957970125
635, 90519.21705452075
634, 90519.21705452075
1186, 90385.0908759065
953, 90380.46094600407
297, 90380.46094600407
682, 90145.2252124893
725, 89956.97975052142
683, 89591.05937653358
1341, 89235.36388149016
881, 89225.64122613952
1006, 89158.2168310812
681, 88905.20294868913
351, 88703.45869638589
1242, 88556.54615545532
1241, 88556.54615545532
818, 88482.13753267392
117, 88377.65250322038
529, 87842.38165450003
951, 87803.75461190536
508, 87463.00437626148
842, 87328.8404471512
507, 87024.10835524196
724, 86850.60123750016
1007, 86713.71843110249
383, 86692.79569839888
372, 86689.21468060942
675, 86435.76304624641
784, 86362.19938352898
1128, 86210.63051925821
957, 85863.96196851325
1158, 85830.76727652896
841, 85769.5775075982
32, 85724.00413060968
1210, 85713.65418988542
1351, 85342.96579915166
404, 85302.23111882979
910, 85203.56618275569
229, 84457.5702594095
230, 84421.64856195344
316, 84225.4786845635
774, 83895.05126024586
773, 83895.05126024586
1093, 83836.88687484401
510, 83836.88687484401
660, 83778.14259948331
111, 83764.93449313125
143, 83755.19344436757
96, 83692.8445190249
1146, 83398.94371013014
1130, 83335.0805348195
821, 83017.64861305304
1380, 83014.40112088286
523, 82928.12339671658
658, 82892.48376325125
991, 82848.04937498864
1311, 82400.93774641326
1298, 82167.40317434794
511, 82051.02502534748
1196, 81949.67699918682
1197, 81842.78035112626
1345, 81780.51904209761
1386, 81527.36517670141
1387, 81392.19680795957
586, 81336.25165911674
764, 81200.26526030447
1365, 80845.05438943295
373, 80835.08214906468
1195, 80743.76509550685
1198, 80733.80341896304
1374, 80709.09283005734
130, 80175.66016831849
1116, 80099.82393003514
1340, 80082.33367187643
1361, 79713.75039349085
282, 79690.19711513355
766, 79535.53822694678
1096, 79481.60919295283
599, 79085.28001709151
1229, 78915.19517252038
883, 78913.34758984517
587, 78711.52299030525
303, 78700.26314008792
1243, 78321.15213207861
995, 78172.73689011882
758, 78166.63504394375
198, 78094.64574563473
1097, 77990.56363958077
551, 77880.7778604087
747, 77641.3106240662
1167, 77576.84167871294
669, 77530.10902884371
327, 77450.19286438235
746, 77363.88417645039
1042, 77216.34535863787
1203, 77212.10299675373
990, 77166.20669723219
896, 77136.47207208106
1041, 76945.84006507929
887, 76736.21385542557
880, 76535.56005095266
707, 76390.48454173008
966, 76372.60030775686
1372, 76223.9750207984
806, 76158.89630665317
1127, 75617.57594100371
1129, 75549.954530486
548, 75362.1686717109
547, 75341.08131349394
1202, 75324.59460650184
1320, 75159.633774077
340, 74898.60711362785
522, 74777.39613101489
1237, 74572.27729949137
1024, 74572.27358826765
1023, 74572.27358826765
280, 74136.29757318282
839, 74077.08105042152
175, 73827.8106820958
1054, 73773.69383405706
1022, 73459.89780843162
1098, 73380.28371273007
431, 73341.29913710713
1064, 73316.55639212677
532, 72969.72160818221
344, 72924.9360034706
664, 72861.42225110476
1049, 72782.2224080686
1156, 72660.1231468506
1050, 72357.38989694942
624, 72216.27688531158
1021, 72186.2873788121
128, 71859.29117409409
1151, 71734.95532486963
755, 70886.47941171606
1275, 70773.46905016399
1154, 70520.42958959493
66, 70498.64046179231
559, 70447.85683835205
296, 70413.55681242222
265, 70388.4492617972
440, 70361.40736898387
377, 70255.80873057437
336, 70085.62640222027
996, 69955.61706956496
708, 69944.95359078512
911, 69614.31575071927
738, 69315.99323722953
292, 69313.70175114095
950, 69178.21046034471
578, 68915.62868757258
298, 68813.2672390117
767, 68643.43041579082
1055, 68606.23652403966
952, 68369.27259895096
144, 68365.61712156236
1220, 67968.48804276425
378, 67782.71009586824
1233, 67305.1846084487
941, 67222.65748465268
35, 67216.99345811768
959, 67184.94916827914
1215, 67175.48170444048
893, 67105.10793600456
533, 66971.66602627836
301, 66836.04055970078
722, 66760.82303510596
760, 66744.20292907848
627, 66449.68462500101
721, 66403.52311912476
261, 66326.84138859426
542, 66241.91154284858
539, 66241.91154284858
1420, 66156.91372253618
823, 66035.65504941247
1339, 65798.34462040036
201, 65629.82919267104
1295, 65440.058582635575
982, 65301.422559670274
924, 65299.43422687911
916, 65136.51409420761
838, 65085.956764013376
822, 65021.76456840981
1107, 64944.48675451825
263, 64807.11046587514
1070, 64744.44967704704
1071, 64744.44915075932
439, 64598.21306724789
8, 64386.5911967998
115, 64285.73075720156
943, 64139.01360733805
1194, 63919.921390947464
262, 63919.85746969375
906, 63880.06062390383
937, 63862.71835520849
121, 63822.48761201044
1072, 63784.72023775703
436, 63646.82284090058
735, 63634.34305280112
803, 63502.0338121034
1349, 63464.06271789849
1293, 63463.41952417415
1292, 63445.33686589078
944, 63148.11574626961
1332, 63113.86119759224
1213, 63091.368583364914
848, 62915.30160139648
129, 62892.71148038381
945, 62828.053669037676
1114, 62328.55961481414
76, 62084.7460375482
462, 61913.48461467445
1291, 61884.76845199227
499, 61800.8838888497
87, 61693.92594538634
1385, 61554.36511637369
974, 61487.02296896946
629, 61377.3161242935
1104, 61327.33094941074
318, 61318.67921881203
1375, 61153.616032123944
52, 60967.16497163485
678, 60561.98844413963
1252, 60365.57617111468
1068, 60338.30199131121
407, 60250.160900447736
324, 60238.209466101034
810, 60176.245676231134
1276, 60068.14067417194
294, 60040.18415586755
615, 59912.75590169163
406, 59901.38713555625
394, 59895.260225680824
243, 59559.57889260272
650, 59513.919098050574
329, 59501.31114622211
1212, 59222.68219862355
1355, 59181.480026794095
392, 59180.767584467816
1359, 59168.98428273367
171, 59018.1600266583
341, 58907.369908681525
1261, 58810.31449914622
60, 58788.60040759688
593, 58739.37640721271
843, 58688.91769564696
95, 58458.00362543735
355, 58427.98911485202
1208, 58272.594345054065
603, 58251.970121203456
79, 58222.71840057581
1209, 58173.32288845606
1239, 58167.91259232222
1206, 58008.8856630796
323, 57906.38021904927
859, 57856.72857152898
376, 57815.51600504167
716, 57773.48377388091
925, 57710.33549961845
1047, 57658.221372904605
317, 57605.94840730168
736, 57576.37553747425
884, 57570.87557581715
447, 57531.75922002449
319, 57482.232684508126
1131, 57454.562942635865
610, 57394.93424952501
988, 57381.56995110407
100, 57349.15749010618
1257, 57334.66996646067
714, 57302.09556388811
101, 57237.86231752086
543, 57236.1964430372
472, 57212.160791336755
979, 57078.330455213385
561, 57018.770444281196
1353, 56984.012393075674
1289, 56908.387396457474
82, 56908.387396457474
779, 56878.705368957504
723, 56804.67634418155
737, 56744.480884212244
1207, 56737.653861258965
671, 56607.12486050742
75, 56578.13273368212
1205, 56507.76347929877
1095, 56399.150576118285
1014, 56298.90961275851
907, 56195.6246877804
197, 56191.81211875708
1254, 56154.3256151648
385, 55837.362736463794
998, 55603.52967377822
1244, 55512.457334589715
715, 55504.41301449933
616, 55503.91570709223
677, 55498.719128956065
57, 55329.02637620793
797, 55326.16332234041
1327, 55318.47314355828
894, 55302.16723824878
1153, 55156.106565916954
1226, 55118.81709737527
489, 55098.05373145047
1045, 54968.9481055058
649, 54780.61842493237
585, 54727.68495199365
1053, 54722.68956029974
1033, 54704.75082410575
1335, 54676.725163643445
672, 54611.47725002147
926, 54562.57086277564
375, 54337.953229212784
118, 54292.8307418022
652, 54237.94715172137
49, 54147.5137718986
9, 54132.323090033955
931, 53987.75619272219
648, 53983.86033085989
393, 53830.99058999888
602, 53673.6129156295
448, 53439.08451385587
1402, 53353.91785895275
300, 53323.94145242878
1142, 53270.073523390434
1073, 53220.484294871785
1331, 53158.201674223135
935, 53151.98303807882
1366, 52596.69009955467
181, 52385.26661047357
946, 52376.93118406716
1377, 52340.22201501968
573, 52289.72332837067
541, 52276.68559019705
590, 52195.35533923033
1038, 52109.61732341871
994, 51877.7928254783
1069, 51782.88349281072
126, 51650.421388889765
651, 51634.448911979394
1259, 51561.69730324573
1260, 51457.95863811685
614, 51430.948820722224
639, 51311.84466805415
789, 51253.50728024093
147, 51222.63786640032
1357, 51109.633382840024
928, 51089.70794124375
680, 51073.50168938984
888, 50940.15138232728
631, 50913.48907654357
997, 50756.45193639052
873, 50756.45193639052
50, 50688.12200729667
196, 50685.508877783315
1358, 50648.6507005935
1294, 50639.458614627234
837, 50603.482077747285
312, 50595.9499541174
27, 50525.28992091289
182, 50471.35911080187
572, 50380.48164419382
199, 50372.33761023623
58, 50311.699549738034
1099, 50198.875259100554
97, 50116.23124652517
851, 49998.85669782111
989, 49982.651033255315
403, 49982.651033255315
1325, 49907.56741038472
453, 49896.12615443292
452, 49896.12615443292
127, 49881.70787555961
1143, 49791.689980529525
1165, 49681.82750924602
628, 49600.673097152074
936, 49586.54451329659
718, 49441.74100571919
1231, 49359.994762107664
844, 49320.86286414257
293, 49255.3764237683
1238, 49241.24156182185
849, 49174.13685614778
1089, 49137.46960724272
1164, 49114.72350240286
200, 49114.72350240286
549, 49107.3197283735
188, 49068.24011649212
1333, 48995.60583594587
202, 48891.11820311578
245, 48812.67428022086
1258, 48785.31361286057
28, 48761.69007111819
138, 48656.86541951551
402, 48616.862087065325
1161, 48598.135297459696
232, 48591.04360322504
1091, 48392.163934171636
1090, 48392.163934171636
591, 48373.214715911025
357, 48212.111950573686
214, 48137.60369603502
679, 48100.26960921735
875, 47971.45007875537
567, 47910.6928956886
744, 47885.87905733226
1134, 47884.62203801474
1309, 47678.711721237894
1319, 47556.428167606085
493, 47548.949182989636
1048, 47522.097605098425
731, 47448.10608876885
457, 47434.421649797696
491, 47193.62516272151
59, 47124.563493917
