946, 99941.24503424752
1377, 99924.94022647149
181, 99910.91057298376
573, 99741.04266098149
541, 99693.61637448656
590, 99398.25186794798
1366, 99150.7686858309
1038, 99087.77980293181
994, 98252.89719033791
1069, 97913.01610749355
126, 97440.5055605284
651, 97383.6746596581
935, 97235.77896624179
1331, 97214.97411299564
1259, 97125.2142680508
1073, 97007.3605945794
1142, 96843.03760600102
1260, 96757.78073780291
300, 96665.5104922992
614, 96662.32814980998
1402, 96567.1564976995
448, 96289.40767737248
639, 96242.46406744678
789, 96037.43612553702
147, 95929.10984655494
602, 95537.21913165937
1357, 95533.52723206142
928, 95463.93401551567
680, 95407.36550285321
393, 95042.63408494419
888, 94943.08186081816
631, 94850.50390629594
648, 94569.81367204072
931, 94557.86018807578
997, 94306.92637736622
873, 94306.92637736622
9, 94117.62423372321
49, 94071.73907782952
50, 94071.30522593694
196, 94062.30520104383
1358, 93935.44445101128
1294, 93903.8311425422
652, 93800.02688093904
837, 93780.19531399495
312, 93754.32964300178
118, 93636.32859854469
375, 93502.41814195746
182, 93327.42978543085
572, 93017.1729642217
199, 92989.41537090001
926, 92844.72122514261
58, 92782.97908428447
1335, 92516.04428849921
1033, 92435.91595295811
1099, 92399.99572801372
1053, 92384.74301297084
585, 92370.50895837216
649, 92220.10636111224
97, 92120.37673936295
851, 91724.5757509187
1045, 91691.26187439705
989, 91670.0501242948
403, 91670.0501242948
1325, 91417.80789118448
453, 91379.42658930189
452, 91379.42658930189
489, 91334.27420570746
127, 91331.079281473
1226, 91277.27640928882
1153, 91175.19842323047
1143, 91029.756033353
894, 90778.86653611701
1327, 90734.96375765686
797, 90714.2820671232
57, 90706.58614921184
1165, 90663.2260714926
628, 90393.33124278963
936, 90346.4180977232
677, 90254.17486477268
616, 90240.43509804143
715, 90239.12057008866
1244, 90217.86568411104
998, 89978.35533857573
718, 89866.870149598
1231, 89597.16277670112
844, 89468.31152547692
385, 89372.7054875845
293, 89253.05347630182
1238, 89206.65227134826
849, 88986.65900965131
1089, 88866.65589115351
1164, 88792.28609000787
200, 88792.28609000787
549, 88768.09099462147
188, 88640.47870464761
1254, 88572.49530434088
197, 88479.39315722988
907, 88469.94210741554
1333, 88403.73049148926
1014, 88215.15737045059
202, 88064.14626517888
1095, 87970.16570599707
245, 87809.96725948504
1258, 87721.46493568152
1205, 87707.21673231895
75, 87538.22739687051
671, 87468.91485030593
138, 87307.03616955399
402, 87178.32303235955
1207, 87159.07953572363
737, 87142.97377014537
1161, 87118.12617247389
232, 87095.33967300112
723, 87001.38963703578
779, 86828.30610307583
1289, 86759.22733477295
82, 86759.22733477295
1353, 86584.04528188377
561, 86503.92209473165
1091, 86458.45396708796
1090, 86458.45396708796
591, 86397.98641441646
979, 86367.19635553347
472, 86062.57655988571
543, 86008.2451197934
101, 86004.48372183376
357, 85885.40262702368
714, 85859.86741436979
1257, 85786.83771541377
100, 85754.42413598906
988, 85682.05407426567
610, 85652.27378295861
214, 85649.24245955756
679, 85531.12305314049
1131, 85519.82045340032
319, 85458.58972074291
447, 85349.35702742681
884, 85263.41395596736
736, 85251.3531451907
317, 85186.60096598581
875, 85124.65083010744
1047, 85072.54728825284
925, 84959.34864143826
567, 84933.52612421925
744, 84855.57658070582
1134, 84851.62947279948
716, 84822.8578331773
376, 84732.41545600198
859, 84644.05104059492
323, 84538.00320758326
1206, 84320.47727842456
1309, 84207.21244365838
1239, 83986.7157114354
1209, 83975.43915316112
79, 83872.72171903605
1319, 83826.52804391382
603, 83812.09336963984
493, 83803.2934517765
1208, 83769.43591661804
1048, 83719.92088317676
731, 83490.55248181461
355, 83450.38130923815
457, 83448.19123171765
95, 83389.23015813767
843, 82923.81603286744
60, 82725.62228721102
1261, 82682.6637441305
59, 82493.94385211536
341, 82491.5813384207
763, 82437.45707460452
666, 82397.636380633
405, 82278.77251629255
171, 82275.29712835033
1163, 82151.35837287044
1359, 81983.9640586731
392, 81961.35250935574
1355, 81959.98605764196
1212, 81881.09428249608
657, 81728.7729071889
732, 81557.73253203796
630, 81557.49073242686
726, 81525.61190549048
329, 81354.37866376096
650, 81330.82081969867
1250, 81296.03763115602
243, 81245.70322516441
1087, 80699.3236032521
394, 80629.28379338566
406, 80618.18341031388
615, 80597.6002396362
294, 80368.13841623883
1276, 80318.10107563887
342, 80256.2601895792
810, 80125.6318007369
31, 80071.30417128543
324, 80016.03715556045
407, 79994.95915437596
1068, 79840.10927567922
1252, 79792.40558878572
874, 79783.91543384324
678, 79451.80572038222
52, 78765.07634994875
234, 78574.37945549311
1182, 78564.72102332048
1178, 78564.72102332048
1375, 78456.04196212765
1181, 78404.46075826985
1180, 78404.46075826985
1179, 78404.46075826985
1177, 78218.6462208992
1104, 78171.96349041544
948, 78104.30483705131
247, 78099.05081098132
629, 78090.89899178114
974, 77914.02725529896
1005, 77658.49526575964
87, 77584.31850983277
499, 77415.82636710379
1291, 77284.59843085293
462, 77239.85886007568
76, 76974.95985089769
207, 76685.45240050365
287, 76637.5442190771
386, 76630.38337598085
1114, 76603.43863191913
203, 76450.27789535718
787, 76417.46789028909
788, 76178.85502320246
1214, 76106.42595218765
132, 75919.68200840332
328, 75916.63100703052
945, 75862.19107801662
848, 75735.37642870074
371, 75709.51782694791
1000, 75679.09679156115
566, 75635.46600579657
863, 75502.3903489777
1213, 75481.80940131246
1332, 75449.63987178466
944, 75400.74470751066
1292, 74981.32550450547
1416, 74970.68439485006
1354, 74962.6510882004
1293, 74956.08493748911
1349, 74955.18771727469
803, 74902.29030822436
735, 74719.04309609522
436, 74701.84416161767
1322, 74579.51711421271
1072, 74512.77324290283
121, 74461.29926325806
937, 74406.61289630084
906, 74383.08522665258
262, 74329.19857822008
1194, 74329.11214281936
943, 74035.03270616925
115, 73840.50746367977
8, 73707.88427768832
938, 73615.5135996683
439, 73432.495117596
1071, 73244.43598585819
1070, 73244.43531231194
206, 73181.29045612094
263, 73164.40672578294
638, 73164.26765698267
225, 73164.26765698267
1107, 72990.1014009539
482, 72906.03141420151
822, 72892.73659341234
838, 72812.23123635352
916, 72749.06222718996
924, 72546.90600243803
982, 72544.45197104757
1295, 72374.11957037805
201, 72143.41087392301
733, 71988.34218596831
1339, 71940.87785793816
823, 71659.3173330756
1420, 71517.07087220048
542, 71418.00658059007
539, 71418.00658059007
261, 71319.54779656298
721, 71231.09945460349
1124, 71193.71676177252
627, 71178.05845416126
760, 70843.20855235687
722, 70824.49396482656
301, 70740.03701288393
1303, 70738.25525307874
588, 70666.62132186422
1305, 70461.2645454746
893, 70441.0955638072
1215, 70363.71724036665
959, 70353.3327706775
35, 70318.22912874701
941, 70312.03146386018
1233, 70221.97079415324
337, 70211.5910762267
1367, 70189.61845787843
314, 70143.80409952234
1249, 70015.65709771855
378, 69709.58788283629
1220, 69514.1838312622
520, 69237.20260608246
632, 69234.27653205325
952, 69099.90448265865
1055, 68859.52403320656
767, 68822.09565951308
1150, 68640.68305914146
174, 68552.80736391254
578, 68550.63429194485
942, 68439.65660554686
950, 68292.78624885745
292, 68161.25305637883
738, 68159.03728119333
911, 67873.03156371696
1185, 67679.91291221863
996, 67551.70223947348
336, 67430.91575727475
7, 67353.51721759493
377, 67274.1286297712
440, 67177.58712905657
265, 67152.95563784262
296, 67130.1191549656
559, 67098.97305510075
66, 67052.96763144828
1154, 67033.26825166757
1324, 66896.50584329231
980, 66875.2461457576
1275, 66806.2241932998
1284, 66747.68628401837
1360, 66728.39834315117
755, 66705.8400406319
0, 66300.71932126717
458, 66205.00511873096
668, 66177.07091255921
490, 66159.43855257634
1151, 65971.55303327552
1145, 65841.79752093567
1115, 65779.35834378407
1021, 65594.38574647334
624, 65569.64293724572
1025, 65477.30787526326
1050, 65453.74215326276
1, 65292.91705458167
1156, 65207.97925251404
1049, 65109.9536045405
734, 65109.754841641785
664, 65046.70163849324
344, 64996.1649149571
119, 64735.771997670956
1064, 64688.20089236701
431, 64668.95145173056
208, 64651.18267949266
1098, 64638.67164714737
1022, 64577.02198564288
778, 64418.97024085255
1054, 64336.45792266886
175, 64295.35736294551
753, 64165.77951561658
839, 64107.48833810285
280, 64063.20446801894
71, 64014.28387477928
1024, 63741.184274480875
1023, 63741.184274480875
1237, 63741.181563024744
213, 63683.34686835142
522, 63592.08043376248
148, 63585.79744684021
1411, 63565.478273028166
892, 63557.57122439736
340, 63504.68139277874
1350, 63477.93191168755
665, 63422.91693851588
1125, 63341.40842042858
547, 63190.02494850879
548, 63175.19867244953
1129, 63043.838245231746
1127, 62996.8284241191
120, 62911.90209962959
806, 62625.9903933566
1372, 62582.053318114675
592, 62536.86183551927
966, 62482.221310583285
707, 62470.25602008013
1368, 62467.104993322006
109, 62414.052436323145
880, 62373.56960465865
887, 62240.93389474987
70, 62157.80678136842
1301, 62046.04880021905
896, 61980.073406211675
990, 61960.889136500984
1329, 61954.17992347776
746, 61834.02556350375
667, 61818.54509786776
327, 61779.00029855753
669, 61728.24673369936
747, 61657.93615210111
496, 61465.45363319853
1097, 61439.44115961523
198, 61375.00175375385
758, 61330.61084126593
995, 61326.854954378054
311, 61151.05240098118
676, 61073.90791459472
1405, 61022.529107896204
587, 60999.28940555917
883, 60878.626178529674
326, 60814.14600042312
599, 60776.693465674995
486, 60563.48668614422
1096, 60544.68340505875
766, 60513.42818686335
282, 60424.20628635319
728, 60269.69538172331
1321, 60262.731717274655
729, 60218.33437066274
1340, 60200.69053335475
1116, 60190.81047290032
370, 60115.9932243863
958, 59980.54701051079
1374, 59851.295657356226
1198, 59837.713968816395
1195, 59832.242822836866
1388, 59811.295772563564
741, 59714.8687147529
983, 59637.88942339443
241, 59558.0811755838
586, 59511.01143864204
1387, 59481.09762287901
1386, 59409.11611163601
1197, 59242.74150559537
757, 59199.85417140645
1196, 59186.856295605874
511, 59134.10327570021
1298, 59073.80278904357
670, 59012.054554748305
1311, 58953.68002555305
658, 58704.62225738246
582, 58666.985647649126
1380, 58643.62784155028
821, 58642.00732339101
211, 58498.96191124337
1130, 58484.644191460146
212, 58466.63803653569
1146, 58453.230970281424
96, 58309.714633669486
660, 58268.381905142174
1093, 58239.99918608873
510, 58239.99918608873
497, 58233.12541121712
774, 58211.962978873344
773, 58211.962978873344
316, 58053.93275932841
315, 57977.6703992054
286, 57865.93814028328
910, 57598.192965548464
1351, 57534.66360095706
51, 57457.93970873573
32, 57362.77060358027
1158, 57315.064403734075
1171, 57214.93917839789
1079, 57153.16779245086
193, 57153.16779245086
1128, 57146.918976690555
756, 57121.34511009414
784, 57080.51315261178
904, 57033.282212052174
902, 57033.282212052174
901, 57033.282212052174
900, 57033.282212052174
383, 56937.00591649669
1007, 56927.98463938883
1034, 56569.90593561455
166, 56497.3976891424
951, 56467.76365849787
117, 56232.92459514332
1242, 56160.738212732285
1241, 56160.738212732285
889, 56141.898908663956
351, 56101.81216087114
897, 56093.15228763328
1328, 56003.8053088813
1279, 56003.8053088813
881, 55894.92128188007
953, 55451.075309816835
297, 55451.075309816835
360, 55420.8313510083
956, 55400.118475432515
494, 55372.07142308207
1297, 55244.843936984646
1211, 55234.76024106841
446, 55219.981109007465
91, 55213.958766772266
163, 55087.94639574561
110, 55067.1943993684
1269, 54983.39441638102
1251, 54974.86513733868
92, 54894.337986366736
