1066, 99848.04536116251
772, 99703.02642000026
762, 99419.35290213367
776, 98979.40169416006
565, 98750.44753373356
1287, 98518.88697709766
1189, 98054.16673845857
420, 97888.76380941464
969, 97801.40854222677
415, 97497.05392025343
1155, 97291.50553134267
1191, 97240.22955110495
304, 97065.42556708943
972, 96656.8795598664
967, 96656.8795598664
361, 96632.17344237072
1346, 96158.60742422503
853, 96125.09612452888
970, 94280.23032778126
583, 93998.59053700061
346, 93417.98320054967
802, 93375.14527906936
801, 93375.14527906936
783, 93218.55724157134
1017, 92390.8190542747
441, 92256.62138424076
222, 92231.41625874078
367, 91157.65245384003
86, 91138.9036531563
601, 91002.05302276327
1407, 90997.1639759569
1408, 90981.53468737799
1409, 90942.56494482001
1065, 90942.56494482001
85, 90942.56494482001
1016, 90829.02572083756
968, 89885.32121014116
116, 89625.57834154167
347, 89504.31378451893
858, 89260.05279771239
1015, 88941.19850218289
574, 88661.472336046
1300, 88585.07749700997
122, 88581.61299115421
1290, 88460.45335307915
1410, 88416.51734876468
827, 88321.5827282319
903, 88215.12484520841
647, 88207.8430119664
42, 87821.58234584074
1040, 87809.71084715598
971, 86577.90269573066
187, 86439.29481381767
846, 86347.91774450328
517, 86344.74971621973
1342, 86064.91102498419
993, 86060.29461024792
540, 85464.94677756584
410, 85259.60570512086
1027, 85175.6095697765
1204, 85157.86489390144
495, 84487.87400166216
1201, 84342.73408777316
433, 84289.31488098956
204, 84274.17911339333
267, 84245.61725817418
167, 84220.78873387637
417, 84219.96702551321
488, 83980.64221290163
419, 83954.09757338784
509, 83901.7323251235
553, 83738.80768547424
930, 83657.63515145352
72, 83548.24027603386
277, 83305.64270243482
390, 83281.74023221181
1274, 83258.8599868269
434, 83211.71951089555
252, 83060.74988050753
26, 83019.40421148358
168, 82543.24955955183
1200, 82302.13721237658
1169, 81900.47294701898
1323, 81892.11858230572
1113, 80345.28325811373
233, 80344.96317176803
885, 80139.30206195767
442, 80105.135683483
1224, 80018.04753536296
867, 79757.60995383396
781, 79677.38233182026
153, 79617.58966375959
856, 79534.36547198692
854, 79534.36547198692
1059, 79422.69993658902
454, 79319.3373561005
855, 79302.15858208775
555, 79105.03255939003
554, 78845.91617684052
231, 78827.43287773881
709, 78740.9472221996
571, 78401.1869718474
30, 78305.82347957476
1018, 77963.75539457006
154, 77963.75539457006
220, 77905.2830289731
437, 77893.46542426251
354, 77854.06840870304
1232, 77795.04417096244
1088, 77755.05797480485
1400, 77713.89075572859
299, 77689.59685996851
155, 77528.2203352748
391, 77412.70989502106
409, 77370.96173918409
107, 77366.62762153368
584, 77177.19812767136
1102, 77058.0370613477
1106, 77058.03514802274
1105, 77058.03514802274
380, 77055.67639471468
978, 76899.37925199815
922, 76576.56697266315
279, 76497.69592111776
1056, 76200.3772181884
264, 76164.85921360343
450, 76007.19928895807
449, 76007.19928895807
278, 75925.8840086625
478, 75563.9065451393
771, 75393.70923466292
149, 75022.83939376593
124, 75021.64530884035
221, 74968.80631097918
861, 74871.34965129934
1395, 74821.86682256286
401, 74787.18950065503
106, 74705.32767599741
1111, 74681.76119150298
151, 74668.37506234708
622, 74665.66576012576
621, 74665.66576012576
1101, 74554.82249538963
581, 74349.270265904
607, 73657.58659676532
1110, 73415.88406640472
1108, 73415.88406640472
1081, 73011.31249031977
1109, 72979.38822558973
1397, 72913.43184872421
1013, 72879.5688518215
1288, 72829.63365404498
1012, 72827.25647148657
618, 72794.37275705216
1137, 72427.82214032751
56, 71912.79137598036
1310, 71892.55654499528
1399, 71887.94734875442
1086, 71727.1459927195
1234, 71713.76025294588
451, 71711.30993186845
564, 71510.80578467654
1085, 71402.15754154256
562, 71370.64916213324
860, 71348.06598105712
992, 71164.99883201948
673, 71155.50240327205
302, 71081.94000221818
866, 71025.56380808377
557, 70887.33115348252
700, 70850.23683607647
780, 70596.03170894779
1061, 70450.70556391792
534, 70270.08152066678
1039, 70245.13507855994
836, 70242.6533120414
29, 69681.0070157999
1344, 69651.67638293742
1217, 69322.33940633944
1216, 69322.33940633944
501, 69112.59497388567
815, 68765.08486859058
1317, 68728.21982040587
131, 68714.91775094163
536, 68604.18251049877
535, 68604.18251049877
1228, 68583.35475111996
865, 68583.35475111996
1404, 68560.67152122293
139, 68517.24988478736
1188, 68446.37474586113
674, 68441.812858923
1190, 68410.62870771633
395, 68116.04065815116
794, 68035.81972391554
273, 67847.71054043612
847, 67838.3348512472
852, 67584.2766259805
796, 67488.8145760098
1112, 67024.14648120361
1306, 66804.00985350272
831, 66783.05471178897
596, 66739.38071326764
605, 66572.31219343898
256, 66440.93702099384
977, 66325.34131060452
1074, 66185.90935578746
1052, 66064.34106520869
598, 65583.38195952435
362, 65570.81213945872
178, 65414.37433462033
227, 64923.84729456844
381, 64304.19764065162
1245, 64295.72871712534
173, 63935.54016351862
1396, 63865.26777094321
597, 63800.54232691085
215, 63780.292371896416
1077, 63725.98944288271
790, 63718.50656082393
1363, 63690.785130972625
274, 63560.40214884333
271, 63560.40214884333
800, 63227.5571636312
226, 62974.243918923145
1378, 62848.25599290168
186, 62751.60860441939
36, 62751.60860441939
1330, 62675.087162551834
474, 62505.46535319948
1314, 62346.37242709238
1080, 62238.26123967823
654, 61938.85437063136
828, 61892.91917264542
481, 61771.43922459622
1162, 61763.37091738347
829, 61763.37091738347
921, 61743.266098209584
570, 61495.026724307914
740, 61308.081033599636
739, 61266.9210696166
1060, 61207.863255700955
814, 61193.05034384296
123, 61186.47453758018
765, 61116.10539435608
515, 61116.10539435608
514, 61116.10539435608
502, 61098.05041677483
690, 61002.98555600192
538, 60997.73420816958
141, 60990.0692834808
275, 60657.87261587714
932, 60566.27535307492
432, 60527.75634954612
537, 60347.39510584577
133, 60271.46477023416
140, 59924.709714017576
74, 59494.59774456206
1172, 59379.08024473535
6, 59233.377245657495
269, 59158.17163533966
1343, 59094.3608566524
525, 59054.559433511226
516, 59039.70499479144
560, 58951.608964001
18, 58950.4738391659
14, 58706.96447703786
576, 58706.9480428132
877, 58687.724405614164
531, 58603.37670566868
1029, 58579.025164903076
661, 58542.75645909298
334, 58455.57461248334
1031, 58317.518452181735
1035, 58258.50043583197
353, 58203.220916624385
826, 58136.30976608143
857, 57957.85600220266
145, 57615.699133996015
1004, 57593.675482992265
1147, 57564.54949454174
464, 57564.54949454174
1373, 57549.40964111369
1003, 57521.080893480816
1010, 57476.99781660041
369, 57381.48292157713
949, 57191.771913888646
919, 57094.58885294608
1175, 57021.058489904586
503, 57020.130920402815
5, 56998.88458654448
1199, 56931.46979405278
1334, 56905.848558379614
16, 56614.08884945965
19, 56578.2511964345
142, 56354.62745214205
93, 56310.51180824551
1302, 56163.299615983065
920, 56128.787301557306
1121, 56096.228984298235
623, 56045.395761470994
1051, 55551.39617056269
830, 55434.80483278104
1083, 55287.41633829138
1176, 55198.49046742761
752, 55177.878675395565
745, 55035.92189772047
719, 55035.46968947244
45, 54856.91746005495
43, 54840.86919203235
90, 54732.28685479073
563, 54621.12008215557
701, 54593.43469477407
611, 54299.39586550398
1376, 54291.784389126755
290, 54229.177950128
960, 54210.63360782448
850, 53751.43506452171
399, 53367.72971211521
1282, 53128.98477782374
546, 53094.56358274054
1277, 52915.230667661264
1247, 52842.710955895986
819, 52798.1903233674
1062, 52781.46531549601
1223, 52726.441464912474
840, 52641.02858962423
1075, 52612.36748548148
1076, 52495.55582585428
238, 52479.16497448394
1414, 52448.758838253394
134, 52410.912006667524
558, 52326.40049916615
1221, 52296.57543463501
1057, 52246.740785540154
1412, 52105.36450100975
577, 52056.855118428204
335, 51996.85089394661
338, 51939.44508210388
223, 51729.91485177777
1001, 51487.38924847501
1313, 51478.12601966038
260, 51465.19871033839
1136, 51463.333247778486
418, 51441.63926396782
471, 51427.082799875236
423, 51355.266051902916
424, 51346.2132188171
1028, 51235.396807479636
659, 51092.63074562176
1382, 50991.8057682373
834, 50981.758109521725
1398, 50970.82480944255
1044, 50954.493551098436
113, 50755.58922734138
270, 50648.76662606211
268, 50648.76662606211
710, 50387.554578426716
309, 50197.777463452185
890, 50048.30063411664
259, 50043.99520701068
999, 49900.521123295985
868, 49806.21437787192
359, 49691.29805892166
743, 49638.275873955645
64, 49570.87874234347
645, 49498.48956526016
644, 49498.48956526016
63, 49498.48956526016
1037, 49455.5373122344
250, 49445.83363558901
37, 49414.53456614384
61, 49355.0346169638
504, 49325.609056336565
47, 49301.93884623246
500, 49267.47141592574
80, 49193.91656101997
228, 49094.971898744436
1403, 49080.48829468957
94, 49077.03995834742
398, 49011.177586371574
545, 48999.82075685652
1002, 48993.46744095692
310, 48990.03667997024
600, 48964.603627237826
835, 48936.045899221666
397, 48928.89281981109
172, 48873.22594053981
556, 48862.757819320424
1281, 48854.06381056636
759, 48824.4871625546
1401, 48819.29753008351
366, 48775.338271215485
444, 48768.987086277724
1390, 48710.05253846372
909, 48682.23441921015
67, 48626.2191010231
1058, 48617.25196266668
205, 48588.29426015062
699, 48569.44365654246
1009, 48282.7632363746
742, 48228.79126246445
224, 48190.09832452572
194, 48186.8232616141
619, 48186.13842609689
905, 48184.48529650099
899, 48184.48529650099
711, 48138.5132643306
749, 48098.3770940884
192, 48093.836287044585
191, 48093.836287044585
1264, 48014.695575907615
1263, 48014.695575907615
460, 47983.81244515444
209, 47939.7389369725
249, 47814.93275331771
1371, 47731.948499621445
1026, 47707.527497346855
1043, 47691.12529871597
330, 47681.09479596343
180, 47567.020194479825
604, 47539.48573475255
620, 47186.16130585869
1170, 47152.62408929291
305, 47023.05856998147
1173, 47006.36169281327
552, 46980.56050724765
704, 46951.66921831459
702, 46951.66921831459
594, 46835.98713443228
782, 46738.70007235082
216, 46667.135353919155
161, 46653.40321651841
160, 46651.00770600233
159, 46647.51200794471
1316, 46529.71442529029
637, 46529.71442529029
809, 46485.00343667019
807, 46485.00343667019
210, 46477.769867758725
146, 46477.769867758725
379, 46415.88029886028
1152, 46390.92654107155
1240, 46313.23479176716
1406, 46069.330235744295
483, 46069.330235744295
484, 46046.81184775792
88, 46011.26607604154
485, 45973.10891221887
170, 45970.368572585096
53, 45970.368572585096
218, 45963.90458373315
158, 45865.91555781328
157, 45865.91555781328
1067, 45733.3038599035
169, 45719.30446513362
981, 45708.96697747241
12, 45554.14995340332
73, 45446.93140257126
285, 45443.840657411776
1036, 45394.59141688776
929, 45369.19278969655
518, 45192.9605500071
696, 45127.75156428981
248, 45081.51926605421
824, 45080.66866727608
705, 45061.99968088785
703, 45061.99968088785
589, 45061.912077823166
459, 45023.8810629402
526, 44920.21887823827
908, 44903.568404753685
89, 44779.62862704546
1417, 44766.32149300231
295, 44702.19653163543
289, 44677.43223158204
1235, 44415.59079735114
775, 44406.182613831
235, 44395.38257542033
325, 44367.04705769427
720, 44351.346271199334
575, 44339.17818306338
940, 44313.10191087503
832, 44313.10191087503
421, 44282.78318388639
427, 44243.50540957594
288, 44211.8905159781
1262, 44196.779666346985
384, 44128.13801289285
1347, 44112.33596334362
13, 44006.229253263606
22, 44006.22436776507
281, 43943.505153341226
185, 43928.77739610254
876, 43746.213794827476
1119, 43677.16041022288
915, 43618.92602180794
512, 43562.582110455456
108, 43509.87520457082
643, 43430.556888304745
