1124, 99626.19746171303
1303, 99473.60085811547
588, 99332.0061051685
1305, 98926.73358798017
337, 98435.28553025004
1367, 98392.10269403162
314, 98302.0985631079
733, 98110.72291095696
1249, 98050.59913233285
520, 96530.70176659407
632, 96525.01415441064
482, 96456.03578457756
638, 96007.713587199
225, 96007.713587199
206, 95978.417366888
1150, 95375.11092963035
938, 95241.62698598222
174, 95205.5369566086
942, 94987.43840307798
1322, 93675.09008704104
1185, 93530.24320914167
1354, 93077.56616360757
1416, 93065.18418091988
7, 92908.04360649177
863, 92258.66674217762
566, 92060.7447343062
1324, 92040.68943104983
980, 92000.44942237006
1000, 91996.18883625894
371, 91951.27551570116
1284, 91759.20791408284
1360, 91722.76058380493
328, 91647.60738277991
132, 91643.16135379612
1214, 91372.52476789863
788, 91268.34270888403
787, 90928.18098585714
0, 90916.6225381898
203, 90881.7711672122
458, 90736.73802398497
668, 90684.27502442194
490, 90651.16827948498
386, 90628.55658790581
287, 90618.54267715078
207, 90551.65154122346
1145, 90055.8782897565
1115, 89939.10957254058
1025, 89375.38679388836
1005, 89231.43769472194
1, 89032.18671020078
734, 88691.97042847275
247, 88656.79766514977
948, 88650.02807440616
1177, 88503.18416061059
1181, 88266.49226650845
1180, 88266.49226650845
1179, 88266.49226650845
1182, 88064.25878250123
1178, 88064.25878250123
234, 88052.12663629714
119, 87999.46113723225
208, 87843.22445757093
778, 87415.08046182265
753, 86949.51146954621
71, 86671.56347323082
874, 86581.21690646253
31, 86245.29633468311
213, 86066.01226498617
342, 86031.74278914751
148, 85887.93742986346
1411, 85850.86923185873
892, 85836.44667612776
1350, 85691.25367933814
665, 85591.0285405847
1087, 85528.37431285309
1125, 85442.64968318313
1250, 84868.1644606832
120, 84662.9681898683
726, 84619.4078872629
630, 84585.09097437597
732, 84584.83089081323
657, 84401.64083535489
592, 83985.16274358665
1163, 83955.65029392543
1368, 83859.39951864068
405, 83822.99390095091
109, 83763.81649496693
666, 83699.98519859421
763, 83658.93576202949
59, 83600.84285125422
70, 83302.92873602593
1301, 83102.32354224999
1329, 82937.60279304221
667, 82694.71200803075
457, 82643.12110655411
731, 82601.61521419877
1048, 82378.3253845205
493, 82297.76263614668
1319, 82275.36767320578
496, 82064.09126443374
1309, 81911.91220553489
311, 81504.61127518151
676, 81367.6243671308
1134, 81311.2157768831
744, 81307.59151163226
1405, 81276.4538363393
567, 81236.15265808605
875, 81062.07245617709
326, 80907.20457326369
679, 80696.87664851225
214, 80592.01364612515
486, 80464.14922364893
357, 80384.03173817371
728, 79946.38702887177
591, 79940.14049171406
1321, 79934.13462949588
1091, 79888.44410665694
1090, 79888.44410665694
729, 79856.04029801072
370, 79676.16657905956
958, 79438.4139018692
232, 79352.27416896637
1161, 79333.36861344732
402, 79283.51512037388
138, 79177.35802605265
1388, 79141.81142652211
741, 78973.0713516137
1258, 78839.57327268407
983, 78838.48950438728
245, 78768.22223528656
241, 78699.07987814197
202, 78564.81057551142
1333, 78296.49358829734
188, 78111.71887672435
757, 78074.80258814964
549, 78012.88949291175
1164, 77994.21176872595
200, 77994.21176872595
1089, 77936.92053691854
849, 77844.85397127114
670, 77748.48823471954
1238, 77677.27823212395
293, 77642.13025165931
844, 77479.96644056687
1231, 77383.59164972484
718, 77183.52603959311
582, 77150.6238073767
211, 76860.30827751887
936, 76833.26214759568
212, 76804.5183206693
628, 76799.3657048077
1165, 76605.61413274649
497, 76402.05716731767
1143, 76345.87278047028
127, 76135.20324029359
453, 76101.63838372662
452, 76101.63838372662
1325, 76075.03868861072
315, 75962.92997871625
989, 75901.23836761389
403, 75901.23836761389
851, 75863.89860921398
286, 75771.23933399601
97, 75595.26200373386
1099, 75407.99942495412
58, 75154.82843274467
51, 75073.20817069347
199, 75019.92663690691
572, 75001.87012399519
182, 74801.36268087318
1171, 74658.90873229918
1079, 74553.76368791387
193, 74553.76368791387
312, 74529.36680911288
837, 74513.02948459482
756, 74499.62325793033
1294, 74435.16126337659
1358, 74415.30956949669
904, 74349.8960850015
902, 74349.8960850015
901, 74349.8960850015
900, 74349.8960850015
196, 74335.8871736092
50, 74330.26718874632
997, 74183.81752264168
873, 74183.81752264168
631, 73850.89497975483
888, 73794.86937607842
1034, 73564.35702883586
680, 73516.80143206447
928, 73483.24865429393
1357, 73442.06688434469
166, 73441.78703035755
147, 73209.9823707052
789, 73147.01583952167
639, 73028.52224148845
889, 72842.20461079307
614, 72788.61645863736
897, 72760.1648607978
1260, 72734.58471457475
1328, 72609.90532861033
1279, 72609.90532861033
1259, 72528.32732257518
651, 72384.8671683224
126, 72353.50065945774
1069, 72095.1573659066
994, 71911.98978950953
360, 71632.96646098925
956, 71598.36673028325
494, 71551.52771160426
1038, 71471.23953320022
590, 71310.57908890463
446, 71297.77574019581
541, 71159.32817365129
573, 71135.18501040617
110, 71043.27133328553
1377, 71041.93960222986
946, 70974.42221617459
181, 70959.12231186358
1366, 70574.84580416669
761, 70497.33140728834
1008, 70283.70424773048
1304, 70007.33349653825
1122, 69910.92523547073
1184, 69785.12801692495
579, 69632.95823311557
935, 69599.18611328574
1331, 69588.52635897865
1073, 69482.08063260186
1142, 69397.73873501687
300, 69306.52836764426
492, 69303.82759532637
1402, 69255.95495292249
498, 69154.32374088142
448, 69112.9796571838
602, 68724.60803118123
393, 68468.30615974675
648, 68222.58476376954
931, 68216.36375133242
9, 67986.94389557309
49, 67962.99750137526
864, 67910.66501441775
652, 67821.06425904224
118, 67735.44383702656
375, 67665.34197833463
1078, 67599.17593409831
332, 67497.57419836604
730, 67424.05244915064
1183, 67347.99813976414
926, 67320.23190880683
870, 67179.67600721482
1335, 67147.26266970199
1033, 67105.04329557584
1053, 67078.06993341392
585, 67070.56567876563
1046, 67040.3039162277
649, 66991.23405784139
1045, 66711.7258491479
489, 66522.5513657227
1226, 66492.3099631682
1415, 66472.08966205327
1153, 66438.12466231707
894, 66227.43035002741
1327, 66204.06054377044
797, 66193.04939289711
57, 66188.951658286
1123, 66017.82919342053
677, 65947.73201340395
616, 65940.39596321361
715, 65939.69406801865
1244, 65928.3442088403
998, 65800.34890283002
48, 65785.76462945732
385, 65475.86875968543
1225, 65271.40492307495
568, 65117.394429574546
1254, 65045.34435443488
197, 64995.11985146671
907, 64990.01985832078
1014, 64852.42337626463
1030, 64843.2819593576
1095, 64719.91697908394
1205, 64577.48097148419
75, 64485.822720545526
671, 64448.201280565154
1207, 64279.83694140704
737, 64271.07648560907
723, 64194.02762528767
779, 64099.7477106228
1289, 64062.092505169196
82, 64062.092505169196
1353, 63966.52946185466
561, 63922.78802528726
979, 63848.0968446043
472, 63681.465781770166
543, 63651.71352341354
101, 63649.653395211404
714, 63570.41110391299
1257, 63530.36824928568
100, 63512.5899180192
988, 63472.883511020525
610, 63456.53926889526
1131, 63383.80954745412
319, 63350.16822463523
447, 63290.12273686826
884, 63242.85168335898
736, 63236.215936300614
317, 63200.58159241569
349, 63172.303278420426
1047, 63137.78169110725
925, 63075.409640424616
716, 63000.146736403054
376, 62950.241232970984
859, 62901.45587708833
323, 62842.873080197845
1133, 62804.39064431202
1206, 62722.58959495677
927, 62683.49821603625
769, 62540.34568508327
1239, 62537.72288368462
1209, 62531.47037374365
79, 62474.49691955712
322, 62452.74564003145
603, 62440.851967948285
1208, 62417.17230306185
355, 62239.866135044555
95, 62205.84363832247
655, 62163.127202728574
843, 61946.48651565461
871, 61875.07092649983
38, 61845.03488959661
60, 61835.81715356615
1261, 61811.81188217728
869, 61721.101541729164
341, 61704.958530133226
617, 61600.33737289341
171, 61583.8617182208
253, 61536.9182105839
1132, 61468.028396870264
1359, 61420.491976837264
392, 61407.8000043967
1355, 61407.03295214388
1212, 61362.736489444294
569, 61234.628908318125
689, 61198.51779649679
329, 61066.44513173948
650, 61053.17087178387
243, 61005.19323901928
244, 60997.68161526732
394, 60656.99161632009
406, 60650.70916826045
615, 60639.05864341518
54, 60555.70459009196
294, 60509.07838100119
1276, 60480.71001653916
1019, 60451.00232951583
445, 60451.00232951583
810, 60371.50931571518
324, 60309.27112739043
407, 60297.29623324465
1068, 60209.274815216995
1252, 60182.14165996827
947, 60135.99007713428
114, 60090.899654254725
641, 60077.68376711424
678, 59988.18152349297
1011, 59783.27500352073
52, 59595.870944297225
1375, 59418.783958512155
1104, 59255.69866845201
629, 59209.108111690126
78, 59174.641779669466
1227, 59167.61210466061
974, 59107.37260831456
81, 59015.24752929414
87, 58917.42829274182
499, 58820.21037722161
1291, 58744.42301245325
462, 58718.57069351451
76, 58565.35415700773
1114, 58350.042354621444
408, 58131.98177789597
528, 58101.70578613074
945, 57918.96856142479
848, 57845.01960551225
1213, 57696.98243984225
1332, 57678.18451459791
105, 57652.76187270245
103, 57652.76187270245
83, 57650.05576515631
944, 57649.60590946044
237, 57629.15121023029
104, 57625.72477591331
1292, 57404.101763691404
1293, 57389.306830663554
1349, 57388.78087584639
803, 57357.76694308751
735, 57250.24908775781
436, 57240.15151310956
1072, 57129.075405203
121, 57098.81249559325
937, 57066.650248507955
906, 57052.80972209379
262, 57021.10235497922
1194, 57021.05148704689
190, 56963.92261960147
1120, 56890.91626590242
943, 56847.82372089848
115, 56733.0627817898
1272, 56665.517016652266
8, 56654.74086165244
519, 56579.61668868211
439, 56491.89863218091
476, 56491.70524490591
1071, 56380.53410965153
1070, 56380.53371055632
263, 56333.102576391124
1107, 56229.71309172624
822, 56171.911624977736
838, 56124.09215934027
916, 56086.55335744817
1256, 55991.10623088141
924, 55966.31962623327
982, 55964.85913424971
1270, 55918.9882872141
1295, 55863.432316370745
99, 55858.43003239793
201, 55725.879796799185
1339, 55604.96097702593
872, 55595.12985133345
823, 55436.60307022109
1420, 55351.433478015686
467, 55299.46262312202
542, 55292.073812194234
539, 55292.073812194234
469, 55277.703114980424
468, 55248.73188987961
261, 55233.04011404933
862, 55188.28960720105
721, 55179.97709796246
627, 55148.14184378821
466, 55122.681389384496
1383, 55078.17840897836
313, 54998.19098231453
770, 54993.29488573432
760, 54946.91772446463
722, 54935.65881752244
301, 54884.831953286295
893, 54704.7078661867
1215, 54658.02869820411
959, 54651.762429573755
35, 54630.576889796124
941, 54626.83602206676
1135, 54572.46193867986
1233, 54572.45941743494
717, 54286.32594910314
378, 54262.50170504948
345, 54178.94240818506
1220, 54144.02908208265
1356, 53903.44552788797
952, 53892.36558506158
713, 53770.3779523277
1055, 53746.036260702334
767, 53723.23191481129
578, 53557.67302976495
950, 53400.15084964915
1370, 53397.06447415453
1369, 53397.06447415453
292, 53319.695836372404
738, 53318.339932304945
911, 53143.162548954635
996, 52945.96700528864
336, 52871.737008586184
377, 52775.2969359897
440, 52715.86586000525
265, 52700.69679286169
642, 52691.33384809343
296, 52686.63102473803
559, 52667.44376080454
66, 52639.09553939855
1154, 52626.95436183243
820, 52619.18354361016
1275, 52486.911146733684
755, 52424.92805550963
306, 52388.7829529203
430, 52327.38748920785
255, 52094.179267777865
429, 52047.77977165235
792, 51975.71501920051
1151, 51970.31856255514
17, 51945.27442993734
10, 51945.27442993734
640, 51930.011526922826
276, 51916.7981127599
786, 51897.6142320151
1021, 51735.97197611355
624, 51720.57854241917
368, 51718.47554486345
240, 51678.92868358272
825, 51658.181168838935
