33, 99791.72024168498
284, 99786.51852156971
895, 99653.35880418355
443, 99540.08841070748
688, 99315.52108308813
686, 99031.6689568299
913, 98838.63930029508
1336, 98520.07856779167
524, 98455.75711930948
1352, 98395.27637087309
1230, 98085.28041608888
882, 97995.07717968026
389, 97730.73853701908
687, 97724.2011592225
973, 97074.67899939624
804, 96968.6702058825
387, 96905.02692570757
785, 96892.35399211668
1364, 96709.75185591476
1394, 96572.62983224876
1268, 96307.82767278072
339, 96172.71966404442
1392, 96121.24638552542
162, 95973.19762887055
388, 95840.74741358745
1296, 95749.53107966944
34, 95748.40243552071
625, 95747.85549223056
1118, 95636.31542324633
595, 95636.31542324633
805, 95617.32681918963
918, 95604.63303604475
626, 95395.36948376181
550, 95364.336244238
608, 95177.18324206358
917, 95132.7773041108
933, 94790.1909856383
92, 94678.53045171124
1251, 94439.93739096296
1269, 94414.77729656332
912, 94368.0935438936
1265, 94283.77148509755
1126, 94191.16574216654
163, 94108.07924888232
283, 94054.03055405324
965, 93897.81498524641
1267, 93889.05043221511
964, 93877.33828530934
963, 93877.33828530934
962, 93815.91896249178
91, 93742.59254387642
1211, 93682.69223252089
1141, 93660.9012277399
1138, 93660.9012277399
1297, 93653.69878804105
521, 93477.81601125315
1140, 93235.68391835748
954, 93132.00323862203
953, 93066.92150492468
297, 93066.92150492468
1139, 93024.24021060734
914, 92772.3240010234
1338, 92692.8374910204
1337, 92692.8374910204
1218, 92587.65875997525
1219, 92540.44988835782
646, 91996.3671296694
881, 91842.89485312114
400, 91631.991418358
505, 91378.43296463639
1393, 91321.09564796327
351, 91289.72365129097
879, 91222.78760470278
878, 91222.78760470278
77, 91216.24048762744
1242, 91134.1268818961
1241, 91134.1268818961
23, 90946.95052424324
117, 90944.67883613754
308, 90835.5062055294
24, 90515.45546325517
951, 90337.0723719225
25, 89917.5777993962
1391, 89655.46854485298
1007, 89183.6423964938
383, 89161.51092892884
333, 89135.76543054504
684, 89085.73671405566
784, 88811.85598666407
321, 88671.67802042383
84, 88659.06427905703
1128, 88651.5746774401
1266, 88460.98674660227
1158, 88249.94632920499
1092, 88207.73351123919
32, 88137.08399015704
685, 88084.37853652336
975, 88044.54264692366
506, 88020.38719079191
976, 87978.25291998124
635, 87975.81705804495
634, 87975.81705804495
1186, 87849.11704103796
1351, 87734.34211420438
682, 87622.50570795893
910, 87587.0276172617
725, 87444.63854546269
683, 87098.83250600395
1341, 86762.61396794957
1006, 86689.68148680209
316, 86553.78502545731
681, 86450.46531198274
774, 86204.87444322607
773, 86204.87444322607
1093, 86143.46434197
510, 86143.46434197
660, 86081.44437096042
818, 86050.3870959537
96, 85991.39415946057
1146, 85681.15813905292
1130, 85613.75331744067
529, 85445.19250476507
821, 85278.75955374766
1380, 85275.33275544977
658, 85146.68916945485
508, 85086.19654081741
842, 84959.22005282578
507, 84670.77375943276
1311, 84628.12873466898
724, 84506.51497506078
1298, 84381.81814563072
372, 84353.71479602641
511, 84259.08736333855
1196, 84152.2147721665
675, 84113.71681178335
1197, 84039.49879754934
1386, 83706.95885374604
957, 83572.12902092974
1387, 83564.47287262237
586, 83505.50271592538
841, 83482.71320863407
1210, 83429.73136730761
404, 83039.89184995818
1195, 82881.11259633995
1198, 82870.61658795395
1374, 82844.5808499795
229, 82239.22987049255
230, 82205.17003032468
1116, 82202.7722208225
1340, 82184.35163086718
282, 81771.41221311128
766, 81608.5778475973
111, 81582.35994806292
143, 81573.11988244977
1096, 81551.80193331429
599, 81134.61234323098
883, 80953.66411017145
523, 80788.38186703651
587, 80741.28222604888
991, 80712.38483958381
995, 80174.4501964659
758, 80168.03187103705
198, 80092.31070207684
1097, 79982.8393721837
1345, 79698.84625172826
747, 79615.55706888375
669, 79498.63261186397
327, 79414.60891338882
746, 79323.86906790554
764, 79147.65696677747
990, 79116.06199387337
896, 79084.80600383905
1365, 78810.14008100606
373, 78800.66350674389
887, 78664.12790500191
880, 78453.27887950148
707, 78300.84933687055
966, 78282.05953431118
130, 78173.88719710526
1372, 78125.91711396891
806, 78057.55164737636
1361, 77734.69162437487
1127, 77489.00515563831
1129, 77417.99682837418
548, 77220.82192371154
547, 77198.68173882582
1229, 76975.10684012987
303, 76770.59919086627
340, 76734.18663480149
522, 76606.96673382222
1243, 76409.80861476509
1237, 76391.70231823063
1024, 76391.69842370383
1023, 76391.69842370383
551, 75990.6082781494
280, 75934.25412698137
839, 75872.13173561996
1167, 75701.21874416612
175, 75610.65557793272
1054, 75553.89447395453
1042, 75357.90500308988
1203, 75353.86438844366
1022, 75224.80535892588
1098, 75141.32195200928
431, 75100.4442791895
1041, 75100.24231414705
1064, 75074.50056328927
344, 74663.92749161858
664, 74597.34986633692
1049, 74514.33333504289
1156, 74386.35846040136
1050, 74069.10126927878
624, 73921.23967306799
1021, 73889.81770701958
1202, 73555.05655785796
1151, 73417.00201524544
1320, 73397.7471685507
755, 72528.51575878862
1275, 72410.21351241702
1154, 72145.35676967965
66, 72122.55210836524
559, 72069.40285510127
296, 72033.50604501207
265, 72007.23016159123
440, 71978.9304071882
377, 71868.42460610555
336, 71690.34996000819
996, 71554.3246996716
532, 71307.87568298768
911, 71197.28530464937
738, 70885.27174851856
292, 70882.87533359276
950, 70741.18617294924
578, 70466.62864114087
128, 70247.08055520759
767, 70182.06572483973
1055, 70143.18622367535
952, 69895.50537998076
1220, 69476.68218083796
378, 69282.57985347703
1233, 68783.76531280926
941, 68697.57472083098
35, 68691.65943231327
959, 68658.19403703726
1215, 68648.30684251616
893, 68574.81503750998
708, 68416.58416164549
301, 68293.85727329241
722, 68215.32462671994
760, 68197.97252955912
627, 67890.5141194753
721, 67842.32979518581
261, 67762.29104428868
542, 67673.64776160785
539, 67673.64776160785
1420, 67584.9384508816
823, 67458.3934476378
298, 67333.43155549845
1339, 67210.76632696668
201, 67034.94823969502
144, 66904.76795951882
1295, 66836.97701147028
982, 66692.36555824567
924, 66690.2916203243
916, 66520.36630970579
838, 66467.63880622222
822, 66400.69366635475
1107, 66320.1054373442
263, 66176.8542734498
1070, 66111.51806853274
1071, 66111.51751978544
439, 65959.04800881824
8, 65738.43133804286
115, 65633.29462853447
533, 65569.17089109958
943, 65480.36932693181
1194, 65252.03373518632
262, 65251.96712189154
906, 65210.49477249419
937, 65192.42270638358
121, 65150.499759827
1072, 65111.14479832403
436, 64967.458983256634
735, 64954.45597770839
803, 64816.60615422532
1349, 64777.04717821228
1293, 64776.377095736134
1292, 64757.53860584902
944, 64447.92585367837
1332, 64412.24703242347
1213, 64388.819629356185
848, 64205.44720459598
945, 64114.58694386958
1114, 63594.51178252141
76, 63340.713618256494
462, 63162.462854602454
1291, 63132.57670556022
499, 63045.277625564944
87, 62933.9728854867
974, 62718.683337718314
629, 62604.541427739656
1104, 62552.53823191601
1375, 62371.82319784694
52, 62177.88155249686
678, 61756.50845271239
129, 61654.27403262972
1252, 61552.28479137762
1068, 61523.92797322584
407, 61432.29159904998
324, 61419.866629020995
810, 61355.449281413574
1276, 61243.069908597914
294, 61214.009303278304
615, 61081.555225863536
406, 61069.73860493613
394, 61063.37037129066
243, 60714.50621125487
650, 60667.059163544
329, 60653.95794945277
1385, 60367.577052058274
1212, 60364.45562147497
1355, 60321.650009017605
392, 60320.90985109273
1359, 60308.66820238551
171, 60151.98547700621
318, 60140.87500768735
341, 60036.901737505985
1261, 59936.09180947802
60, 59913.538595875594
843, 59810.00782374497
95, 59570.20556253829
355, 59539.03840030895
1208, 59377.68571892792
603, 59356.27197894809
79, 59325.90096586607
1209, 59274.616688680944
1239, 59268.99961607602
1206, 59103.90366065534
323, 58997.49530525162
859, 58945.95571512529
376, 58903.1773565083
716, 58859.54937340639
925, 58794.005920695505
1047, 58739.91716311708
317, 58685.665390846494
736, 58654.97384969424
884, 58649.26590270635
447, 58608.67092077546
319, 58557.27372926478
1131, 58528.5596007959
610, 58466.68199700474
988, 58452.81399015814
100, 58419.18038497359
1257, 58404.14727115077
714, 58370.34665650629
101, 58303.69754990097
543, 58301.96905769498
472, 58277.030150436396
979, 58138.17762509492
561, 58076.38642073412
1353, 58040.327395310735
1289, 57961.874614903194
82, 57961.874614903194
779, 57931.08376636009
723, 57854.291856089614
737, 57791.85252834621
1207, 57784.77117319477
593, 57657.70034957882
671, 57649.38552670292
75, 57619.31623824552
1205, 57546.334871993444
1095, 57433.696807203036
1014, 57329.74800507043
907, 57222.64973679798
197, 57218.69654306385
1254, 57179.82789049904
385, 56851.21628818002
998, 56608.8330285902
1244, 56514.4405667487
715, 56506.10325255498
616, 56505.587833409285
677, 56500.202007928725
57, 56324.339438352144
797, 56321.37245388198
1327, 56313.403144260745
894, 56296.50551444761
1153, 56145.152440679645
1226, 56106.51411886308
489, 56085.00009614392
1045, 55951.233439342664
649, 55756.12472883567
585, 55701.29018735354
1053, 55696.1154871159
1033, 55677.53298225867
1335, 55648.50199674796
926, 55530.25826430958
375, 55297.61961014359
118, 55250.88991096222
652, 55194.05327714803
49, 55100.40623009064
9, 55084.67626767434
931, 54934.98490975466
648, 54930.95114596754
393, 54772.67833432762
602, 54609.754686435896
448, 54366.99244478079
1402, 54278.844910144755
300, 54247.820473638974
1142, 54192.070742075506
1073, 54140.750906698784
1331, 54076.29703723982
935, 54069.861755011996
672, 53675.27692679329
1366, 53495.328225082805
181, 53276.63350750393
946, 53268.01202646555
1377, 53230.04363001959
573, 53177.8141763413
541, 53164.32986745373
590, 53080.216457781724
1038, 52991.54925901115
994, 52751.82935494452
1069, 52653.698043560405
126, 52516.749233305716
651, 52500.23653868009
1259, 52425.02650748145
1260, 52317.78845136773
614, 52289.86870383202
639, 52166.75790833536
789, 52106.46153517892
147, 52074.55644218385
1357, 51957.766076335865
928, 51937.17398030993
680, 51920.42570510368
888, 51782.6221452153
631, 51755.070879227016
997, 51592.8075690168
873, 51592.8075690168
50, 51522.20879675115
196, 51519.50896244635
1358, 51481.42830261814
1294, 51471.93148284628
837, 51434.762805550694
312, 51426.98120279924
182, 51298.26918011714
572, 51204.39226173866
199, 51195.97970067944
58, 51133.34366553133
1099, 51016.80846821727
97, 50931.451625048794
851, 50810.232068689584
989, 50793.49625737481
403, 50793.49625737481
1325, 50715.95867109189
453, 50704.14381154846
452, 50704.14381154846
127, 50689.25484212463
1143, 50596.30142714516
1165, 50482.86365515929
628, 50399.07339526005
936, 50384.48637433523
718, 50234.9920670245
1231, 50150.603920130365
844, 50110.208928518965
293, 50042.611021296725
1238, 50028.02078864561
849, 49958.75605421431
1089, 49920.909800131885
1164, 49897.432765630176
200, 49897.432765630176
549, 49889.79115142295
188, 49849.45674735728
1333, 49774.49299799387
27, 49722.917512641296
202, 49666.6605181482
245, 49585.71026142635
1258, 49557.47637234964
138, 49424.935426693104
402, 49383.65972151436
1161, 49364.33766327402
232, 49357.020606576814
1091, 49151.83457707456
1090, 49151.83457707456
591, 49132.28587140621
357, 48966.09608131832
214, 48889.241007954195
679, 48850.73239026004
875, 48717.86735639943
567, 48655.20598205699
744, 48629.61516330449
1134, 48628.318794679406
1309, 48415.97699891224
1319, 48289.887417422
493, 48282.17597686326
1048, 48254.49012750341
731, 48178.20220913628
457, 48164.09346083375
28, 48013.93965971953
59, 47844.66114125324
763, 47825.65497361434
