884, 99944.78296558313
447, 99937.18756278919
736, 99928.21150650355
317, 99839.25632090616
319, 99787.83887636478
1131, 99704.48241792888
1047, 99682.62832713123
925, 99527.2458320306
610, 99525.0486055143
988, 99484.87048538022
100, 99387.48342168205
1257, 99343.9800369564
716, 99339.98566342374
714, 99246.22386544732
376, 99215.95898620485
859, 99094.82559007869
101, 99053.6973085245
543, 99048.70837620509
472, 98976.75042433014
323, 98949.5080660332
1206, 98651.6263278067
979, 98576.89473371963
561, 98399.38051024501
1353, 98295.91100765245
1239, 98195.07812210388
1209, 98179.66378165432
1289, 98071.1025876802
82, 98071.1025876802
79, 98039.28779223429
779, 97982.98566781532
603, 97956.45895870474
1208, 97898.19360358788
723, 97763.50530502481
737, 97585.34236316143
1207, 97565.15332245374
355, 97462.71752951911
95, 97379.31646672812
671, 97179.8210628869
75, 97094.40674518632
1205, 96887.35089077258
843, 96745.23273419931
1095, 96568.48853084918
60, 96475.57209505382
1261, 96417.15140256156
1014, 96274.97944245177
341, 96157.41448307507
907, 95973.33282293049
197, 95962.21312458844
171, 95863.66134428201
1254, 95852.93723207449
1359, 95468.38121504073
392, 95437.72123197015
1355, 95435.86848979154
1212, 95328.91806634497
385, 94933.07400390039
329, 94615.73722522016
650, 94583.87471896301
243, 94468.77634834714
998, 94259.13644659994
1244, 93997.71907132019
715, 93974.65693999387
616, 93973.23136949129
677, 93958.33603169626
394, 93636.40687053061
406, 93621.43651215169
615, 93593.67909985001
57, 93472.99302875908
797, 93464.82193358941
1327, 93442.87721162675
894, 93396.36052895032
294, 93284.39333519735
1276, 93216.98696651666
1153, 92980.52700511427
810, 92957.83317676149
1226, 92874.60609802845
489, 92815.67020062845
324, 92810.35652741638
407, 92782.00020298522
1068, 92573.75321514749
1252, 92509.6257519057
1045, 92449.89084478092
678, 92052.11653464554
649, 91918.4152293472
585, 91769.4800886636
1053, 91755.4349799426
1033, 91705.0124958714
1335, 91626.28227732818
926, 91306.16058415014
52, 91131.5594341269
1375, 90718.12221631683
375, 90678.89415783386
118, 90553.30337014858
652, 90400.7320065339
1104, 90338.5207034349
629, 90230.27653184265
49, 90149.78406581255
9, 90107.68537332804
974, 89994.22366057703
931, 89707.82434817641
648, 89697.06829583799
87, 89554.63793488697
499, 89330.21748774109
393, 89275.82081103741
1291, 89155.53462915498
462, 89096.00078775325
602, 88843.79383107532
76, 88743.7230114664
1114, 88250.27703873957
448, 88203.04726129
1402, 87971.27112374471
300, 87889.80625063134
1142, 87743.56209859771
1073, 87609.1031443413
1331, 87440.45583266272
935, 87423.6311590444
945, 87267.94020422097
848, 87100.16840006308
1213, 86764.9598760759
1332, 86722.45672011691
944, 86657.86562266533
1292, 86104.32117710866
1293, 86071.03828264758
1349, 86069.85524497803
803, 86000.1143192146
1366, 85931.43752896662
735, 85758.63060699467
436, 85735.97478390446
1072, 85487.01687013042
121, 85419.27106126677
181, 85368.5319508831
937, 85347.31247237363
946, 85346.39786336156
906, 85316.35857407055
1377, 85248.97221784113
262, 85245.4740911009
1194, 85245.36040291518
573, 85115.08969367847
541, 85080.55029934473
590, 84865.33515440166
943, 84858.78341986283
1038, 84638.91030878364
115, 84603.32028999749
8, 84429.26338918821
439, 84068.12887826971
994, 84029.00942754578
1071, 83821.74087378955
1070, 83821.73999166179
1069, 83780.28851943412
263, 83716.94495855246
1107, 83488.81176306817
126, 83434.09656633383
651, 83392.42603578977
822, 83361.44757971927
838, 83256.17436517158
1259, 83202.82507619285
916, 83173.59448515784
1260, 82933.0346546865
924, 82909.45680191049
982, 82906.25165187298
614, 82862.90006765409
1295, 82683.86035126151
639, 82554.16649030698
789, 82403.26650902962
201, 82382.87753443679
147, 82323.50173915125
1339, 82118.87786143883
1357, 82032.00203692527
928, 81980.68440351736
680, 81938.96332433727
823, 81752.21585921587
888, 81596.27527970857
1420, 81567.12976202158
631, 81527.88708567931
542, 81438.29189328362
539, 81438.29189328362
261, 81310.29119598029
721, 81195.34671475242
627, 81126.43557112713
997, 81125.96274068898
873, 81125.96274068898
50, 80951.54184910643
196, 80944.8770752819
1358, 80850.91416384336
1294, 80827.49339278978
837, 80735.87649657328
312, 80716.70520934832
760, 80691.72797753318
722, 80667.44925134296
301, 80557.90410904663
182, 80400.08015369523
893, 80170.45269942551
572, 80169.71556469306
199, 80149.09530537615
1215, 80070.23835350283
959, 80056.79151544438
35, 80011.33990254332
941, 80003.31591861756
58, 79995.6868121617
1233, 79886.73829724472
1099, 79710.83200657867
97, 79502.6525047887
378, 79224.27462294743
851, 79207.67808309669
989, 79167.01511853392
403, 79167.01511853392
1325, 78978.81736817892
1220, 78971.98525529064
453, 78950.16871836194
452, 78950.16871836194
127, 78914.07656294764
1143, 78689.01607018638
952, 78437.74016673198
1165, 78414.97977714169
628, 78213.00134816428
936, 78177.87685695876
1055, 78128.14777404752
767, 78079.96894862963
718, 77818.55098094085
578, 77730.74731696477
1231, 77616.23292404304
844, 77519.51905184929
950, 77399.3813797168
293, 77357.86647612158
1238, 77323.00689599846
292, 77230.4737947667
738, 77227.62916282249
849, 77157.66798873877
1089, 77067.43220909833
1164, 77011.49394535297
200, 77011.49394535297
549, 76993.29259281488
188, 76897.27134379277
911, 76860.65893968454
1333, 76719.03425428906
202, 76463.15614353983
996, 76448.85367261714
336, 76294.19102940599
245, 76271.46104079286
1258, 76204.6806899229
377, 76093.53947770484
440, 75970.04948686805
265, 75938.54982581192
296, 75909.34838837924
138, 75891.73361758003
559, 75869.52547661186
66, 75810.71250767946
402, 75794.45955506171
1154, 75785.53219966465
1161, 75748.95332083132
232, 75731.72556695512
1275, 75495.45743678216
755, 75367.2869375455
1091, 75249.73124197152
1090, 75249.73124197152
591, 75203.9216159229
357, 74815.25918588336
214, 74635.99139907121
679, 74546.27995713465
1151, 74431.2702515464
875, 74237.32182799876
567, 74091.91812529901
744, 74032.59174869102
1134, 74029.58728676042
1021, 73951.52223373081
624, 73920.07452325229
1050, 73772.80673090319
1309, 73538.59104975995
1156, 73460.75056427502
1049, 73336.3660423475
664, 73256.13088161404
1319, 73248.09119016831
493, 73230.35011606195
344, 73192.03916637272
1048, 73166.67969183208
731, 72991.43185182304
457, 72959.05269204408
1064, 72801.74432500698
431, 72777.36423358473
1098, 72739.0174820835
1022, 72660.9574353725
1054, 72356.5365277766
175, 72304.55435851774
59, 72228.5695762686
763, 72185.26261605107
666, 72154.72867783444
839, 72067.0512976384
405, 72063.56374406983
280, 72011.09302457051
1163, 71965.80468626463
657, 71641.30483525181
1024, 71604.46823937606
1023, 71604.46823937606
1237, 71604.464817671
732, 71509.846583429
630, 71509.66069294282
726, 71485.15172802916
522, 71416.36186395158
1250, 71308.58152544766
340, 71306.1514554705
547, 70909.67731278797
548, 70891.0077736099
1087, 70849.06314901302
1129, 70725.64286935682
1127, 70666.48430090088
342, 70507.33129326232
31, 70364.54031187427
806, 70200.18718498448
1372, 70144.98431957269
874, 70142.50980373195
966, 70019.58946445028
707, 70004.5636018455
880, 69883.17147148016
887, 69716.71782806629
896, 69389.5945876257
990, 69365.55019951264
746, 69206.59194880506
234, 69205.92508941164
1182, 69198.43240162614
1178, 69198.43240162614
327, 69137.67025390772
669, 69074.11202522999
1181, 69074.07579842489
1180, 69074.07579842489
1179, 69074.07579842489
747, 68986.08326940883
1177, 68929.81417615968
948, 68841.00200884958
247, 68836.92031796351
1097, 68712.680050169
198, 68632.0908453002
758, 68576.5863245837
995, 68571.8905579335
1005, 68494.43444557503
587, 68162.61564847546
883, 68011.98373028314
599, 67884.7888635838
207, 67736.3681143137
287, 67698.98640162886
386, 67693.39848311665
1096, 67595.4653238281
766, 67556.50886020546
203, 67552.81424670968
787, 67527.19556688685
282, 67445.3285628133
788, 67340.80505854022
1214, 67284.20087254066
1340, 67166.97079412248
1116, 67154.67207359415
132, 67138.20061742495
328, 67135.81459206091
371, 66973.79054636451
1000, 66949.98364209627
566, 66915.83519292438
863, 66811.65298678554
1374, 66732.32694962474
1198, 66715.44324049406
1195, 66708.64218211024
1416, 66394.96907119552
1354, 66388.66839641515
586, 66309.57711382353
1387, 66272.44029236754
1386, 66183.09556370047
1322, 66087.98969959689
1197, 65976.68289224042
1196, 65907.37846468978
511, 65841.9719654725
1298, 65767.22385611018
1311, 65618.3719408962
938, 65329.8937140615
658, 65309.966673295006
1380, 65234.482894084256
821, 65232.477658774005
1130, 65037.815234014386
1146, 64998.970288283555
206, 64987.68851837399
638, 64974.26382610667
225, 64974.26382610667
96, 64821.56038452511
482, 64770.52514434712
660, 64770.48439047369
1093, 64735.4157631625
510, 64735.4157631625
774, 64700.77901532973
773, 64700.77901532973
316, 64505.61341463199
733, 64045.197895077436
910, 63943.4404495484
1351, 63865.152300225214
32, 63653.42142559746
1158, 63594.68351666027
1124, 63415.48798491757
1128, 63387.741088423565
784, 63306.04975760429
383, 63129.580351960256
1007, 63118.49021031983
1303, 63053.85945719749
588, 62996.93731645775
1305, 62833.6861652815
337, 62635.066051498565
1367, 62617.579107115605
314, 62581.113875735275
951, 62553.2326542637
1249, 62479.08996903722
117, 62265.178544315335
1242, 62176.68642215343
1241, 62176.68642215343
351, 62104.46798839827
520, 61858.460561515116
632, 61856.12491855069
881, 61851.03570980789
1150, 61381.87287961604
174, 61311.59079206351
953, 61308.01772665377
297, 61308.01772665377
942, 61221.065929532866
1297, 61056.018756644946
1211, 61043.702326036146
91, 61018.29647768986
163, 60864.4344740208
1269, 60736.83177694557
1251, 60726.424276306745
92, 60628.18099541793
1185, 60612.4237746781
933, 60582.48202727469
917, 60443.36760510153
7, 60350.50483196749
626, 60337.840813089795
1118, 60241.84384813589
595, 60241.84384813589
34, 60197.45464946461
1296, 60197.00853954512
1392, 60051.00962799796
339, 60030.93691963304
1324, 59983.328428628294
1268, 59978.41534747761
980, 59966.23514110422
1284, 59863.65048421872
1360, 59848.13544883839
0, 59503.87677341663
458, 59426.76961365275
668, 59404.26157280221
490, 59390.053263310314
1352, 59196.30228274013
524, 59174.43320458294
1145, 59133.96256476092
1115, 59083.592821406826
913, 59036.97979422885
1025, 58839.7909227779
443, 58789.5252272558
1, 58690.84661660287
33, 58558.61027555608
284, 58556.819055929984
734, 58542.810497081664
895, 58510.9390360024
688, 58394.31000391628
686, 58296.064949055806
119, 58240.28751924415
208, 58171.81271072308
1336, 58118.41033290892
778, 57983.74506558573
1230, 57966.82668483548
882, 57935.31026436829
389, 57842.81532425473
687, 57840.52523755333
753, 57778.532801679125
71, 57655.66777298191
973, 57612.368217358264
804, 57575.01274268714
387, 57552.57012175502
785, 57548.09981777384
1364, 57483.635217995055
1394, 57435.16165319126
213, 57387.0723307827
148, 57307.84649041453
1411, 57291.341028571915
892, 57284.917774808
162, 57222.60167581683
1350, 57220.214357889556
665, 57175.50777925093
388, 57175.4898424384
625, 57142.41732904832
1125, 57109.25781995954
805, 57095.901173931896
918, 57091.37479434847
550, 57005.59775571028
608, 56938.67053558481
120, 56759.878655266584
912, 56648.11348635461
1265, 56617.71745513383
1126, 56584.310323727026
283, 56534.79117815437
965, 56478.31192869004
1267, 56475.14091314534
964, 56470.90308976015
963, 56470.90308976015
592, 56454.422820278014
962, 56448.672745545526
1368, 56397.56925467638
1141, 56392.51344323879
1138, 56392.51344323879
