1360, 99685.47784048744
1284, 99642.46329885122
980, 99359.54146515849
0, 99353.03347104871
1324, 99312.64907186679
458, 99138.25550478925
668, 99075.63074279895
490, 99036.11487418374
1145, 98326.0382046082
7, 98322.22867444874
1115, 98186.85470619911
1185, 97634.87377294546
1025, 97515.3863359749
1, 97106.96732671585
734, 96702.38090043717
942, 96095.97638126308
119, 95879.71181926566
174, 95873.78384090523
1150, 95702.43357525999
208, 95694.27013061232
778, 95186.39605429633
753, 94634.62932556575
632, 94571.93088697808
520, 94566.47174888208
71, 94305.46956502371
213, 93588.98934986015
148, 93378.46120347176
1411, 93334.64707205695
892, 93317.60068867797
1249, 93151.89207442591
1350, 93146.02122184388
665, 93027.6112978664
314, 92926.02495873363
1125, 92852.35490791737
1367, 92845.73915679693
337, 92807.32030978247
1305, 92374.65883264337
588, 92024.06961079186
120, 91932.30769863719
1303, 91902.8757416458
1124, 91145.31212661542
592, 91133.65867758973
1368, 90985.59422995217
109, 90873.0869883111
70, 90330.89879108673
1301, 90095.0649796149
1329, 89901.48896194535
733, 89875.22664221161
667, 89616.16708607953
496, 88876.03643185826
482, 88484.70356086847
311, 88220.19042016807
638, 88107.2750737955
225, 88107.2750737955
206, 88082.60140198894
676, 88059.72164209634
1405, 87952.94756973167
326, 87520.70364923861
938, 87461.65888172842
486, 87002.48762747839
728, 86397.47866226036
1321, 86383.16930167876
729, 86291.97262905666
1322, 86138.82185767882
370, 86081.97512564666
958, 85804.52251037647
1354, 85633.31408292794
1416, 85622.83338317313
1388, 85458.57988969593
741, 85261.86206765306
983, 85105.01401817294
241, 84942.58432243999
863, 84939.67791031946
566, 84771.88450899108
1000, 84717.14325428953
371, 84679.0546661793
328, 84421.45271276438
132, 84417.68014256173
757, 84215.78260367695
1214, 84187.9836625682
788, 84099.53305118428
670, 83836.2416722655
787, 83810.62513651786
203, 83771.19499129265
386, 83556.00639773541
287, 83547.49437678124
207, 83490.63183103313
582, 83141.5037669622
211, 82804.44917210167
212, 82739.6999213031
1005, 82367.00770959655
497, 82272.8229147843
247, 81877.13654092535
948, 81871.3626820963
315, 81763.8422811146
1177, 81746.10128662651
1181, 81544.13058376304
1180, 81544.13058376304
1179, 81544.13058376304
286, 81541.79963020039
1182, 81371.49809559378
1178, 81371.49809559378
234, 81361.13982057633
51, 80733.96582237
1171, 80255.03114251308
1079, 80133.54570406742
193, 80133.54570406742
874, 80103.68609734433
756, 80071.00141346712
904, 79898.06847436912
902, 79898.06847436912
901, 79898.06847436912
900, 79898.06847436912
31, 79816.06528254284
342, 79633.13030602653
1087, 79201.66569606129
1034, 78991.63206734713
166, 78850.32688608853
1250, 78635.19395175493
726, 78421.5884808509
630, 78392.11357556097
732, 78391.89018227841
657, 78234.51796408686
889, 78159.59678659344
897, 78065.15002284735
1328, 77892.20674182686
1279, 77892.20674182686
1163, 77851.17419644831
405, 77737.09444734437
666, 77631.2879389562
763, 77595.9740567322
59, 77545.99377484656
360, 76769.05411063503
956, 76729.31627724826
457, 76721.29138712585
731, 76685.51934176918
494, 76675.5259912465
1048, 76493.03177572293
493, 76423.56415121075
1319, 76404.25170432338
446, 76384.20294155028
110, 76092.16460633837
1309, 76090.71851365938
1134, 75572.09680937408
744, 75568.96609551075
567, 75507.25174304463
761, 75466.21162026591
875, 75356.83587648653
1008, 75221.46119201694
679, 75041.13672575363
214, 74950.449273772
1304, 74904.98112304133
1122, 74794.62238229856
357, 74770.53381203157
1184, 74650.6540081573
579, 74476.55196125963
591, 74386.32662660685
1091, 74341.56188321934
1090, 74341.56188321934
492, 74100.16464539578
498, 73929.27668751523
232, 73877.04626179059
1161, 73860.65935915007
402, 73817.4449091558
138, 73725.41238388164
1258, 73432.45796882559
245, 73370.5545193725
202, 73194.03439725035
1333, 72961.0940003894
188, 72800.61787582573
549, 72714.76374581916
1164, 72698.53654964386
200, 72698.53654964386
1089, 72648.75866793813
849, 72568.75559535116
864, 72509.70767410417
1238, 72423.10440162638
293, 72392.54956660909
844, 72251.55313053711
1231, 72167.73935010118
1078, 72154.71099756299
332, 72038.96560280926
718, 71993.70436254509
730, 71955.22374131296
1183, 71868.61018748101
936, 71688.86733335559
870, 71676.96519147891
628, 71659.35715427739
1046, 71518.33022850999
1165, 71490.64393207605
1143, 71264.37931226662
127, 71080.78661436783
453, 71051.52953739792
452, 71051.52953739792
1325, 71028.34248295457
989, 70876.81360911024
403, 70876.81360911024
1415, 70872.03774622016
851, 70844.25271715199
97, 70609.93458857694
1099, 70446.52993572503
1123, 70355.88325255022
58, 70225.528924337
199, 70107.72896887679
48, 70092.37945074636
572, 70091.95942052155
182, 69916.81402362772
312, 69679.124692825
837, 69664.84438263474
1294, 69596.77486304175
1358, 69579.41976542688
196, 69509.97969913972
1225, 69508.7698095017
50, 69505.06570603387
997, 69376.99627959784
873, 69376.99627959784
568, 69334.14052451403
631, 69085.73541141923
888, 69036.70415203646
1030, 69023.4624048275
680, 68793.27969025132
928, 68763.8991323502
1357, 68727.83587649789
147, 68524.54877553965
789, 68469.38100422276
639, 68365.5470349494
614, 68155.25569700645
1260, 68107.88156327499
1259, 67926.99734125138
651, 67801.14673655629
126, 67773.6262177936
1069, 67546.90210636338
994, 67386.09068259182
349, 67133.23724247908
1038, 66998.92394116249
590, 66857.72121427451
541, 66724.75210856172
1133, 66717.8932836419
573, 66703.52388692816
1377, 66621.52809840448
927, 66581.48157505743
946, 66562.14800687597
181, 66548.69109339094
769, 66419.99448156051
322, 66321.19749226407
1366, 66210.58530402876
655, 65994.68250642263
871, 65670.11465791638
38, 65636.28217831842
869, 65496.70542154712
617, 65360.7308521243
935, 65351.12707784701
1331, 65341.72878232804
253, 65289.33699827501
1073, 65247.87003903182
1132, 65211.79474878267
1142, 65173.48894818219
300, 65093.038169233194
1402, 65048.425075633306
569, 64949.15937857871
448, 64922.278691855376
689, 64908.535796762124
244, 64682.6560046125
602, 64579.46056911091
393, 64353.09323222105
54, 64185.882226804395
648, 64135.974973010845
931, 64130.47689997261
1019, 64068.26255802044
445, 64068.26255802044
9, 63927.675802052894
49, 63906.5031114041
652, 63780.99166923733
947, 63714.533345319105
118, 63705.262470892885
114, 63663.91907118042
641, 63649.085013302756
375, 63643.250585789676
926, 63337.855912607396
1011, 63318.72900958184
1335, 63184.7223459705
1033, 63147.33751317539
1053, 63123.45141870363
585, 63116.805870918404
649, 63046.54675232823
1045, 62798.92549207533
78, 62636.39151820583
489, 62631.26340484399
1227, 62628.51536030372
1226, 62604.45579907642
1153, 62556.419467832435
81, 62457.83060164195
894, 62369.59131344657
1327, 62348.864428985406
797, 62339.09824815849
57, 62335.463773479416
677, 62121.46848325007
616, 62114.95896581031
715, 62114.33614682673
1244, 62104.26486729623
998, 61990.67451010204
385, 61702.5975879252
408, 61469.37375650614
528, 61435.52266219221
1254, 61320.11935187911
197, 61275.480974260485
907, 61270.947997395066
1014, 61148.63409799332
1095, 61030.81691660056
105, 60933.803219628724
103, 60933.803219628724
83, 60930.780344346735
237, 60907.429317628936
1205, 60904.14021686304
104, 60903.601977705
75, 60822.606345556655
671, 60789.136680169475
1207, 60639.32527460917
737, 60631.52896203746
723, 60562.95462857698
779, 60479.031798613025
1289, 60445.50929453654
82, 60445.50929453654
1353, 60360.42441483771
561, 60321.47429688406
979, 60254.95764324911
190, 60164.85159695201
472, 60106.53183860477
1120, 60083.415808310085
543, 60080.025571834085
101, 60078.19015354518
714, 60007.5862097488
1257, 59971.90474796645
100, 59956.06199168473
988, 59920.676735163746
610, 59906.11047681471
1131, 59841.28745765382
1272, 59832.0655753138
319, 59811.30058821269
447, 59757.773413601535
519, 59736.304654195614
884, 59715.62994043459
736, 59709.71370413434
317, 59677.94199010033
476, 59638.318554543126
1047, 59621.94450263866
925, 59566.32238133649
716, 59499.196311871216
376, 59454.68128538111
859, 59411.16162670233
323, 59358.89707382139
1206, 59251.56941112122
1239, 59086.57041119716
1209, 59080.988920243726
1256, 59080.67447908746
79, 59030.12701599364
1270, 59000.383775650225
603, 59000.08876077342
1208, 58978.94645656274
99, 58932.971576178716
355, 58820.6111936994
95, 58790.22327267532
872, 58639.964759356764
843, 58558.51290582416
60, 58459.60828927432
1261, 58438.15235554749
341, 58342.63569437337
467, 58311.12023443608
469, 58286.926622223844
468, 58254.71617133994
171, 58234.36495185338
862, 58187.521851716985
466, 58114.59356061152
1359, 58088.26195029918
392, 58076.90964212771
1355, 58076.223545689885
1383, 58065.13063439182
1212, 58036.60061916256
313, 57976.23934610159
770, 57970.7986915024
329, 57771.48997730537
650, 57759.609407483025
243, 57716.666714748586
1135, 57503.35541549835
394, 57404.89744656062
406, 57399.27056886796
615, 57388.835605160195
294, 57272.402297887595
1276, 57246.98701705606
717, 57185.74883721753
810, 57149.141967052106
324, 57093.36740073261
407, 57082.63543100024
345, 57066.60088986202
1068, 57003.743149429945
1252, 56979.42163151714
678, 56805.52636103263
1356, 56761.03704756522
713, 56613.50614393097
52, 56453.61724719295
1375, 56294.68724095398
1370, 56199.82264704504
1369, 56199.82264704504
1104, 56148.2792538894
629, 56106.445343305146
974, 56015.08449694127
87, 55844.46604293085
499, 55757.117351142406
1291, 55689.013224897906
462, 55665.779694552955
76, 55528.06185441179
642, 55418.603440287094
820, 55338.796592312014
1114, 55334.46685642822
306, 55084.021759412506
430, 55016.150678810016
945, 54946.65009416946
848, 54880.09193451675
255, 54758.41964813669
1213, 54746.82406674085
1332, 54729.899061435506
429, 54707.155128435224
944, 54704.16678798654
792, 54627.543589020854
17, 54593.918574734766
10, 54593.918574734766
640, 54577.0597582437
276, 54562.4651363777
786, 54541.27662456115
1292, 54483.060311735244
1293, 54469.732592481836
1349, 54469.25879017857
803, 54441.319349098885
735, 54344.448121899346
368, 54343.45724217808
436, 54335.34948016398
240, 54299.795781212466
825, 54276.89097467226
1072, 54235.25115657912
121, 54207.97574863393
937, 54178.98689796466
906, 54166.51148482577
262, 54137.930311754455
1194, 54137.88445786456
943, 53981.70772251928
527, 53977.84732251046
816, 53939.445810704514
115, 53878.216420699646
8, 53807.57369329852
439, 53660.666155462786
1384, 53621.809641175
1071, 53560.174605117194
1070, 53560.1742449517
263, 53517.36797524048
257, 53510.97637923662
1107, 53424.04719442293
1315, 53418.84918041113
365, 53418.84918041113
822, 53371.867327070635
838, 53328.694594624096
916, 53294.80096156901
833, 53274.334532184344
793, 53256.29388616766
195, 53243.26789305082
924, 53186.22720783519
982, 53184.908208390516
331, 53164.47421202517
768, 53146.67632721108
1295, 53093.299260112006
201, 52969.03513231538
1326, 52876.3423648929
1339, 52859.772721439615
823, 52707.6052085218
455, 52685.31812204588
1094, 52634.12428614017
1420, 52630.60874785649
542, 52576.938526919555
539, 52576.938526919555
1307, 52576.2477092164
261, 52523.557418122466
721, 52475.57050988537
627, 52446.77850496211
934, 52417.70620609564
236, 52357.767775686814
1418, 52271.78815635682
760, 52264.75246082139
722, 52254.5658034667
456, 52246.06759995538
1278, 52240.93101549619
301, 52208.57693333546
98, 52198.55429687088
893, 52045.56464986177
1215, 52003.311492862544
959, 51997.63911050086
35, 51978.46096465457
941, 51975.07448043967
748, 51940.87697788743
1233, 51925.84659075171
184, 51839.81496097037
183, 51839.81496097037
