234, 99881.80288155835
1182, 99866.19647256729
1178, 99866.19647256729
1181, 99607.39448856366
1180, 99607.39448856366
1179, 99607.39448856366
1177, 99307.68323410087
948, 99123.44599380172
247, 99114.98371748585
1005, 98406.50134263224
874, 98221.15212241303
31, 97789.06352295181
342, 97514.60759761423
1087, 96868.40469981995
207, 96849.28050135363
287, 96772.87842183105
386, 96761.46074741024
203, 96474.47409543522
787, 96422.23156743243
788, 96042.64741154746
1250, 96022.38280860233
1214, 95927.55024740464
726, 95704.06375689444
630, 95660.1696784601
732, 95659.83702857091
132, 95631.0581423766
328, 95626.2172321001
657, 95425.60134246723
371, 95297.83448010455
1000, 95249.64037201811
566, 95180.53638586035
863, 94969.89362926148
1163, 94855.89108055644
405, 94686.58683220377
666, 94529.65760571683
763, 94477.30177556741
59, 94403.21947967955
1416, 94130.17427867155
1354, 94117.51067741195
1322, 93514.34747305693
457, 93183.81087663767
731, 93131.04545036574
1048, 92847.29850579376
493, 92744.9708731067
1319, 92716.53018974417
1309, 92255.23122252226
938, 92003.66538003227
1134, 91493.9573152925
744, 91489.36849060854
567, 91398.92740604011
206, 91326.42144029793
638, 91299.91211457737
225, 91299.91211457737
875, 91178.62640207315
482, 90898.13975008155
679, 90716.84933776276
214, 90584.34970194922
357, 90321.6806256151
591, 89761.6334058101
1091, 89696.45895946865
1090, 89696.45895946865
733, 89476.03454114788
232, 89021.11125372715
1161, 88997.31853322657
402, 88934.584327723
138, 88801.03127831798
1258, 88376.36389091065
245, 88286.71674269033
1124, 88251.73246561205
202, 88031.25316933202
1333, 87694.51905025674
1303, 87552.93771688911
188, 87462.7903613426
588, 87443.22751455937
549, 87338.9008386561
1164, 87315.49122510788
200, 87315.49122510788
1089, 87243.69396154434
1305, 87129.0079475091
849, 87128.34271507167
1238, 86918.46865931465
293, 86874.462534005
337, 86747.56183390853
1367, 86714.02309498446
844, 86671.49084128364
314, 86644.10850983961
1231, 86550.91145911408
1249, 86448.66498171062
718, 86300.71280251474
936, 85863.04745465232
628, 85820.71770899344
1165, 85578.84572339155
520, 85265.00313170819
632, 85260.56557761627
1143, 85254.81939661269
127, 84992.19886534625
453, 84950.37254778389
452, 84950.37254778389
1325, 84917.22880339978
989, 84700.73646567183
403, 84700.73646567183
851, 84654.23963145803
1150, 84362.13989474568
97, 84319.87976037599
174, 84229.43912903861
1099, 84086.96465320874
942, 84058.68512208996
58, 83772.28499187605
199, 83604.70764805228
572, 83582.28276865257
182, 83333.35005911916
312, 82995.90669949456
837, 82975.64720496057
1185, 82915.49677195524
1294, 82879.09869680228
1358, 82854.4883234421
196, 82756.04235963634
50, 82749.07715636595
997, 82567.61485612177
873, 82567.61485612177
7, 82426.14065252103
631, 82155.39955044548
888, 82086.07130706603
1324, 81742.73678042353
680, 81742.15425971431
980, 81710.99597579746
928, 81700.67554835002
1357, 81649.77149203689
1284, 81520.64262377241
1360, 81491.8738833268
147, 81363.01518596895
789, 81285.2506406366
639, 81138.94977607006
0, 80854.9174191365
614, 80842.90593010922
1260, 80776.26052410335
458, 80712.61405324735
668, 80671.09978753103
490, 80644.89950498569
1259, 80521.95315705374
651, 80345.16632853502
126, 80306.52345326336
1145, 80173.4333784278
1115, 80080.87299589269
1069, 79988.39000685755
994, 79762.98189760857
1025, 79633.64963093496
1, 79361.07428703674
1038, 79221.10302320226
734, 79090.643335427
590, 79023.7597806543
541, 78838.06237363319
573, 78808.42863293094
1377, 78693.99795872046
946, 78611.16088213792
181, 78592.3917872759
119, 78539.48743751836
208, 78415.01247690592
1366, 78121.26754802794
778, 78073.66319002099
753, 77702.0700519026
71, 77480.02448411637
213, 76995.74171248173
935, 76927.56659729061
1331, 76914.54405252868
148, 76853.19168293475
1411, 76823.51053720759
892, 76811.9614196507
1073, 76784.52710696842
1350, 76695.67281533341
1142, 76681.53836235538
665, 76615.37592572536
300, 76570.19218946426
1402, 76508.46731006418
1125, 76496.46373909275
448, 76334.01694472437
120, 75870.90849207189
602, 75860.52828221365
393, 75548.35853176704
592, 75326.11756791387
648, 75249.30238647082
931, 75241.73395979645
1368, 75224.93475411933
109, 75148.01252188599
9, 74962.72312595713
49, 74933.61165819097
70, 74776.85085470763
652, 74761.10757064297
118, 74657.08118339145
1301, 74615.16834933776
375, 74571.92941774984
1329, 74482.34814420035
667, 74286.39849763099
926, 74152.9913724913
1335, 73943.18350067134
1033, 73891.98894027063
1053, 73859.28486907369
585, 73850.18674758122
496, 73777.10484810441
649, 73754.01806561566
1045, 73415.3711714584
311, 73324.6028090674
676, 73213.71408037988
489, 73186.33268377781
1226, 73149.7307249407
1405, 73139.89224217323
1153, 73084.15717768752
326, 72840.73718905839
894, 72829.28242576578
1327, 72801.02216998549
797, 72787.70747519689
57, 72782.7526030329
677, 72491.18385274289
616, 72482.31988522172
715, 72481.47181291984
486, 72481.42708259812
1244, 72467.7584740349
998, 72313.14200957185
728, 72061.03329270672
1321, 72051.07852806545
729, 71987.62178550204
385, 71921.44137646611
370, 71841.41611325016
958, 71648.06540221251
1388, 71406.69632529165
1254, 71402.31752978236
197, 71341.8008549185
907, 71335.65626501835
741, 71269.30014555986
1014, 71169.91236890161
983, 71159.67615214812
241, 71046.08123366558
1095, 71010.36455484838
1205, 70838.93153129042
75, 70728.65233162216
671, 70683.3966445613
757, 70536.92200544145
1207, 70480.9299561467
737, 70470.39786251503
723, 70377.77924323271
670, 70270.46773918904
779, 70264.47671243259
1289, 70219.23287034215
82, 70219.23287034215
1353, 70104.4339956177
561, 70051.89884954253
979, 69962.20780591773
582, 69781.71880263728
472, 69762.18544910631
543, 69726.48163482864
101, 69724.00952244639
714, 69628.93195785055
1257, 69580.89578632599
100, 69559.57040991813
211, 69544.12734144315
988, 69511.94608009103
212, 69498.44980076619
610, 69492.34425157665
1131, 69405.13034515604
319, 69364.79575577696
447, 69292.81374480219
884, 69236.15472777688
736, 69228.20177331787
317, 69185.4966547604
497, 69168.75112927047
1047, 69110.24672937802
925, 69035.52349015466
716, 68945.37528316968
376, 68885.61080459377
859, 68827.1963973216
315, 68808.64005580712
323, 68757.06204943806
286, 68651.31906232193
1206, 68613.09923158561
1239, 68391.94022409405
1209, 68384.46238617225
79, 68316.33007717585
603, 68276.100862031
1208, 68247.78955347202
51, 68077.81049283774
355, 68035.8667863616
95, 67995.21472070627
1171, 67736.94821848115
843, 67685.4556573175
1079, 67650.38497977488
193, 67650.38497977488
756, 67605.80372335475
60, 67553.35259428418
1261, 67524.70391288694
904, 67482.48153948125
902, 67482.48153948125
901, 67482.48153948125
900, 67482.48153948125
341, 67397.20655154818
171, 67252.76313403732
1359, 67057.9797038591
392, 67042.85122607405
1355, 67041.93693953348
1212, 66989.14140648882
1034, 66834.7229657762
166, 66733.53711253285
329, 66636.18088207203
650, 66620.37507681678
243, 66563.25281510406
889, 66238.11579759032
897, 66170.27070277535
394, 66148.92845623777
406, 66141.45694030145
615, 66127.6017120199
1328, 66045.97338873103
1279, 66045.97338873103
294, 65973.05712370579
1276, 65939.33553287217
810, 65809.55485724157
324, 65735.60617244495
407, 65721.37970386937
1068, 65616.82369386828
1252, 65584.59918276471
678, 65354.319664538794
360, 65236.69696125166
956, 65207.999101774614
494, 65169.145734495236
446, 64958.57739812242
52, 64888.9551852179
110, 64747.25077564581
1375, 64679.070251197765
1104, 64485.878181717446
629, 64430.70389181367
974, 64310.25149447468
761, 64293.47899226408
1008, 64115.748971232075
87, 64085.459637110675
499, 63970.45512134848
1304, 63885.67784034739
1291, 63880.82509012015
462, 63850.25543473316
1122, 63805.383212054876
1184, 63700.58259613028
76, 63669.129374118325
579, 63573.76718040525
1114, 63414.7364717354
492, 63299.31089963876
498, 63174.5676394165
945, 62905.908175234734
848, 62818.686275580745
1213, 62644.13583027043
1332, 62621.976714269775
944, 62588.29044120884
1292, 62299.02675705664
1293, 62281.60146234568
1349, 62280.982013166606
803, 62244.45671757357
864, 62135.07126568088
735, 62117.85834233568
436, 62105.970891147845
1072, 61975.22917524172
121, 61939.61580638833
937, 61901.77080657846
906, 61885.485907603674
1078, 61874.20981333259
262, 61848.1812315685
1194, 61848.121386729945
332, 61789.07779307002
730, 61727.460454250315
1183, 61663.70867131031
943, 61644.37570575252
870, 61522.57106539681
115, 61509.454766414274
8, 61417.400452265334
1046, 61405.66290221935
439, 61226.07512638688
1071, 61095.28480222135
1070, 61095.28433358763
263, 61039.592697923516
1415, 60928.61003239901
1107, 60918.224278918686
822, 60850.38763214369
838, 60794.27479638217
916, 60750.23118287548
924, 60609.19605966506
982, 60607.483199981216
1123, 60546.73927454093
1295, 60488.54833568327
48, 60351.48776394563
201, 60327.308957262874
1339, 60185.62191609645
823, 59988.43248545495
1225, 59918.316502828486
1420, 59888.714937028344
542, 59819.23082459923
539, 59819.23082459923
568, 59788.506653453114
261, 59750.14039111368
721, 59688.04808721096
627, 59650.80037750235
1030, 59557.34286121845
760, 59415.446446799666
722, 59402.282047364395
301, 59342.858546698044
893, 59132.34100691983
1215, 59077.80367933109
959, 59070.483095190575
35, 59045.73404001205
941, 59041.36410047657
1233, 58977.84887799076
378, 58615.994216325395
1220, 58477.773040834654
952, 58184.31960740796
349, 58144.72452195196
1055, 58013.79192393156
767, 57987.22308279454
1133, 57832.89785312047
578, 57794.38773701507
927, 57730.37157869539
950, 57611.00070716929
769, 57608.926571800745
322, 57534.58849689679
292, 57517.36804154367
738, 57515.79024581126
911, 57311.998465261146
655, 57288.69910816248
996, 57082.71802206505
871, 57043.95773732327
38, 57018.42796337375
336, 56996.44492475134
869, 56913.06768509179
377, 56884.38660354182
440, 56815.346679676746
617, 56810.36993004427
265, 56797.72700890944
296, 56781.389582668395
559, 56759.1046188801
253, 56756.42578392698
66, 56726.182009648626
1154, 56712.082522874094
1132, 56697.81853010823
1275, 56549.48755920872
569, 56499.18067091943
755, 56477.54450791568
689, 56468.43734950643
244, 56297.40358380067
1151, 55950.28624150884
54, 55920.70644716741
1019, 55831.40701189989
445, 55831.40701189989
1021, 55678.7657864815
624, 55660.937088340324
1050, 55577.396450745866
947, 55562.593831855236
114, 55524.09875718528
641, 55512.81511764452
1156, 55400.10414814449
1049, 55329.33277727301
664, 55283.64989418354
1011, 55261.352972905195
344, 55247.14083970795
1064, 55024.475357955
431, 55010.54702641218
1098, 54988.634940191914
1022, 54944.0124738212
1054, 54769.76885990041
78, 54740.909177334506
175, 54739.97981932821
1227, 54734.89339865175
81, 54604.47818172701
839, 54603.74320161636
280, 54571.61271142092
1024, 54337.7704924227
1023, 54337.7704924227
1237, 54337.76852197024
522, 54229.37727651428
340, 54165.80646967177
547, 53936.72385061879
548, 53925.92147989407
408, 53847.46137096654
1129, 53830.18031674292
528, 53821.48279993366
1127, 53795.90335605942
806, 53525.24661056401
1372, 53493.148197362505
105, 53436.02847838525
103, 53436.02847838525
83, 53433.7037369611
966, 53420.191169855905
237, 53415.744679656986
104, 53412.80094658287
707, 53411.444690738615
880, 53340.75028963985
887, 53243.719119112575
896, 53052.70913592039
990, 53038.652687819
746, 52945.66730443025
327, 52905.319165279616
669, 52868.09416349347
190, 52843.75036123506
747, 52816.51062558207
1120, 52780.91727272233
1097, 52656.10349430517
198, 52608.76444042069
1272, 52586.85335290111
