492, 99684.55004835452
579, 99635.76109682684
498, 99375.53249365477
1184, 99325.85632824403
1122, 99072.12336093029
1304, 98879.15687450246
1008, 98333.02433739399
761, 97917.88816123569
110, 96883.78853986588
864, 96827.40209977755
446, 96414.44634612791
1078, 96195.40360725689
332, 95989.7904388723
494, 95954.27352357775
956, 95870.16624839077
730, 95841.16609612042
360, 95808.20176460348
1183, 95687.56586111497
870, 95348.13888436805
1046, 95067.62986922872
1328, 94114.57328602139
1279, 94114.57328602139
1415, 93929.03468205019
897, 93863.3237354173
889, 93727.14512762809
1123, 93024.54877524186
166, 92752.79517543808
48, 92564.44327167858
1034, 92558.0285214736
1225, 91549.33714316104
904, 91343.76492022577
902, 91343.76492022577
901, 91343.76492022577
900, 91343.76492022577
568, 91246.64409824835
756, 91118.78021900434
1079, 91037.92123481637
193, 91037.92123481637
1171, 90881.62949131684
1030, 90709.32088025264
51, 90275.18337928307
286, 89286.08924504998
315, 89021.37767014946
497, 88425.7748404466
212, 87892.72972007746
211, 87819.78187947004
349, 87472.61501429352
582, 87443.8145109783
1133, 86768.79170841591
670, 86688.26880261058
927, 86538.20868980106
757, 86286.16809071058
769, 86265.60539310226
322, 86099.02326152353
655, 85549.53591233438
241, 85536.29357030855
983, 85372.21502748934
741, 85214.96107822002
1388, 85019.36195035503
871, 85004.91978448055
38, 84948.24099933925
869, 84714.59287823984
958, 84679.70897861318
617, 84487.25554120388
370, 84411.20798761449
253, 84368.00217806062
1132, 84238.56509716266
729, 84210.25401129438
1321, 84123.58532503023
728, 84110.0192088745
569, 83800.82855828067
689, 83733.2126427324
486, 83544.43881056474
244, 83357.69428750205
326, 83072.11355183485
1405, 82686.40694765547
676, 82592.25884664016
54, 82534.48090570403
311, 82451.59462423854
1019, 82340.10415110776
445, 82340.10415110776
496, 81886.8366569354
947, 81756.76038605472
114, 81673.44107608468
641, 81649.02891021408
667, 81268.4311916701
1011, 81106.20005098864
1329, 81035.20494029604
1301, 80878.56920212218
70, 80689.45724483652
109, 80261.69390516105
1368, 80174.13201097169
592, 80059.51566091459
78, 79990.03034350023
1227, 79977.18583330963
81, 79699.0512450056
120, 79453.1521126942
1125, 78778.5185110073
665, 78652.80235897558
1350, 78568.35738646772
892, 78446.69403918457
1411, 78434.65176762146
148, 78403.73676137056
213, 78255.93053871937
408, 78096.55486678302
528, 78041.92197369854
71, 77761.93064262917
753, 77539.54331102972
105, 77234.0917673981
103, 77234.0917673981
83, 77229.23535026945
237, 77191.72497132413
104, 77185.57758238175
778, 77173.00515478742
208, 76842.36062847442
119, 76723.20292023076
734, 76204.44075607284
190, 76002.86823308146
1, 75955.06125673861
1120, 75872.96054478601
1025, 75707.04768921675
1272, 75472.58555555588
519, 75320.27951892217
1115, 75307.22080100284
1145, 75225.54980529542
476, 75164.56618421445
490, 74815.15856782699
668, 74792.62346937167
458, 74756.9743789877
0, 74635.3100182264
1256, 74280.92345796351
1270, 74154.04814095188
1360, 74100.67730876613
1284, 74076.90649966536
99, 74047.59190057284
980, 73920.42617808763
1324, 73894.46857150026
872, 73585.60518348851
7, 73344.74516449263
467, 73068.51218157349
469, 73030.52711658578
468, 72979.96762956346
1185, 72961.5786251091
862, 72874.54080971377
466, 72760.18700765498
1383, 72682.66877451084
313, 72543.44199578498
770, 72534.92400533859
942, 72098.756079858
174, 71973.60763810312
1150, 71876.99696040571
1135, 71804.58285738342
717, 71310.03163243362
632, 71237.43217669205
520, 71234.33459858036
345, 71124.85389914109
1356, 70650.82126877698
1249, 70428.70095000217
713, 70422.3978370826
314, 70299.51182625144
1367, 70253.55394276121
337, 70231.55505623919
1305, 69983.50397987453
1370, 69783.43390562455
1369, 69783.43390562455
588, 69782.09262547488
1303, 69712.38119083372
1124, 69275.61803386692
642, 68582.96481669768
733, 68539.44549518531
820, 68460.78119993341
306, 68071.28165755063
430, 67967.66366096008
482, 67727.77936058264
255, 67574.73626952975
638, 67506.43588671379
225, 67506.43588671379
429, 67496.68344047818
206, 67491.95053514566
792, 67375.53860573153
17, 67324.3961880672
10, 67324.3961880672
640, 67298.76007310975
276, 67276.56995404395
786, 67244.35920139262
938, 67126.78365967673
368, 66943.91540053282
240, 66877.6716279452
825, 66842.9300058478
527, 66389.96776464845
1322, 66344.80933655081
816, 66331.88449242637
1354, 66044.52689123282
1416, 66038.29254953287
1384, 65852.17922118683
257, 65685.09986647137
863, 65631.1698401054
1315, 65546.33939385066
365, 65546.33939385066
566, 65530.94646681537
1000, 65498.229908489935
371, 65475.46029312996
833, 65328.89258043143
328, 65321.34207150545
132, 65319.083435345136
793, 65301.76610716461
195, 65282.18240514876
1214, 65181.47815309241
331, 65163.76759734159
768, 65137.031075787134
788, 65128.44443729704
787, 64955.043930970365
203, 64931.35737337898
386, 64802.00042658616
287, 64796.880495791556
207, 64762.671999933395
1326, 64731.42335755775
455, 64445.3717686961
1094, 64368.78958609889
1307, 64282.25050825725
1005, 64084.54956599902
934, 64045.410831367
236, 63955.95364673499
1418, 63827.7095810805
456, 63789.363858526216
247, 63787.61847826153
948, 63784.114023873306
1278, 63781.70693470736
98, 63718.55015687197
1177, 63708.05949470564
1181, 63585.32126134305
1180, 63585.32126134305
1179, 63585.32126134305
1182, 63480.30576446182
1178, 63480.30576446182
234, 63474.00152081276
748, 63335.003567671265
184, 63184.80296493292
183, 63184.80296493292
463, 63049.59534057354
266, 63040.136010436654
1063, 62950.8037147862
477, 62926.84941796073
817, 62719.63854604863
874, 62706.06047556312
31, 62529.67080228878
342, 62417.338661295005
1087, 62151.953213435794
1032, 61926.32923894443
1250, 61802.58099436387
726, 61670.55961188154
630, 61652.33023621911
732, 61652.19206276377
657, 61554.81222368927
1163, 61317.254290076475
405, 61246.463167412556
666, 61180.76651877467
763, 61158.83121896033
59, 61127.778621242935
457, 60614.167123218846
731, 60591.836401345325
1048, 60471.60081540294
493, 60428.17737326287
1319, 60416.102441427145
530, 60384.75322413723
1273, 60374.90813683228
1309, 60219.88980580002
891, 60135.518529517736
438, 60089.328484069236
475, 59962.56755332995
1134, 59894.58904679592
744, 59892.62252237873
567, 59853.850410559186
875, 59759.2964115564
679, 59560.58820285246
214, 59503.443676955045
357, 59389.98985836911
591, 59147.3342597861
1091, 59119.02856819084
1090, 59119.02856819084
808, 59065.7158140108
258, 59064.64397879125
343, 58971.92286872851
125, 58863.33942123941
232, 58824.89299337369
1161, 58814.50289292064
402, 58787.098306268716
138, 58728.713797101125
1258, 58542.66889302977
245, 58503.3176916215
202, 58391.0322683493
1333, 58242.68984654257
188, 58140.38332002195
549, 58085.6124055244
1164, 58075.25729030078
200, 58075.25729030078
1248, 58070.28452840246
1271, 58063.97298763375
1089, 58043.48656136932
849, 57992.40626435767
1222, 57934.70866017296
1238, 57899.352901056234
293, 57879.822559653825
165, 57845.83244139039
844, 57789.65623280014
1231, 57736.02446295263
777, 57724.6608775613
718, 57624.5812553221
936, 57429.11966722622
628, 57410.18017691682
152, 57313.17887707314
1165, 57301.84125980887
1174, 57277.470685296816
150, 57277.470685296816
307, 57238.746755026026
1283, 57191.53621914997
1143, 57156.38638694272
356, 57060.27266850931
127, 57038.22883990909
453, 57019.38827751089
452, 57019.38827751089
1325, 57004.45442639016
465, 56977.8336782243
989, 56906.81334269471
403, 56906.81334269471
851, 56885.82124766071
97, 56734.64351763674
1099, 56629.10110870467
58, 56486.204573247465
199, 56409.96465350443
1119, 56401.51721924199
572, 56399.754830836515
876, 56286.78448875574
182, 56286.29848224783
312, 56132.149828377354
837, 56122.88210794353
1294, 56078.695794417275
1358, 56067.42730563511
196, 56022.32965107682
50, 56019.13760974292
185, 55987.40545112132
281, 55963.50049126225
997, 55935.91512469158
873, 55935.91512469158
22, 55862.10608820469
13, 55862.09821565933
631, 55746.42523942894
888, 55714.495906712305
1347, 55692.04726550088
384, 55666.88047536282
680, 55555.84734641762
928, 55536.68435730629
288, 55534.17150229915
1357, 55513.15838104866
147, 55380.45456180025
940, 55375.304172992604
832, 55375.304172992604
789, 55344.41552502859
720, 55315.69776347305
325, 55291.29386416649
639, 55276.55448188017
235, 55247.34971834324
1235, 55216.086626308206
614, 55138.99688977351
1260, 55107.98573372621
1259, 54989.502955728494
651, 54906.99737246997
126, 54888.947611603275
289, 54816.700259803205
295, 54779.46626148444
1069, 54740.14095295192
1417, 54683.47741685289
89, 54663.6344200545
994, 54634.48014541034
526, 54455.581527052025
1038, 54379.70117082901
590, 54286.64321868731
589, 54248.79130757466
824, 54221.6321334117
248, 54220.40166298995
541, 54198.9439399683
573, 54184.936871146594
1377, 54130.81767490401
946, 54091.60978787986
181, 54082.7225446506
1366, 53859.208829295945
929, 53810.04041136728
73, 53701.092825360145
12, 53552.157568841074
981, 53339.7756602477
935, 53289.11967480437
1331, 53282.87037223226
1073, 53220.44173386552
1142, 53170.94482405419
300, 53117.38541118741
1402, 53087.674128652594
448, 53003.623005859554
485, 52984.52710383256
484, 52886.96547164155
1406, 52857.29124665138
483, 52857.29124665138
602, 52774.90066580348
393, 52623.62880853086
648, 52478.35536561298
931, 52474.67429369919
379, 52408.34654158698
9, 52338.81462500038
49, 52324.62169494962
809, 52320.50168393822
807, 52320.50168393822
1316, 52263.97606008129
637, 52263.97606008129
652, 52240.451174133486
118, 52189.63663688716
375, 52148.01019539635
926, 51942.795335114875
1335, 51839.760693582415
1033, 51814.59300124265
1053, 51798.50993974281
585, 51794.034949960645
649, 51746.71340688336
552, 51706.625603065215
1045, 51579.782523728005
489, 51466.62155662528
1226, 51448.51815684301
1153, 51416.07190999488
894, 51289.79399828647
1327, 51275.77632997517
797, 51269.170852198324
57, 51266.712536242434
677, 51121.87885046132
616, 51117.47038909017
715, 51117.048586817604
1244, 51110.22763530466
998, 51033.26943811453
1026, 50853.763371933004
385, 50837.871753864405
1371, 50826.044419003236
1254, 50577.946282172714
197, 50547.57380688789
907, 50544.48908297716
1014, 50461.223402055555
1095, 50380.96381294138
711, 50373.02972898057
224, 50316.66811723785
1205, 50294.60858305611
742, 50274.554008067076
75, 50238.9940125606
671, 50216.15671167041
1009, 50216.03991276186
1207, 50113.8825179958
737, 50108.55768103275
723, 50061.71156214632
779, 50004.35517853908
1289, 49981.43678625512
82, 49981.43678625512
1353, 49923.246884680695
561, 49896.59927152432
205, 49889.76366975243
979, 49851.07833761306
67, 49849.843088698915
909, 49791.11019387333
1390, 49762.04396534805
472, 49749.43996330576
543, 49731.280014509364
101, 49730.02243226337
714, 49681.63634454624
1257, 49657.17577612664
100, 49646.313550483545
988, 49622.048888998856
1281, 49612.63807341987
610, 49612.058966495046
1131, 49567.59151180469
319, 49547.015449315324
447, 49510.27795513035
884, 49481.34553490871
736, 49477.28334847424
310, 49473.192075175255
317, 49455.466000302586
1047, 49417.00334420104
94, 49384.779804123595
925, 49378.78626950132
716, 49332.64875701109
376, 49302.04259815869
859, 49272.113234512624
80, 49266.99560887932
323, 49236.15993642373
1206, 49162.294323307884
47, 49159.126225619155
1239, 49048.64892306256
37, 49047.69012967631
1209, 49044.802706558345
79, 49009.74797842774
1037, 49007.36059764118
603, 48989.04038059299
1208, 48974.46327634848
355, 48865.23858835098
95, 48844.264651991034
743, 48829.22948775636
359, 48778.030105744976
