408, 100000.0
528, 99910.44182266714
105, 98590.2773059419
103, 98590.2773059419
83, 98582.36398973646
237, 98521.25176135007
104, 98511.23794816555
81, 97490.00913826024
1227, 97077.04495245237
78, 97058.1274402146
190, 96592.8231076691
1120, 96383.09166017828
1272, 95737.91964650164
519, 95492.97307419241
1011, 95464.04038486994
476, 95242.82083679206
641, 94722.811658015
114, 94689.97696001358
947, 94578.22984264408
1256, 93828.48286573257
1019, 93809.40565162156
445, 93809.40565162156
1270, 93626.13586321479
54, 93558.37512019106
99, 93456.49444025951
872, 92721.78276128368
244, 92522.60866007111
689, 92064.33277851656
569, 91982.73082138898
467, 91902.27407514218
469, 91842.191758273
468, 91762.24500581197
862, 91595.63142436036
1132, 91461.06058544348
466, 91415.0498511952
253, 91308.96394110931
1383, 91292.71983316838
617, 91169.69137829599
313, 91073.17643514485
770, 91059.75160573532
869, 90906.44252690159
38, 90638.92079764136
871, 90574.48270618817
655, 89964.23726617378
1135, 89911.67988603115
322, 89364.47844689713
769, 89185.72567244284
717, 89137.6004326167
927, 88896.2152854904
345, 88848.44754757114
1133, 88654.2024122143
1356, 88109.95779599668
349, 87931.31464263289
713, 87754.97332048128
1370, 86764.98643721847
1369, 86764.98643721847
642, 84916.90522869265
1030, 84886.49632187423
820, 84729.67129999757
568, 84421.27745532243
1225, 84163.81868606404
306, 84133.8616701122
430, 83975.6301441434
255, 83376.63508605566
48, 83323.76628712795
429, 83257.84194401259
792, 83073.59157979784
17, 82995.85491076468
10, 82995.85491076468
640, 82956.89826207614
1123, 82954.4281718589
276, 82923.18372491215
786, 82874.25354980867
368, 82418.38460647229
240, 82317.99894012332
825, 82265.36991464534
1415, 82248.15918901347
527, 81580.34454679406
816, 81492.65853799487
1046, 81394.55145962385
870, 81190.04827745304
1183, 80945.55078425692
730, 80835.95802630113
1384, 80769.80629851263
332, 80730.53021054609
1078, 80585.66398191325
257, 80518.59970856662
1315, 80310.19029482266
365, 80310.19029482266
864, 80147.42520289037
833, 79983.99846800527
793, 79943.34023387765
195, 79913.99211177323
331, 79736.61980619047
768, 79696.5913973484
1326, 79090.23812680654
455, 78663.62490346865
1094, 78549.55309221319
498, 78481.70556084883
1307, 78420.72208477513
492, 78290.03705336928
934, 78068.52788601127
236, 77935.64826725092
579, 77874.22556526617
1418, 77745.29632442724
456, 77688.41237210302
1184, 77684.78176850032
1278, 77677.0554952107
98, 77583.40296377485
1122, 77529.4837367739
1304, 77411.26217179067
1008, 77076.128595154
748, 77015.52431355004
761, 76820.84194701228
184, 76793.54208008075
183, 76793.54208008075
463, 76593.91236066184
266, 76579.95284706748
1063, 76448.16594798911
477, 76412.84115888108
110, 76182.8932532055
817, 76107.51298430978
446, 75892.38928972068
494, 75606.97571503179
956, 75554.74699491306
360, 75516.25602343446
1032, 74942.53009519549
1328, 74460.11302884774
1279, 74460.11302884774
897, 74302.75782426415
889, 74217.39707381322
166, 73605.13633203083
1034, 73482.43051952274
904, 72715.020234866
902, 72715.020234866
901, 72715.020234866
900, 72715.020234866
530, 72696.55722340093
1273, 72682.28872629469
756, 72572.37356450692
1079, 72521.07164773361
193, 72521.07164773361
1171, 72421.85798712341
891, 72335.63280018733
438, 72268.81023108125
475, 72085.53369377887
51, 72036.23015493983
286, 71405.032691189
315, 71235.62976413422
497, 70853.73510499367
808, 70793.28779358491
258, 70791.74808092591
343, 70658.5943397714
212, 70511.08388281267
125, 70502.76666366197
211, 70464.12771950163
582, 70221.8746972222
670, 69733.7991333557
757, 69473.36674041553
1248, 69368.09469989591
1271, 69359.08857775074
1222, 69174.72127151741
165, 69048.05134715089
241, 68986.42280834755
983, 68879.65522722779
777, 68875.47420376577
741, 68777.25404781554
1388, 68649.78133937299
958, 68428.1596613284
152, 68290.46910265351
370, 68252.72263351789
1174, 68239.77852571673
150, 68239.77852571673
307, 68184.82054189962
729, 68121.28059219819
1283, 68117.83738609927
1321, 68064.55444706937
728, 68055.6731710977
356, 67931.70928931859
465, 67814.89646257744
486, 67684.9196171121
326, 67374.56639001684
1405, 67120.63305205945
676, 67058.58209127728
1119, 67000.07085750018
311, 66965.82378106989
876, 66838.22920636638
496, 66592.80582142241
185, 66416.5078652917
281, 66382.87027560738
22, 66240.25376052652
13, 66240.24269111523
667, 66183.25032911275
1329, 66028.48941912614
1347, 66001.27297773714
384, 65965.92946118592
1301, 65924.45870065507
70, 65798.75935607369
288, 65779.65454302875
940, 65556.878734204
832, 65556.878734204
109, 65514.03116148566
720, 65473.35473043889
1368, 65455.679366834884
325, 65439.1680887656
592, 65379.26294396429
235, 65377.622105396425
1235, 65333.84750284651
120, 64974.32285116794
289, 64775.424594677825
295, 64723.43926000865
1417, 64589.48077614032
89, 64561.79924852397
1125, 64522.46509532199
665, 64438.107770361596
1350, 64381.41662497623
892, 64299.70065860198
1411, 64291.60990360659
526, 64271.7786799598
148, 64270.83720776365
213, 64171.481066466404
589, 63983.91382319617
824, 63946.13581859256
248, 63944.424413381406
71, 63838.92095003992
753, 63688.963003131495
778, 63441.46714492496
929, 63374.4476293435
73, 63223.38289652496
208, 63217.84842557548
119, 63137.177026349236
12, 63017.04775299909
734, 62785.45022615114
981, 62723.16413778502
1, 62616.06772032401
1025, 62447.419137774
485, 62232.50788696111
1115, 62175.13003393743
1145, 62119.448632936605
484, 62097.96027812722
1406, 62057.053589972376
483, 62057.053589972376
490, 61839.3341878912
668, 61823.93731384492
458, 61799.57715400898
0, 61716.40968626629
379, 61439.145598853494
1360, 61350.38786874648
1284, 61334.09272457474
809, 61318.45308217012
807, 61318.45308217012
1316, 61240.82778767132
637, 61240.82778767132
980, 61226.778871703755
1324, 61208.96965843721
7, 60831.305732939996
1185, 60567.49582199844
552, 60476.972979296275
942, 59971.71627978222
174, 59885.101965059876
1150, 59818.203817177266
632, 59374.57449834349
520, 59372.42265862639
1026, 59313.50818815032
1371, 59275.80322932097
1249, 58811.701349807874
314, 58721.58875285439
1367, 58689.51884161851
337, 58674.165334834026
711, 58660.553396559335
224, 58584.13469900319
742, 58527.052041173556
1305, 58500.935425201715
1009, 58447.76643037472
588, 58360.12872227688
1303, 58311.362451674606
205, 58006.222369170326
1124, 58005.46365989428
67, 57952.26303344605
909, 57872.90124324498
1390, 57833.637253772205
1281, 57631.93030216801
733, 57488.44280062637
310, 57443.84689460122
94, 57324.68574322992
80, 57166.04393929076
47, 57020.862905101545
482, 56916.322471791515
37, 56870.988409046
1037, 56816.77450765143
638, 56759.92369922804
225, 56759.92369922804
206, 56749.682822865645
743, 56577.48766289395
359, 56508.76182547931
938, 56491.285237311684
999, 56240.60435132819
259, 56059.46395047982
890, 56054.0622442295
1322, 55936.44743881795
1354, 55722.84102373756
1416, 55718.40299772321
710, 55634.53147850301
863, 55428.301761334056
566, 55356.80028944634
1000, 55333.4522535075
371, 55317.20067568073
328, 55207.15426406261
132, 55205.540912081786
113, 55192.64855122255
1214, 55107.216363313506
788, 55069.30449282121
787, 54945.28020009907
203, 54928.33052500106
386, 54835.731395978284
287, 54832.065164993495
207, 54807.56718644868
260, 54377.34170194486
1001, 54352.59077134819
1005, 54321.11604555332
247, 54107.618420733364
948, 54105.09686777395
223, 54084.913590643206
1177, 54050.363146939504
1181, 53961.99104134686
1180, 53961.99104134686
1179, 53961.99104134686
1182, 53886.338390307756
1178, 53886.338390307756
234, 53881.79564031721
338, 53857.753519451915
335, 53796.16764837094
577, 53732.089209479316
1412, 53680.50512798541
1221, 53479.05971180458
874, 53327.40612791491
31, 53199.78052783899
342, 53118.44732789399
1223, 53036.88572221711
1062, 52981.32831982142
819, 52964.48710311387
1087, 52926.12374722729
1247, 52919.761125189645
1277, 52847.22900352421
1250, 52672.56329598111
1282, 52635.73154786958
726, 52576.63714189992
630, 52563.386999185044
732, 52563.286562480745
657, 52492.48576163244
1163, 52319.6289004228
405, 52268.08036970693
666, 52220.22589165094
763, 52204.244520227774
59, 52181.617701375304
850, 52038.709633228165
457, 51806.88036828811
731, 51790.566663109224
1048, 51702.698546561456
493, 51670.9522577993
1319, 51662.12326414961
960, 51615.42550337475
290, 51598.62541466744
1376, 51542.07290554221
611, 51535.21477477544
1309, 51518.58407779964
1134, 51280.31257012687
744, 51278.871027323024
567, 51250.44670345754
563, 51248.72094440667
875, 51181.10577513768
90, 51151.2421797041
679, 51035.28092826494
214, 50993.3188158227
357, 50909.973745504714
719, 50889.242651117194
752, 50768.08621310739
1176, 50750.64984814194
591, 50731.56218262153
1091, 50710.73696908579
1090, 50710.73696908579
1083, 50675.709436265126
232, 50494.165997537886
1161, 50486.510194969545
402, 50466.315664846006
1051, 50455.94286202596
138, 50423.2830398845
1258, 50286.07686858608
245, 50257.04000900224
202, 50174.15543507708
1333, 50064.586235244926
623, 50055.21153210635
1121, 50014.73332241
188, 49988.974555816516
549, 49948.47968378976
1164, 49940.82242747688
200, 49940.82242747688
1089, 49917.326664443826
849, 49879.54313026451
1238, 49810.68864300744
293, 49796.23331425338
844, 49729.47928560185
1231, 49689.75958658707
16, 49610.136521789536
718, 49607.19183021529
936, 49462.267884429
628, 49448.218027909985
1165, 49367.82439816767
1175, 49301.79263095383
1143, 49259.822406408384
949, 49174.87999469139
127, 49172.03308771794
453, 49158.0301900627
452, 49158.0301900627
1325, 49146.92997645104
989, 49074.3343691712
403, 49074.3343691712
851, 49058.722383776854
1010, 48965.95094087202
97, 48946.24348455109
1099, 48867.66927941071
58, 48761.221687533056
199, 48704.39831984887
572, 48696.7871108707
857, 48622.28210003968
182, 48612.1824430689
826, 48497.394395187686
312, 48497.15888767243
837, 48490.240706671015
1294, 48457.25217216263
1358, 48448.83823442419
196, 48415.1601870999
50, 48412.776153986386
1031, 48372.00954924166
997, 48350.60693224265
873, 48350.60693224265
334, 48277.43611741331
631, 48208.95974587252
888, 48185.079161457485
531, 48177.08626494137
877, 48120.23088494941
576, 48107.31460037204
14, 48107.30356486681
680, 48066.36786808875
928, 48052.02267137134
1357, 48034.409567367744
18, 47945.01302917382
560, 47944.26220068405
147, 47935.02101887406
789, 47908.01851827734
525, 47876.38292388448
639, 47857.16032878313
1343, 47850.25501121484
614, 47754.01689779305
1260, 47730.75459163907
1259, 47641.84517298716
651, 47579.902780785065
126, 47566.34832092294
1069, 47454.55669258613
994, 47375.12944200915
140, 47319.332088875366
1038, 47183.43922157625
590, 47113.365141464266
537, 47059.05581154598
541, 47047.2971638511
573, 47036.74236937774
1377, 46995.954981391034
946, 46966.39891142942
181, 46959.698658802714
432, 46949.95988077737
275, 46871.96999670187
1366, 46791.09222358731
538, 46671.03211383049
814, 46557.3328074804
570, 46384.037215037955
935, 46360.215638750415
1331, 46355.485738546224
1073, 46308.22755005534
1142, 46270.7483842551
921, 46243.8000464536
300, 46230.18288031543
1402, 46207.675199830985
448, 46143.98487268503
602, 45970.536482610485
393, 45855.715049307604
474, 45825.276843781765
648, 45745.36670945546
931, 45742.569583617355
1330, 45734.53280673472
186, 45693.8729773489
36, 45693.8729773489
1378, 45642.76344226112
9, 45639.299045468775
49, 45628.506663595894
226, 45576.543918299
652, 45564.48753715548
118, 45525.825823018524
375, 45494.14761283202
800, 45444.77472797633
926, 45337.88232720592
