1217, 99820.79821834146
1216, 99820.79821834146
29, 99440.16152758006
131, 98566.17029001834
536, 98338.48465942263
535, 98338.48465942263
836, 98318.28850738336
534, 98264.60294680837
780, 97634.226925391
395, 97338.5891587493
557, 97082.48786601337
847, 96772.48372870644
1310, 95258.36158164425
56, 95222.85949878047
1112, 95124.0904762569
1306, 94681.28483442415
596, 94551.51423645661
1137, 94334.61221945097
605, 94216.53765960198
977, 93722.63173581545
618, 93719.95377272787
1012, 93665.50340118782
1013, 93579.11342875252
1052, 93202.31774714762
598, 92247.91755328719
178, 91913.89404337974
581, 91262.68557775753
622, 90790.442051465
621, 90790.442051465
1111, 90766.65538455837
106, 90731.86855388118
221, 90346.22763201452
381, 89737.02441098126
771, 89736.75473677012
478, 89496.82660288371
173, 89020.70932213114
278, 88994.31375734085
450, 88882.85663170184
449, 88882.85663170184
597, 88759.21359555973
215, 88720.02602926118
790, 88600.51868840793
1363, 88546.92875677446
279, 88221.36444372479
978, 87693.0994753065
800, 87654.12170608716
380, 87490.727200182
584, 87334.58919826297
226, 87168.03011634531
107, 87093.27890489927
1378, 86926.82651351043
186, 86742.0462775091
36, 86742.0462775091
299, 86687.59644783653
1330, 86595.89913650893
354, 86483.73364358439
220, 86420.62373342091
474, 86272.42609719893
30, 85933.02462156568
231, 85313.50955993237
921, 84827.09438934556
153, 84406.895189284
570, 84359.24255518358
781, 84339.79645565378
867, 84250.09083462766
1224, 83961.42608278451
885, 83828.33923982401
814, 83792.00350041095
538, 83426.2171932889
275, 82791.77659841078
432, 82549.56672510189
537, 82214.45233026777
1169, 81984.21308852333
1200, 81585.6384854667
140, 81431.93191343175
252, 80853.61287166295
1274, 80666.77090645801
277, 80622.90433823735
930, 80295.93626397855
509, 80072.34113806447
488, 80000.60184591249
1343, 79906.18069691572
525, 79833.42545911888
204, 79736.03411834007
433, 79722.4893095671
1201, 79674.76069209246
560, 79645.39652769706
18, 79643.32461848091
495, 79545.67380243441
14, 79199.50084361789
576, 79199.47093372788
877, 79164.48838259668
531, 79011.08964197364
1204, 78960.77902666028
334, 78742.66020285826
540, 78698.58682907812
1031, 78492.35592722296
1342, 78196.63020204028
826, 78164.43504591555
517, 77967.04451383869
846, 77964.46160545417
857, 77842.1870964863
971, 77777.9123777013
1010, 76977.24306016068
1040, 76809.93073496976
949, 76466.50884763479
827, 76422.50317184463
1290, 76318.83453831135
1175, 76161.64465194827
858, 75733.52435374427
347, 75558.56994212254
116, 75472.36550150435
16, 75437.33401851363
1121, 74520.65548197294
623, 74430.97366390032
367, 74419.12585834973
222, 73718.48139410629
1051, 73562.21298417212
1083, 73100.02168413294
1176, 72944.64510620033
752, 72908.65392942006
719, 72660.22308026822
583, 72627.15520849
90, 72132.69302138983
563, 71939.73103655856
853, 71406.63216545216
1346, 71388.15092987171
611, 71382.68658638111
1376, 71369.53295901383
290, 71261.38483808597
960, 71229.3658747648
361, 71129.36201796644
972, 71115.98171006687
967, 71115.98171006687
1155, 70776.3054111587
415, 70667.9232323596
969, 70508.88210089688
420, 70463.5485766541
850, 70438.69393283565
1287, 70140.61945261584
776, 69909.04951033642
1282, 69373.59829395798
1066, 69335.47921660508
772, 69265.51927519211
762, 69128.489897498
1277, 69009.59445839444
1247, 68886.3030995139
819, 68810.66409117979
565, 68804.42787756602
1062, 68782.25887921767
1223, 68688.84665064965
1189, 68465.68619224345
1191, 68067.85949781146
304, 67982.16008588122
1221, 67961.10360916393
1412, 67638.54272721766
577, 67556.82263679118
335, 67455.80077342
338, 67359.21840364202
223, 67007.23163664428
970, 66604.10554473511
1001, 66600.86643200106
260, 66563.74105170331
346, 66172.6262050531
802, 66151.12898785611
801, 66151.12898785611
783, 66072.49995866569
1017, 65655.57857579947
441, 65587.78115315519
113, 65381.477406470156
86, 65020.88098850231
601, 64951.19718905263
1407, 64948.70659575567
1408, 64940.744161448594
1409, 64920.88738310296
1065, 64920.88738310296
85, 64920.88738310296
1016, 64863.00644130909
710, 64772.047298008685
968, 64380.311498571195
890, 64212.52211121978
259, 64205.435045625636
999, 63969.462812949874
1015, 63894.51615168932
574, 63750.025707352455
1300, 63710.51998332446
122, 63708.727945262835
359, 63626.0379608991
1410, 63623.28550411859
743, 63539.13456136985
903, 63518.93701693693
647, 63515.161546252144
42, 63314.64343852661
1037, 63240.02388845632
37, 63172.99426227214
47, 62989.08654804196
80, 62812.86788790759
94, 62622.44617426337
187, 62593.01119785901
310, 62480.85815501901
993, 62394.03811066192
1281, 62259.854787256256
1390, 62026.15401367994
909, 61981.054435826685
410, 61972.092072315085
1027, 61927.702408145844
67, 61890.283412181925
205, 61828.85980452185
267, 61434.625151081156
167, 61421.42079103805
417, 61420.9837522712
1009, 61334.969008109685
419, 61279.45550065076
742, 61247.89888625606
224, 61185.50999093593
553, 61164.6743625475
711, 61102.37571154068
72, 61062.941108393345
390, 60920.46203140301
434, 60882.98618706837
26, 60779.96983846235
168, 60524.360013302634
1371, 60448.83308560785
1026, 60409.67136126617
1323, 60173.543135879714
1113, 59334.17575760724
233, 59334.00119281501
552, 59248.76979198828
442, 59203.104684754704
856, 58890.75739614754
854, 58890.75739614754
1059, 58829.51360273402
454, 58772.78381759531
855, 58763.35166320873
555, 58655.042114450815
1316, 58533.510306221484
637, 58533.510306221484
554, 58512.4599306676
809, 58462.771945498636
807, 58462.771945498636
709, 58454.63058074407
379, 58353.479499436755
571, 58267.177665960335
1018, 58025.2221447946
154, 58025.2221447946
437, 57986.27804859273
1232, 57931.717645202996
1088, 57909.54099027784
1400, 57886.70324800636
1406, 57806.79951316026
483, 57806.79951316026
155, 57783.62480453478
484, 57771.349429033784
391, 57719.433530434086
409, 57696.22132201991
485, 57655.38261753077
1102, 57522.0304251855
1106, 57522.02935902824
1105, 57522.02935902824
922, 57253.316400769894
981, 57240.5473121816
1056, 57042.76643386557
264, 57022.860325140886
12, 56997.96869400282
73, 56830.21345700384
929, 56708.70676413039
149, 56380.31759131335
124, 56379.643210857634
861, 56294.718483505676
1395, 56266.73964255957
248, 56259.972168258595
824, 56258.647446524665
401, 56247.12673909596
589, 56229.43910179405
151, 56179.89310951374
1101, 56115.58748829987
526, 56008.98459668591
89, 55790.58518123767
1417, 55769.93073020416
295, 55670.44251904349
289, 55632.04009410561
607, 55605.76760382121
1110, 55467.90854467158
1108, 55467.90854467158
1081, 55236.657151698906
1235, 55226.63584318445
1109, 55218.38281591968
235, 55195.39618305349
1397, 55180.615227544724
325, 55151.604278858955
1288, 55132.60717756582
720, 55127.34492091176
940, 55068.270842059675
832, 55068.270842059675
288, 54912.054198272774
384, 54782.915638154605
1347, 54758.563620493784
13, 54595.15506638908
22, 54595.14754689243
1399, 54591.26269331319
281, 54498.646601676126
1086, 54498.48199899774
1234, 54490.75406230622
451, 54489.339353016396
185, 54475.99579360619
564, 54373.49820580505
1085, 54310.66169370707
562, 54292.430317152815
860, 54279.360868331416
876, 54195.52142219081
992, 54173.34225439252
673, 54167.83908958429
302, 54125.19791663822
866, 54092.504645193825
1119, 54089.57968039731
700, 53990.75118253882
1061, 53758.42932783832
1039, 53638.649531934476
465, 53569.94383662281
356, 53497.27541231721
1283, 53382.40495702496
307, 53341.33926909177
1174, 53307.75315375999
150, 53307.75315375999
1344, 53291.92710618259
152, 53276.86026429968
501, 52975.76903256922
777, 52926.153686488775
165, 52824.69841734777
815, 52771.35168760089
1222, 52750.79904741616
1317, 52749.638207694974
1228, 52664.26033435982
865, 52664.26033435982
1404, 52650.88413403182
1271, 52644.08741613131
1248, 52638.90023876896
139, 52625.27285722655
1188, 52583.45257031929
674, 52580.76011490468
1190, 52562.35279761451
794, 52340.80675451003
273, 52229.40483639704
852, 52073.15492278484
796, 52016.46472012527
125, 52003.794208459665
343, 51919.336827799736
258, 51847.67890770325
808, 51846.85302821264
831, 51596.20528639216
256, 51391.756411026865
1074, 51239.04184345084
475, 51174.98330139256
438, 51083.01417258299
891, 51049.68001239856
1273, 50878.424551702825
530, 50871.43509470459
362, 50869.616131440685
227, 50479.370310254446
1245, 50098.833380766795
1396, 49837.09510997686
1032, 49826.482638490896
1077, 49752.242032713926
274, 49651.25475382723
271, 49651.25475382723
817, 49324.50241403283
477, 49197.100713340435
1063, 49182.46897266141
266, 49128.0775810217
463, 49122.33417256544
184, 49040.574191017986
183, 49040.574191017986
748, 48950.47359062318
1314, 48907.31875306929
1080, 48840.76717959373
98, 48723.79710837593
1278, 48686.93234256698
456, 48682.47172542466
1418, 48660.16141774039
654, 48656.19689679433
828, 48627.84614030273
236, 48585.88845770043
481, 48552.826416429925
1162, 48547.84161160904
829, 48547.84161160904
934, 48534.38861019207
1307, 48399.25492813997
1094, 48350.31269170726
455, 48307.19338625631
740, 48266.09972441088
739, 48240.585287871814
1060, 48203.96351118531
123, 48190.696653778745
1326, 48147.706534531535
765, 48147.03462513096
515, 48147.03462513096
514, 48147.03462513096
502, 48135.82859138672
690, 48076.80228613231
141, 48068.77949193746
768, 47925.72981241555
331, 47911.26618778558
195, 47847.45429183329
793, 47836.939578804
833, 47822.39310250997
932, 47805.14485233216
1315, 47706.53976976235
365, 47706.53976976235
257, 47633.30133342622
133, 47621.28951319285
1384, 47545.821326336
816, 47298.85090231516
527, 47269.362135358846
74, 47134.99205579441
1172, 47062.45585475918
825, 47042.389666659255
240, 47025.197386845
368, 46992.50008011911
6, 46970.88192944431
269, 46923.57891197417
516, 46849.01498985445
786, 46845.57585421628
276, 46829.95612483952
640, 46819.21037899843
17, 46806.81083205625
10, 46806.81083205625
792, 46782.12228630741
429, 46723.89330911489
255, 46686.563756126125
1029, 46558.470896015795
661, 46535.556924137694
430, 46500.8353768506
306, 46452.45843842018
1035, 46355.76677526271
353, 46320.76118595656
820, 46272.8049299299
642, 46217.1525320631
145, 45947.874197978286
1004, 45933.866327714204
1147, 45915.33777260607
464, 45915.33777260607
1373, 45905.70502607148
1003, 45887.67807795138
369, 45798.792681197934
1370, 45687.509745786185
1369, 45687.509745786185
919, 45615.84596645336
503, 45568.30517334364
5, 45554.734986261145
1199, 45511.663220093076
1334, 45495.288273218364
713, 45417.71346917561
1356, 45323.2076538024
19, 45285.65460026804
142, 45142.27646812822
345, 45130.25176796008
93, 45113.96463332287
717, 45056.01188964356
1302, 45019.425278994364
920, 44997.2473134835
1135, 44860.790160208926
770, 44580.35216127811
313, 44577.13518780507
830, 44550.13636757943
1383, 44524.72603225874
466, 44495.68591570109
862, 44453.02794169042
468, 44413.8905593148
469, 44395.1859235994
467, 44381.16060587215
745, 44292.15252165285
872, 44192.53826433721
45, 44176.14110895514
43, 44165.73314786044
99, 44027.57040061381
701, 44005.11150236214
1270, 43990.02089623999
1256, 43945.49286543105
476, 43641.960609302
519, 43589.63813854779
1272, 43538.78993853798
1120, 43406.65327456188
190, 43364.24935741285
399, 43205.26508311642
546, 43026.05342763335
104, 42988.41613581081
237, 42986.509501459215
83, 42974.88576155655
105, 42973.38213679263
103, 42973.38213679263
840, 42727.7365815281
528, 42727.29550189134
408, 42710.93717539497
1075, 42708.851951082055
1076, 42631.84537030742
238, 42621.03476083302
1414, 42600.97699051151
134, 42576.0047758014
558, 42520.217692487706
1057, 42467.60241100219
