417, 100000.0
167, 99998.84154730383
267, 99963.86134804222
419, 99625.38815763309
553, 99322.36762924718
72, 99054.38581473165
1027, 98685.32700216754
390, 98680.00545218223
434, 98581.71353187258
410, 98572.81199171301
26, 98311.9071547845
168, 97644.88161733841
993, 97523.78812164578
187, 97041.62496464838
1323, 96735.01470168642
42, 95356.64424019224
647, 94905.39768704616
903, 94896.96950843118
1410, 94665.01186890539
1113, 94584.00199381828
233, 94583.55840413118
122, 94476.48561180613
1300, 94472.5449742614
574, 94385.81267770339
442, 94251.37091841454
1015, 94070.85153932222
856, 93462.20230470618
854, 93462.20230470618
1059, 93308.04121617373
454, 93165.41039158034
855, 93141.7115566555
968, 93037.26062934592
555, 92869.89618622955
554, 92512.9612181625
709, 92368.48132263034
1016, 92047.36168739782
1409, 91931.04885621528
1065, 91931.04885621528
85, 91931.04885621528
571, 91901.29006611655
1408, 91891.2616441239
1407, 91875.32374068725
601, 91870.34041403553
86, 91731.286051017
1018, 91300.82045861013
154, 91300.82045861013
437, 91204.43972138765
1232, 91069.53565659338
1088, 91014.74400583578
1400, 90958.34408092799
155, 90704.09832662506
441, 90626.18504205627
391, 90546.02977406145
1017, 90497.06109688879
409, 90488.91981532451
1102, 90061.18270943544
1106, 90061.18009590148
1105, 90061.18009590148
783, 89716.7463968733
802, 89572.17859876264
801, 89572.17859876264
346, 89532.79441132076
922, 89404.20434752745
1056, 88891.8459986998
264, 88843.51514654093
970, 88754.8388079198
149, 87293.50982372949
124, 87291.89319235682
861, 87088.48014298921
1395, 87021.53828158168
401, 86974.63435890664
151, 86813.9818198132
1101, 86660.52171489951
304, 86420.41955512678
1191, 86282.32422456553
1189, 85651.4606228734
607, 85450.62043668322
565, 85127.1577979003
1110, 85125.49678889879
1108, 85125.49678889879
762, 84636.27327151592
1081, 84582.05495071976
1109, 84539.21322431108
1397, 84450.71988364404
772, 84431.76920750526
1288, 84338.32479773398
1066, 84328.05105455514
776, 83494.88861252487
1287, 83166.95202892715
1399, 83078.08413264297
1086, 82863.40032153098
1234, 82845.53593139496
451, 82842.26588491288
420, 82717.46093909298
969, 82655.07627100663
564, 82574.80298576721
415, 82437.58686830339
1085, 82429.96836691053
562, 82387.9785418873
860, 82357.88645517535
1155, 82290.58492354021
992, 82114.05795121485
673, 82101.4148523415
302, 82003.49491255348
866, 81928.472847643
972, 81836.11484083482
967, 81836.11484083482
361, 81818.40372230297
700, 81695.27500152506
1346, 81478.64904850506
853, 81454.58738289116
1061, 81164.52826463961
1039, 80891.80013673025
1344, 80105.82058769879
583, 79922.46721407061
501, 79393.59898136911
815, 78935.35233416305
1317, 78886.78016380066
1228, 78695.98530576956
865, 78695.98530576956
1404, 78666.12106897749
222, 78641.3205727629
139, 78608.96123028993
1188, 78515.68477588514
674, 78509.68199897467
1190, 78468.65136303553
794, 77975.92532381858
367, 77859.33589556873
273, 77728.9347198784
852, 77383.37651483862
796, 77258.25101238365
116, 76738.91545626846
347, 76649.9982615209
858, 76470.78888847124
831, 76334.77382362245
256, 75888.12136582412
1290, 75883.15459707075
827, 75780.94309547883
1074, 75555.59473172486
1040, 75403.80089855586
362, 74755.06966098631
971, 74493.66541290842
846, 74323.3378084084
517, 74320.99067410112
1342, 74113.56862641184
227, 73915.33692597634
540, 73668.23120693488
1204, 73439.95845720255
1245, 73102.28037476745
495, 72941.12607408392
1201, 72832.9216545749
433, 72793.08387847699
204, 72781.79501354188
488, 72562.75396927189
1396, 72546.33350614221
509, 72503.8348777891
1077, 72366.6714830477
930, 72321.48119886169
274, 72153.21072637475
271, 72153.21072637475
277, 72058.26992500239
1274, 72023.26435284632
252, 71874.96789140072
1200, 71306.22206715836
1169, 71004.5194393406
1314, 70592.76964202787
1080, 70454.19967808513
654, 70070.77071021807
828, 70011.98784366583
481, 69856.58617505066
1162, 69846.26772947561
829, 69846.26772947561
885, 69676.98776643671
1224, 69585.30844753393
867, 69388.27171392726
781, 69327.5409705147
153, 69282.26875517717
740, 69264.57496074372
739, 69212.0429469353
1060, 69136.68408910246
123, 69109.39633748024
765, 69019.63673300335
515, 69019.63673300335
514, 69019.63673300335
502, 68996.6109526195
690, 68875.4023396383
141, 68858.93772956022
231, 68683.16879621556
932, 68319.21843116208
30, 68286.8348510462
220, 67982.03373888636
133, 67944.33469774615
354, 67943.03192452817
299, 67817.7366141798
107, 67571.50065232522
584, 67426.9559954884
380, 67334.1813192749
978, 67214.80337821161
74, 66958.69622167756
279, 66907.72177744163
1172, 66812.41084518905
6, 66628.00169733536
269, 66532.86194964383
450, 66532.1948891815
449, 66532.1948891815
278, 66469.88107584175
516, 66383.0554713331
478, 66192.2874023323
771, 66061.6522664959
1029, 65801.21486255822
661, 65755.45523803908
221, 65735.19869459144
106, 65532.53861633442
1111, 65514.40341178495
622, 65502.01662707731
621, 65502.01662707731
1035, 65397.05590463061
353, 65327.40743837462
581, 65258.390608455906
145, 64588.169045030154
1004, 64560.49367086539
1147, 64523.89728470361
464, 64523.89728470361
1373, 64504.87604476824
1003, 64469.28793817274
369, 64293.97923305968
1013, 64123.381408013614
1012, 64082.88064741679
618, 64057.41817528924
919, 63934.01682484602
503, 63840.66620317651
5, 63814.03424832588
1137, 63773.404174050054
1199, 63729.54655009826
1334, 63697.44296024117
56, 63373.76257247425
1310, 63358.047340959645
19, 63287.26502079731
142, 63007.593635448364
93, 62952.452067744394
1302, 62768.52051636127
920, 62725.416151117366
557, 62576.02234556061
780, 62348.91686852036
534, 62094.536966573585
836, 62073.11876319965
830, 61859.9827287457
29, 61634.110924485874
745, 61363.68995735238
1217, 61353.33244245277
1216, 61353.33244245277
45, 61141.24023753899
43, 61121.30509696115
131, 60877.05738493403
701, 60814.1112700469
536, 60790.12713429797
535, 60790.12713429797
395, 60406.5408467784
847, 60188.039283606
1112, 59546.26378047713
1306, 59372.444506022606
596, 59321.38931345239
399, 59297.0461297775
605, 59189.35896741368
977, 58994.048976237355
546, 58960.00057465124
1052, 58787.46944627159
598, 58406.3230065719
840, 58401.25252558074
1075, 58365.97788207866
178, 58272.24396198342
1076, 58222.25543518791
238, 58202.09408126279
1414, 58164.69704491437
134, 58118.15516880261
558, 58014.254150471446
1057, 57916.351469601934
381, 57389.622065440584
173, 57095.803699086726
597, 56988.12033293946
1313, 56973.37697107907
215, 56971.96340805215
1136, 56955.25795106139
418, 56928.68794838667
790, 56922.659309133094
471, 56910.861060413954
1363, 56900.53473268553
423, 56822.924878849546
424, 56811.84197502187
1028, 56676.209020685084
800, 56530.526705363736
659, 56501.5633322282
1382, 56378.28640170087
834, 56366.00412732797
1398, 56352.63982437626
1044, 56332.67846265167
226, 56327.94720804355
1378, 56227.12816739531
186, 56149.75937270208
36, 56149.75937270208
1330, 56088.484144519
270, 55959.2438548107
268, 55959.2438548107
474, 55952.601890709055
309, 55409.23869550958
921, 55341.0565509042
570, 55141.54527210026
868, 54932.538237155204
814, 54898.620812739544
538, 54741.36764773765
64, 54646.40467325717
645, 54558.44600185955
644, 54558.44600185955
63, 54558.44600185955
250, 54494.481333871416
275, 54467.49148925978
61, 54384.21438108118
432, 54362.554868284155
504, 54348.48864716337
500, 54277.91617857
537, 54217.02048053495
228, 54068.62108153998
1403, 54051.05478457019
398, 53967.00650515723
545, 53953.237159141376
1002, 53945.534498062894
600, 53910.543002946964
835, 53875.92667517752
140, 53875.60705501325
397, 53867.25668920217
172, 53799.79364272999
556, 53787.10899023851
759, 53740.73952467433
1401, 53734.45222949268
366, 53681.200515406854
444, 53673.50756503952
1058, 53489.776437527726
699, 53431.91072459137
1343, 53203.49611887406
525, 53171.232281162964
560, 53087.758449586574
18, 53086.83791118921
194, 52969.20924840459
619, 52968.38173307055
905, 52966.38419721254
899, 52966.38419721254
14, 52889.28053277554
576, 52889.26719432754
877, 52873.66427918311
749, 52862.35536765925
192, 52856.8705630542
191, 52856.8705630542
531, 52805.191278101534
1264, 52761.29359932603
1263, 52761.29359932603
460, 52724.004987394736
334, 52685.159309801165
209, 52670.798388399766
1031, 52572.988002967904
249, 52520.1817289516
826, 52425.675634581414
1043, 52370.84676836182
330, 52358.751436449966
857, 52280.51467511471
180, 52221.22912391823
604, 52188.044702573134
1010, 51888.930439684824
620, 51762.55284767397
1170, 51722.197679883095
949, 51656.35715282132
305, 51566.34437574665
1173, 51546.26587438189
1175, 51517.0499384892
704, 51480.506160346726
702, 51480.506160346726
594, 51341.46401973162
782, 51224.58260542216
16, 51184.62566173296
216, 51138.634017395256
161, 51122.14473116939
160, 51119.26834350553
159, 51115.07096633532
210, 50911.32955315185
146, 50911.32955315185
1152, 50807.146431491936
1121, 50760.959847865764
623, 50719.33262928541
1240, 50713.973624014616
88, 50352.11575871296
1051, 50314.42337685381
170, 50303.141546265695
53, 50303.141546265695
218, 50295.401757843916
158, 50178.09772759558
157, 50178.09772759558
1083, 50097.772529864815
1176, 50024.74645746824
1067, 50019.42143356627
752, 50007.81687128725
169, 50002.675514966635
719, 49890.81623556415
285, 49673.364149298
90, 49641.53810671154
1036, 49614.526837055004
563, 49550.07197330234
518, 49373.76524027129
696, 49295.943598523714
611, 49285.16787177944
1376, 49278.89715753368
290, 49227.31268742958
705, 49217.49508262746
703, 49217.49508262746
960, 49212.03099874674
459, 49172.0254587335
908, 49028.5575549677
850, 48833.31517439083
775, 48436.194169349365
575, 48356.48703478825
1282, 48319.0141799653
421, 48289.41758288999
427, 48242.71443688728
1262, 48187.16506204701
1277, 48142.147595718576
1247, 48082.11331751301
819, 48045.250272499805
1062, 48031.40053439604
1223, 47985.83050165331
1221, 47629.526504597954
915, 47501.0657363096
1412, 47470.86905104479
512, 47434.253834113915
577, 47430.60187262216
335, 47380.78370691326
108, 47371.768550927925
338, 47333.11330357037
643, 47277.76013332725
177, 47264.55788758531
223, 47159.037812934585
1413, 47147.32157197746
1255, 47100.65181751082
1348, 47092.7184062797
613, 47033.57239008668
1001, 46957.394471263186
260, 46938.936220418116
272, 46930.61619970255
1362, 46657.179500423306
1285, 46574.126889522915
1193, 46561.72704110031
156, 46532.34920719212
217, 46497.56243560148
1149, 46479.38596523656
1286, 46435.49905909464
698, 46421.38753180267
113, 46347.93884668555
544, 46347.38660944801
461, 46164.89229384705
710, 46040.85613416758
1236, 45870.4051874863
135, 45834.00704274661
890, 45757.444651490354
259, 45753.84579691078
612, 45634.38497800762
999, 45633.88717349145
102, 45587.24442211679
136, 45586.36532938971
1379, 45560.1319324834
1419, 45542.99055110451
359, 45458.85009901882
743, 45414.471529323055
65, 45334.897182273555
62, 45334.897182273555
112, 45285.590972220896
137, 45281.469701792856
1037, 45261.46096308213
4, 45227.75548450943
37, 45227.115389999635
1299, 45202.34340369823
1084, 45154.961836228
1082, 45154.961836228
47, 45132.775773200025
80, 45042.23380586722
750, 44969.54956978335
94, 44944.23253497225
751, 44918.13675033569
310, 44871.25458263109
15, 44796.27129790621
1281, 44757.157507372365
363, 44735.505155800056
1020, 44712.82512629132
1318, 44672.21527509172
364, 44667.94006352032
845, 44643.65761096607
799, 44637.52979725893
798, 44637.52979725893
1390, 44636.25718424059
909, 44612.896430319815
67, 44565.84981180748
633, 44543.495691942655
205, 44533.992037508724
239, 44473.03065453194
