738, 99938.47346273802
292, 99933.71014662717
950, 99652.31127544619
911, 99446.41047418492
578, 99108.34106991178
996, 98758.10901005493
767, 98546.36286997386
336, 98500.16070257152
1055, 98469.72342239325
377, 98165.96478317548
952, 97982.29817693334
440, 97960.53960546711
265, 97908.17096753689
296, 97859.63438507884
559, 97793.46093387755
66, 97695.76854551556
1154, 97653.95569758996
1275, 97172.85319611072
1220, 97161.22284733021
755, 96960.61444236494
378, 96782.03418890595
1233, 95811.43217996894
941, 95644.28122881893
35, 95632.81563719343
959, 95567.96431229735
1215, 95548.80903311404
1151, 95416.90359403566
893, 95406.49502228927
301, 94863.52985071964
722, 94712.0721847379
760, 94678.62528726259
1021, 94629.92224049017
624, 94578.43493968018
1050, 94337.48573665918
627, 94087.08033706827
721, 93994.56182461619
261, 93840.99168334511
1156, 93827.80647622017
542, 93671.07490873964
539, 93671.07490873964
1049, 93624.98454372051
1420, 93501.20267537459
664, 93494.25370659576
344, 93389.88295263154
823, 93259.17343172032
1339, 92786.56655883366
1064, 92755.3909239977
431, 92715.81872177307
1098, 92653.59142694944
1022, 92526.9747588385
201, 92451.81395278354
1295, 92075.67841821634
1054, 92033.90112069361
175, 91949.81783400533
982, 91801.45517528076
924, 91797.52567291241
839, 91566.06444299711
916, 91475.87949661692
280, 91475.74761768337
838, 91376.19858384665
822, 91249.72470584683
1107, 91097.60261063688
263, 90827.53574038384
1024, 90820.59178004069
1023, 90820.59178004069
1237, 90820.58627537468
1070, 90704.50403601305
1071, 90704.50300307125
522, 90518.18894902797
439, 90417.74600391078
340, 90341.21079718451
8, 90003.69045906725
115, 89806.72955127984
547, 89705.75030867275
548, 89675.87359408983
943, 89520.65701773994
1129, 89411.42338508254
1127, 89316.8968146181
1194, 89094.42875051017
262, 89094.3045641941
906, 89017.00617196343
937, 88983.33371187627
121, 88905.24774430493
1072, 88831.97825921713
806, 88573.28318279303
436, 88564.74353647772
735, 88540.58102050325
1372, 88485.42116070393
966, 88285.97440676522
803, 88284.64082381982
707, 88262.08752773138
1349, 88211.26604304372
1293, 88210.02343988956
1292, 88175.09308781808
880, 88069.20634876794
887, 87805.009797037
944, 87602.05985833098
1332, 87536.15235282044
1213, 87492.8904663055
896, 87286.74974478714
990, 87248.70603491986
848, 87154.65818324428
746, 86997.36876771155
945, 86987.32124604634
327, 86888.48526368136
669, 86788.1244294064
747, 86649.20191513094
1097, 86218.3090374094
198, 86091.46433059961
1114, 86032.74773877254
758, 86004.14613594598
995, 85996.76053222685
76, 85568.91042518213
587, 85354.03008495744
462, 85243.92131196092
1291, 85189.49525753317
883, 85117.96563824078
499, 85030.61681827366
599, 84918.83552714568
87, 84828.2720873482
1096, 84466.58124980544
974, 84437.59553839926
766, 84405.76050008241
282, 84232.27651728294
629, 84230.8437033862
1104, 84136.7336420055
1375, 83810.11348418353
1340, 83798.55518931343
1116, 83779.41255162377
52, 83460.31079674201
1374, 83123.09502919728
1198, 83096.900430641
1195, 83086.34970013249
678, 82702.86993578664
586, 82468.18885809157
1387, 82410.75528176782
1252, 82337.02680364167
1068, 82286.29363984591
1386, 82272.64428943962
407, 82122.45491832274
324, 82100.2527095528
810, 81985.1936685686
1197, 81953.91354671602
1196, 81847.00585311983
1276, 81784.66161599565
511, 81746.1608926397
294, 81732.84544007368
1298, 81630.97210511747
615, 81496.88345545932
406, 81475.8492044042
394, 81464.51451755979
1311, 81401.77543079747
658, 80927.69945646972
243, 80844.78299087366
1380, 80811.8299690939
821, 80808.75275586873
650, 80760.67916612736
329, 80737.46385435504
1130, 80510.2407247181
1146, 80450.72343072158
1212, 80225.31270955014
96, 80179.11508213445
1355, 80149.72352477447
392, 80148.41681158703
1359, 80126.80629881177
660, 80100.98481378783
1093, 80047.35768610264
510, 80047.35768610264
774, 79994.40447917148
773, 79994.40447917148
171, 79850.46442918164
316, 79696.28254710931
341, 79647.79095697757
1261, 79470.46345645889
60, 79430.81832846731
843, 79248.95162876876
910, 78839.91410659501
95, 78828.48934430763
355, 78773.9221002942
1351, 78720.9345191929
1208, 78491.72182741661
603, 78454.30703940964
79, 78401.25670386889
32, 78399.49299239692
1209, 78311.71591704807
1158, 78310.40715738233
1239, 78301.91170283423
1206, 78014.01435622752
1128, 77996.84763995516
784, 77873.19865794979
323, 77828.73008192421
859, 77739.0630862141
376, 77664.6765696854
383, 77606.3429245405
1007, 77589.58391956644
716, 77588.84809440156
925, 77474.99621637729
1047, 77381.10237648131
317, 77286.9806638578
736, 77233.75815691211
884, 77223.86189480293
447, 77153.49716380003
319, 77064.45281092264
1131, 77014.72780564129
610, 76907.62511325088
988, 76883.63106861358
100, 76825.45403671757
1257, 76799.45764409861
714, 76741.02246598789
951, 76737.17255285686
101, 76625.8605430894
543, 76622.87500983362
472, 76579.80554369814
979, 76340.21889274423
117, 76304.12767599778
561, 76233.71483767868
1353, 76171.59580525507
1242, 76171.27477121803
1241, 76171.27477121803
351, 76062.91655580049
1289, 76036.52813901685
82, 76036.52813901685
779, 75983.54844679183
723, 75851.4943289882
737, 75744.20178208276
1207, 75732.03809049279
881, 75683.108613565
671, 75499.66319811533
75, 75448.0983573765
1205, 75323.01422816936
1095, 75130.15398478507
1014, 74952.37829113864
953, 74871.65008655921
297, 74871.65008655921
907, 74769.42345194602
197, 74762.67427159616
1254, 74696.33010021702
1297, 74496.15498858862
1211, 74477.82018206632
91, 74440.00500767052
163, 74211.13799605802
385, 74136.5314882823
1269, 74021.52362912956
1251, 74006.06603350826
92, 73860.20863659716
933, 73792.39657640668
998, 73724.88442371089
917, 73586.10387384682
1244, 73564.86297099506
715, 73550.73665770018
616, 73549.86339946873
677, 73540.73865445987
626, 73429.75591649245
1118, 73287.63033787356
595, 73287.63033787356
57, 73243.07769338973
797, 73238.06063266653
1327, 73224.58561151382
34, 73221.94433162188
1296, 73221.28429589923
894, 73196.01780097664
1392, 73005.38727681855
339, 72975.72231107426
1153, 72940.36360786106
1268, 72898.12219831395
1226, 72875.16472169697
489, 72838.87326676048
1045, 72613.4122051693
649, 72285.13535578783
585, 72192.9970015581
1053, 72184.30473802396
1033, 72153.09449831113
1335, 72104.34785313909
926, 71905.95716509823
1352, 71746.01184269525
524, 71713.88982365228
375, 71516.35979279151
913, 71512.1088811966
118, 71438.2180155442
652, 71343.22752112325
49, 71186.84094493442
9, 71160.58780035411
443, 71149.34679438913
931, 70910.97325421221
648, 70904.25231353524
33, 70811.4099850471
284, 70808.79077082175
895, 70741.71405214346
393, 70640.76911845044
688, 70571.30103147305
686, 70427.85995228951
602, 70370.00387497415
1336, 70168.73355347768
448, 69967.41754478028
1230, 69947.89373499052
882, 69902.00793421369
1402, 69821.49270054283
300, 69770.16522652999
389, 69767.40100664117
687, 69764.06939305681
1142, 69677.97391242342
1073, 69593.15605853431
1331, 69486.69617892889
935, 69476.07085187765
973, 69432.41940611384
804, 69378.1706690666
387, 69345.58576295165
785, 69339.09585793462
1364, 69245.53030299659
1394, 69175.20282011945
162, 68867.09815607656
388, 68798.87283026052
625, 68750.99229551865
805, 68683.66786018123
918, 68677.117863523
550, 68553.03215261747
1366, 68530.35107803698
608, 68456.26725459698
181, 68171.86376846572
946, 68157.74817913256
1377, 68095.59931088651
912, 68036.70622993817
573, 68010.1475645712
1265, 67992.86470077396
541, 67988.09371297329
1126, 67944.69103787666
283, 67873.30457792825
590, 67850.59496818625
965, 67791.91509040125
1267, 67787.34646156545
964, 67781.2409937445
963, 67781.2409937445
962, 67749.21655606043
1038, 67705.78344744258
1141, 67668.33745774491
1138, 67668.33745774491
521, 67572.71865816491
1140, 67446.10227984337
954, 67391.82965397558
1139, 67335.38467665842
994, 67314.94505612756
914, 67203.29300226767
1338, 67161.57339302555
1337, 67161.57339302555
1069, 67155.23488785069
1218, 67106.33855904214
1219, 67081.53548842172
126, 66932.62253300419
651, 66905.80242766952
646, 66795.17652833533
1259, 66783.70398178784
1260, 66609.77603401852
400, 66602.8807574263
614, 66564.52532682885
505, 66468.8210543177
1393, 66438.47793706271
879, 66386.42879439601
878, 66386.42879439601
77, 66382.96134183492
639, 66365.1517178193
789, 66267.59726954205
23, 66240.22378124548
147, 66216.00233863483
308, 66181.08534626085
1357, 66027.2825895149
24, 66011.02978073928
928, 65994.03196121316
680, 65966.99331883609
888, 65744.7004172657
631, 65700.29533426475
25, 65692.48011435039
1391, 65552.46797979438
997, 65439.02961218339
873, 65439.02961218339
50, 65325.493749302346
196, 65321.153572017574
333, 65274.203887822114
1358, 65259.94915871682
684, 65247.37122400192
1294, 65244.68935167666
837, 65184.97996591686
312, 65172.48217998178
321, 65024.982854922775
84, 65018.19939855563
182, 64965.908422612505
1266, 64911.60911745113
572, 64815.416659709255
199, 64801.937852368064
1092, 64775.14222249467
685, 64708.59629766991
58, 64701.61789425618
975, 64687.09558702093
506, 64674.055596552535
976, 64651.305446343824
635, 64649.990040437566
634, 64649.990040437566
1186, 64581.54328838392
1099, 64515.14468167876
682, 64458.991266616984
97, 64378.70430448378
725, 64362.68277864503
851, 64185.145816329044
683, 64175.14530891601
989, 64158.44184672005
403, 64158.44184672005
1325, 64034.7818379368
453, 64015.947750426894
452, 64015.947750426894
1341, 63992.43116620995
127, 63992.21650066309
1006, 63952.74777556746
1143, 63844.14247526996
681, 63822.4645270978
1165, 63663.62993005414
818, 63604.14943404583
628, 63530.43116346548
936, 63507.25442293771
529, 63272.898010990575
718, 63269.93014184725
1231, 63136.1245632613
508, 63075.826657104495
844, 63072.11564895857
842, 63006.01970455227
293, 62965.06135152079
1238, 62941.96470860257
507, 62847.24212160143
849, 62832.36461251891
1089, 62772.51219363846
724, 62756.699887500356
1164, 62735.395891826905
200, 62735.395891826905
549, 62723.316727797195
372, 62672.39246152969
188, 62659.57556335967
1333, 62541.179424058304
675, 62539.81508411491
202, 62371.031450449846
245, 62243.42484987483
957, 62239.92216677768
1258, 62198.94314036493
841, 62190.31458015705
1210, 62160.907646079046
138, 61990.30124279074
404, 61944.23878115594
402, 61925.38437196436
1161, 61895.00483758815
232, 61883.50200885144
1091, 61561.29000658411
1090, 61561.29000658411
591, 61530.62730898661
229, 61497.61423838157
230, 61478.56636750366
357, 61270.20238478663
214, 61149.91808053669
111, 61129.55849042616
143, 61124.37052137123
679, 61089.68468888281
875, 60882.045905070256
567, 60784.218078621976
744, 60744.28339206437
1134, 60742.26067663182
523, 60682.69031642389
991, 60639.80287640019
1309, 60411.30737621588
1319, 60215.12583453403
493, 60203.135889293044
1048, 60160.09701264456
1345, 60065.90596628517
731, 60041.567092916426
457, 60019.656202462524
764, 59752.293526731584
1365, 59559.72619383898
373, 59554.31360157365
59, 59524.42195338764
763, 59495.00647953242
666, 59474.26312119484
405, 59412.31148134386
1163, 59345.84818506297
130, 59195.61987003618
657, 59125.0038052042
732, 59035.43794731339
630, 59035.31125471415
726, 59018.60630331753
1361, 58943.44231276852
1250, 58898.19957847584
1087, 58584.357863903395
1229, 58505.67376431165
303, 58387.45623842152
342, 58350.50463724569
31, 58252.67439434525
1243, 58178.529781239675
874, 58100.419020560475
551, 57935.1874030499
1167, 57766.826613134566
1042, 57566.69793454057
1203, 57564.3399663813
234, 57456.339186400495
1182, 57451.17460691615
1178, 57451.17460691615
1041, 57416.21499769813
