866, 99992.85987340639
302, 99895.58356431163
673, 99750.65627001405
992, 99731.9995340182
700, 99645.70735489955
860, 99374.66747560479
562, 99330.890749115
1085, 99269.92342958196
564, 99060.67670009902
1061, 98857.22652069345
451, 98678.47926268974
1234, 98673.83991071771
1086, 98648.50911179857
1039, 98452.93349900743
1399, 98345.95913826689
1344, 97291.09853942717
1288, 96636.57335306056
1397, 96489.43013141786
1109, 96374.16726582884
1081, 96318.55109186411
501, 96242.50875127103
1110, 95623.3839626865
1108, 95623.3839626865
815, 95569.949506517
1317, 95498.75757015856
1228, 95219.28929423647
865, 95219.28929423647
607, 95216.42589432828
1404, 95175.57116854117
139, 95091.91455422419
1188, 94955.45402367307
674, 94946.67447410559
1190, 94886.67135711588
794, 94167.13398947746
273, 93807.1588451292
1101, 93757.83710432185
151, 93578.87136516687
401, 93392.9209861593
1395, 93338.89951185398
852, 93304.32030802268
861, 93262.00811414051
796, 93122.4718865027
124, 93029.85671742473
149, 93028.0206388325
831, 91784.0877872605
264, 91329.9624815746
1056, 91278.94480406394
256, 91139.10863687558
922, 90744.9377821554
1074, 90659.9204353908
1106, 90077.98539060722
1105, 90077.98539060722
1102, 90077.98277609797
409, 89654.11271208966
391, 89598.12197901995
362, 89509.77317618116
155, 89443.88138204822
1400, 89198.0201207829
1088, 89143.84862552656
1232, 89091.34897338902
437, 88962.61919276093
1018, 88871.10936329335
154, 88871.10936329335
571, 88309.46346681219
227, 88308.50803115404
709, 87882.33537965055
554, 87751.94685145702
555, 87433.2008886088
855, 87193.63994069018
454, 87172.88152090757
1245, 87150.4575616457
1059, 87048.37797968667
856, 86914.63429758888
854, 86914.63429758888
1396, 86361.4584121791
442, 86243.10738664426
1077, 86106.97439180432
233, 85966.83639688216
1113, 85966.46995243538
274, 85804.92751901447
271, 85804.92751901447
1323, 84263.48773521726
1314, 83607.1331609219
168, 83585.04576924852
1080, 83412.83075035928
26, 83102.39944253705
434, 82910.58854035569
654, 82875.9196770138
390, 82841.1902741337
828, 82793.70163720072
72, 82579.1747311115
481, 82576.46678270635
1162, 82562.04893366067
829, 82562.04893366067
553, 82393.84297192244
419, 82186.4710020247
417, 81933.26611936791
167, 81932.48844148338
267, 81909.0044410633
740, 81750.50840870643
739, 81677.34005967536
1060, 81572.41264168346
123, 81534.42813900115
765, 81409.52096279094
515, 81409.52096279094
514, 81409.52096279094
502, 81377.48827283503
690, 81208.93016635007
141, 81186.04193995784
1027, 81048.61703013578
410, 80972.70947305264
932, 80436.83621348704
993, 80263.50016198587
187, 79936.61946732985
133, 79917.67970480998
42, 78789.7827246795
74, 78557.5257392767
647, 78481.45754870743
903, 78475.69396375501
1172, 78356.24686066608
1410, 78317.00085936996
122, 78187.92223091987
1300, 78185.22323953065
574, 78125.80938591027
6, 78102.72911452746
269, 77972.02957715908
1015, 77909.89463016366
516, 77766.36108336285
968, 77199.59055678085
1029, 76969.06275304109
661, 76906.45966316314
1016, 76516.7892626228
1409, 76436.3975990068
1065, 76436.3975990068
85, 76436.3975990068
1035, 76416.64924634687
1408, 76408.89009520532
1407, 76397.87005354126
601, 76394.42426945733
353, 76321.56836178224
86, 76298.24797509788
441, 75532.16241155237
1017, 75442.44715607706
145, 75314.49302279085
1004, 75276.86479494185
1147, 75227.11552632341
464, 75227.11552632341
1373, 75201.26167634851
1003, 75152.89677387616
369, 74914.77806161276
783, 74899.37720744706
802, 74798.59205818173
801, 74798.59205818173
346, 74771.12615038683
919, 74426.51928563124
503, 74300.04431284925
5, 74263.97343686834
970, 74227.77449367417
1199, 74149.57415657245
1334, 74106.1177816703
19, 73551.51802404293
142, 73174.04362032603
93, 73099.68246818519
1302, 72851.79336957443
920, 72793.73430200513
304, 72587.935051689
1191, 72490.48406740084
1189, 72044.6618889784
565, 71673.35004506308
830, 71630.75009884727
762, 71325.04925373603
772, 71179.75845501329
1066, 71106.02921488274
745, 70966.13934082864
45, 70668.7913588841
43, 70642.16056724077
776, 70512.73282601747
1287, 70278.70339325692
701, 70232.1308632667
420, 69957.46244796079
969, 69912.83499466904
415, 69757.17067789065
1155, 69651.88497712323
972, 69326.01880304831
967, 69326.01880304831
361, 69313.30829608304
1346, 69069.31807850815
853, 69052.02676767364
399, 68216.58527150251
583, 67947.79509929348
546, 67770.89692879298
840, 67033.71798717188
222, 67019.56396981946
1075, 66987.24868462092
1076, 66798.00063373699
238, 66771.46396399838
1414, 66722.24860269653
134, 66661.0114248062
558, 66524.35632281467
367, 66450.7915785463
1057, 66395.65618128065
116, 65632.9359229992
347, 65567.88238280865
858, 65436.70300465013
1313, 65159.302056590604
1136, 65135.60339692907
418, 65100.85524312988
471, 65077.543913145775
1290, 65005.93779457513
423, 64962.58482428098
424, 64948.09974570176
827, 64930.91401660668
1028, 64770.89640118138
1040, 64653.83877851638
659, 64542.90156866815
1382, 64382.08787823445
834, 64366.071226469205
1398, 64348.64468499217
1044, 64322.61801443657
971, 63983.55891216918
846, 63857.862390810675
517, 63856.12971139729
270, 63836.19620591791
268, 63836.19620591791
1342, 63702.947680493795
540, 63373.656940871806
1204, 63204.65207105796
309, 63121.442104533664
495, 62834.82456844679
1201, 62754.510771353474
433, 62724.9332081081
204, 62716.55097430523
488, 62553.83690664752
509, 62510.045884978936
868, 62503.54623720653
930, 62374.451160091325
277, 62178.56633845259
1274, 62152.500010503245
64, 62133.371207360666
252, 62042.03494367142
645, 62019.68453727391
644, 62019.68453727391
63, 62019.68453727391
250, 61937.04161882405
61, 61794.63792976865
504, 61748.516989553515
500, 61657.43413125035
1200, 61617.801053273644
1169, 61392.384207484094
228, 61387.50112126372
1403, 61364.8583049191
398, 61256.5482983729
545, 61238.80857955583
1002, 61228.88539958765
600, 61183.8113919558
835, 61139.228419958934
397, 61128.063403340246
172, 61041.20252866136
556, 61024.87389921871
759, 60965.1924871518
1401, 60957.1012740051
366, 60888.58106077118
444, 60878.68387227339
1058, 60642.42192845225
699, 60568.05668602595
885, 60397.43135727495
1224, 60328.533503799044
867, 60180.37682177776
781, 60134.68939422149
153, 60100.62443244479
194, 59974.19574376611
619, 59973.13488629524
905, 59970.57410487555
899, 59970.57410487555
749, 59837.2475397971
192, 59830.2199660539
191, 59830.2199660539
1264, 59707.789939471244
1263, 59707.789939471244
460, 59660.04064810232
231, 59649.2769409788
209, 59591.92323408751
249, 59399.19521743009
30, 59350.11885913477
1043, 59208.25014186737
330, 59192.79083722347
220, 59119.74163989757
354, 59090.24353998106
180, 59017.086138605824
299, 58995.449529751
604, 58974.70626243579
107, 58809.0232615549
584, 58699.505808327376
380, 58629.18099601013
978, 58538.65357997998
620, 58431.930359313956
1170, 58380.511240658474
279, 58305.594740311106
305, 58182.02544654825
1173, 58156.465815370604
704, 58072.77255905412
702, 58072.77255905412
450, 58020.21541175805
449, 58020.21541175805
278, 57972.82054096028
594, 57895.90190848394
478, 57761.54922540244
782, 57747.315732193136
771, 57662.04716580917
216, 57638.108169563566
161, 57617.16196945669
160, 57613.50829451133
159, 57608.17675231347
221, 57413.17539520336
210, 57349.51643975109
146, 57349.51643975109
106, 57258.520055209185
1111, 57244.67470688473
622, 57235.21744192438
621, 57235.21744192438
1152, 57217.3516903897
1240, 57099.212332049035
581, 57049.11806889128
88, 56640.90903196341
170, 56578.94499731732
53, 56578.94499731732
218, 56569.153700295436
158, 56420.8030672545
157, 56420.8030672545
1067, 56220.2675220974
169, 56199.113184094196
1013, 56179.80586585395
1012, 56148.71557408837
618, 56129.166889817585
1137, 55910.98612080368
285, 55783.46598291433
1036, 55709.274612015724
56, 55603.5736685667
1310, 55591.47547823561
518, 55405.90945056909
696, 55307.9296735856
705, 55209.19882083907
703, 55209.19882083907
459, 55151.99086937968
557, 54988.5119205936
908, 54971.56995760289
780, 54813.0645789357
534, 54616.36322399519
836, 54599.792562350194
29, 54259.8409681546
775, 54227.98484653472
575, 54128.095618733205
421, 54044.074419146906
1217, 54042.112427019776
1216, 54042.112427019776
427, 53985.583517483974
1262, 53916.03117222681
131, 53672.24329017046
536, 53604.66043660847
535, 53604.66043660847
395, 53306.17296408754
847, 53135.94679978208
915, 53058.548130344774
512, 52975.20181753045
108, 52897.27767855509
643, 52780.08683693821
177, 52763.63326807963
1112, 52635.12582172979
1413, 52617.57201131784
1255, 52559.450995327265
1348, 52549.57230674934
1306, 52499.26714132044
613, 52475.935804941495
596, 52459.344453307946
605, 52356.066248798496
272, 52347.80695570679
977, 52203.19117480522
1052, 52041.36824011539
1362, 52007.83014790907
1285, 51904.657363959595
1193, 51889.25716414776
156, 51852.77461588581
217, 51809.581846745255
1149, 51787.016087011296
598, 51742.45649173555
1286, 51732.53959252263
698, 51715.02555290893
178, 51637.19996716275
544, 51623.201714134026
461, 51396.89674073934
1236, 51032.1406391704
135, 50987.09394865143
381, 50942.933444436945
612, 50740.1827424854
173, 50711.284702135665
102, 50681.91017439615
136, 50680.823616135836
1379, 50648.40130299091
1419, 50627.21822298531
597, 50626.31950520644
215, 50613.56814548717
790, 50574.651400253
1363, 50557.18557045037
65, 50370.201245334436
62, 50370.201245334436
112, 50309.341341142754
137, 50304.25501842254
800, 50264.86513448888
4, 50237.97226739133
1299, 50206.62011729839
1084, 50148.17353777488
1082, 50148.17353777488
226, 50104.639869109145
1378, 50024.852068805514
186, 49963.60129543873
36, 49963.60129543873
750, 49919.592291996094
1330, 49915.07816353054
751, 49856.24591895853
474, 49807.43296410119
15, 49706.1576417145
363, 49631.35357161283
1020, 49603.43778410408
1318, 49553.46338422198
364, 49548.20289520026
845, 49518.32632632113
799, 49510.78882770987
798, 49510.78882770987
633, 49395.12691449273
921, 49322.258381290274
239, 49308.49089687102
21, 49308.49089687102
692, 49282.59840402496
609, 49275.73467357277
570, 49163.72205788854
814, 48970.52062002619
350, 48922.9450644712
425, 48907.57853975436
348, 48904.024508521274
538, 48845.356364311636
416, 48717.82938587645
3, 48651.73257306654
2, 48651.73257306654
275, 48627.182062261374
396, 48579.95583876238
44, 48579.95583876238
432, 48543.52545281476
291, 48493.391449781906
754, 48440.34663714224
537, 48427.44662820625
1148, 48368.89847056524
1308, 48340.81743864094
712, 48261.75864773586
1144, 48246.53840183127
140, 48154.872532441805
1246, 47998.694493516006
811, 47991.921247193575
411, 47779.01299028381
426, 47746.602461994196
414, 47746.602461994196
1100, 47721.8228040785
352, 47706.64186038012
479, 47698.042554623884
422, 47623.752801685376
413, 47623.752801685376
1343, 47617.20629868447
219, 47607.963240288256
525, 47591.36042850436
955, 47583.32270476226
560, 47524.47605060117
18, 47523.73833563173
412, 47430.669532691456
14, 47365.354765525175
576, 47365.34406779642
877, 47352.82980065263
984, 47334.76209914669
480, 47321.9309043075
531, 47297.90213412892
334, 47201.579041983525
1117, 47173.192973028374
1031, 47111.522661201496
636, 47104.81175779375
428, 47031.19580758195
826, 46993.19273112832
857, 46876.523512972446
987, 46870.495170696806
985, 46870.495170696806
986, 46782.04616625786
382, 46630.23638968948
1010, 46561.463962702874
1103, 46543.41992272295
470, 46483.82157135577
949, 46374.10971344593
179, 46361.12267216351
1312, 46334.1022632062
812, 46320.62572504469
1175, 46261.80525259167
41, 46197.63834538144
189, 46153.09920520267
813, 46055.84218619798
