1080, 99825.36451631461
1314, 99548.49343731745
654, 99401.8619676969
828, 99283.60859638866
481, 98971.3868701738
1162, 98950.67629606031
829, 98950.67629606031
740, 97787.24626391171
739, 97682.57426445608
1060, 97532.53300800796
123, 97478.23557843908
765, 97299.75516282763
515, 97299.75516282763
514, 97299.75516282763
502, 97254.00073242564
690, 97013.35366839689
141, 96980.6915929681
274, 96602.35007005339
271, 96602.35007005339
1077, 96222.34672310123
932, 95913.53071852947
1396, 95906.53636404205
133, 95176.29034875627
1245, 94951.89828412501
227, 93614.37466427316
74, 93253.41588528793
1172, 92969.92180370002
6, 92613.23744799761
269, 92429.5190029937
362, 92301.22007915415
516, 92140.65121122151
1074, 91109.32526337003
1029, 91023.48544851976
661, 90935.94559813291
256, 90630.44937599261
1035, 90251.92486229671
353, 90119.32827222689
831, 90001.52632705115
796, 88750.74678988362
145, 88718.55285031055
1004, 88666.34366285904
1147, 88597.33077428422
464, 88597.33077428422
852, 88586.1992583616
1373, 88561.47235395756
1003, 88494.40362140462
369, 88164.4222103282
273, 88137.64156246508
794, 87822.21157844631
919, 87488.95935961089
503, 87314.24597712856
5, 87264.4365174057
1190, 87205.47894411151
674, 87154.85870220744
1188, 87147.46232739867
1199, 87106.5211456967
1334, 87046.55680850352
139, 87032.83677703347
1404, 86962.8770285427
1228, 86926.41030440704
865, 86926.41030440704
1317, 86694.80171492214
815, 86636.21431130629
19, 86282.35587442052
501, 86090.83502147105
142, 85763.36155767579
93, 85661.23006806275
1302, 85321.02399953271
1344, 85268.758131364
920, 85241.40028299925
1039, 84395.8795165836
1061, 84101.04265078805
830, 83651.01586368009
700, 83538.68431631755
866, 83296.24347460628
302, 83218.8385026344
673, 83118.23662063545
992, 83105.28242866074
860, 82857.01503802183
562, 82826.5794095313
1085, 82784.18464901147
745, 82746.04385438522
564, 82638.6152435161
451, 82372.46362050023
1234, 82369.23081251082
1086, 82351.57883878174
45, 82342.06822870222
43, 82305.9151523066
1399, 82140.62859827236
701, 81749.84003698203
1288, 80944.7454942079
1397, 80841.48316144384
1109, 80760.5581783763
1081, 80721.49936352448
1110, 80232.67183669093
1108, 80232.67183669093
607, 79945.97589699234
399, 79031.80157104194
1101, 78915.18493304841
151, 78788.35926733569
401, 78656.5026303378
1395, 78618.18069628344
861, 78563.62315244805
546, 78434.208619479
124, 78398.81632626858
149, 78397.51235830286
840, 77448.4857577389
1075, 77386.46192097566
264, 77188.08976858728
1056, 77151.64524485965
1076, 77134.0053460017
238, 77098.62316794305
1414, 77033.01428855554
134, 76951.40003497952
922, 76769.798106831
558, 76769.3554810949
1057, 76598.01338454247
1106, 76291.91390795134
1105, 76291.91390795134
1102, 76291.9120324824
409, 75987.6376992324
391, 75947.41206010185
155, 75836.56076723654
1400, 75659.74225166216
1088, 75620.76330106547
1232, 75582.98046263859
437, 75490.30790613467
1018, 75424.40528696089
154, 75424.40528696089
571, 75019.47463241607
1313, 74957.20568532839
1136, 74925.84583637604
418, 74879.87066673553
471, 74849.03165332094
709, 74711.00819987264
423, 74696.99853625197
424, 74677.84777447049
554, 74616.75372434632
1028, 74443.67029460751
555, 74386.16393742668
855, 74212.69361134217
454, 74197.65539053612
659, 74142.65226711775
1059, 74107.4377221556
856, 74010.48171680106
854, 74010.48171680106
1382, 73930.52261953376
834, 73909.40362929423
1398, 73886.42737843626
1044, 73852.11560964753
442, 73522.99527572862
233, 73322.11462067722
1113, 73321.84804747415
270, 73211.60665857398
268, 73211.60665857398
309, 72273.03172051057
1323, 72079.37773713276
168, 71582.37154486612
868, 71464.12568209962
26, 71228.09348330695
434, 71087.13472796902
390, 71036.11213963987
64, 70980.6157596943
72, 70843.3647299387
645, 70832.28674887372
644, 70832.28674887372
63, 70832.28674887372
250, 70724.50956239464
553, 70706.92348562506
419, 70554.15299103038
61, 70538.89221161604
504, 70478.8014133647
417, 70367.46946649029
167, 70366.8958473131
500, 70360.16717565936
267, 70349.57320464647
228, 70008.87332636568
1403, 69979.42543420279
398, 69838.60610859451
545, 69815.54845053129
1002, 69802.65135684966
600, 69744.07632429029
1027, 69713.95260305096
835, 69686.15128442178
397, 69671.64683197245
410, 69657.78445582151
172, 69558.83131621467
556, 69537.62857978887
759, 69460.14568890138
1401, 69449.64269552477
366, 69360.71396015238
444, 69347.87122807908
993, 69132.28985092435
1058, 69041.46673937129
699, 68945.09200695356
187, 68889.65100794793
194, 68176.64194092952
619, 68175.27106441834
905, 68171.96196192122
899, 68171.96196192122
42, 68036.19736848638
749, 67999.72758362758
192, 67990.65210406197
191, 67990.65210406197
1264, 67832.5913814346
1263, 67832.5913814346
647, 67806.16907072296
903, 67801.8667643549
460, 67770.96956483864
1410, 67683.37436409073
209, 67683.08531459021
122, 67586.9462997574
1300, 67584.92956010967
574, 67540.52957354196
249, 67434.57771217066
1015, 67379.09935314237
1043, 67188.58411289507
330, 67168.67732457683
180, 66942.5225996333
604, 66888.001271542
968, 66847.18098190155
1016, 66334.61953109437
1409, 66274.19145776442
1065, 66274.19145776442
85, 66274.19145776442
1408, 66253.51098724536
1407, 66245.22543281429
601, 66242.63461230154
620, 66190.65348658303
86, 66170.30892468285
1170, 66124.68040725136
305, 65870.15860217663
1173, 65837.39971658363
704, 65730.15960557786
702, 65730.15960557786
441, 65593.33831477424
1017, 65525.66930633921
594, 65503.660939690104
782, 65313.52357591843
216, 65173.85852552191
161, 65147.078434689785
160, 65142.40740668241
159, 65135.59145404303
783, 65115.59901832799
802, 65039.41102176614
801, 65039.41102176614
346, 65018.64367004846
210, 64805.112704608015
146, 64805.112704608015
1152, 64636.40125293147
970, 64607.3985156088
1240, 64485.67906714366
88, 63901.738558254685
170, 63822.88093082276
53, 63822.88093082276
218, 63810.42220235064
158, 63621.72410937719
157, 63621.72410937719
1067, 63366.849401915846
304, 63361.51271094882
169, 63339.97634448617
1191, 63287.247992923076
1189, 62947.175643338516
285, 62812.486881725796
1036, 62718.436273626634
565, 62663.53372014739
762, 62397.133733172326
518, 62334.19528387601
772, 62285.91089281769
1066, 62229.4480695076
696, 62210.206911265064
705, 62085.32353379236
703, 62085.32353379236
459, 62012.987388910726
908, 61784.97781281799
776, 61774.561253350716
1287, 61594.86733182121
420, 61347.96918981103
969, 61313.64751387478
415, 61193.88841978182
1155, 61112.85050605185
972, 60861.84237907768
967, 60861.84237907768
361, 60852.04589440312
775, 60847.21569661964
575, 60721.48089322623
1346, 60663.90804002728
853, 60650.56878480278
421, 60615.763612873154
427, 60542.192697492035
1262, 60454.73369464173
583, 59797.030714481334
915, 59378.73068942137
512, 59274.36536384686
108, 59176.824938954654
222, 59076.95709659293
643, 59030.19719759983
177, 59009.61686692735
1413, 58826.988201726424
1255, 58754.34947725221
1348, 58742.005131487414
613, 58650.00666176573
367, 58634.563770397726
272, 58490.000050006995
1362, 58065.88397978329
116, 57996.86890961636
347, 57946.06624956902
1285, 57937.30516467726
1193, 57918.117801115775
156, 57872.66887115733
858, 57843.587885810775
217, 57818.87013513034
1149, 57790.76749983325
1286, 57722.93601224679
698, 57701.131893893784
544, 57586.843699036406
1290, 57506.73511918981
827, 57448.01483842935
461, 57305.37448856399
1040, 57231.01552442742
1236, 56852.304484859495
135, 56796.40243346064
971, 56705.182725214676
846, 56606.43455782829
517, 56605.0730429163
612, 56490.19031090645
1342, 56484.67160731318
102, 56417.971611661276
136, 56416.62519043321
1379, 56376.45171244694
1419, 56350.207559623566
540, 56225.62606188725
1204, 56092.5558237576
65, 56031.98163050356
62, 56031.98163050356
112, 55956.68130073595
137, 55950.38905581347
4, 55868.404305210395
1299, 55829.63345848477
495, 55801.08330626461
1084, 55757.37144435523
1082, 55757.37144435523
1201, 55737.7347460489
433, 55714.400487155304
204, 55707.78714846052
488, 55579.37133138028
509, 55544.79823076396
750, 55474.93965612474
930, 55437.71168047761
751, 55396.7206946266
277, 55282.919289708174
1274, 55262.31296329536
15, 55211.482529026944
252, 55174.9652681207
363, 55119.20418328149
1020, 55084.77761785198
1318, 55023.15517815768
364, 55016.66937172017
845, 54979.83658354814
799, 54970.54308780722
798, 54970.54308780722
1200, 54839.19190162576
633, 54828.00418484756
239, 54721.28281982062
21, 54721.28281982062
692, 54689.3955050313
609, 54680.94324918254
1169, 54660.57157126818
350, 54246.85240507781
425, 54227.960110144355
348, 54223.590808575515
416, 53994.78037550057
3, 53913.601244409605
2, 53913.601244409605
885, 53870.44930943917
396, 53825.471405471784
44, 53825.471405471784
1224, 53815.631270989885
291, 53719.22600496018
867, 53697.70576669529
781, 53661.32818041608
754, 53654.140226144424
153, 53634.200848490735
1148, 53566.49785014594
1308, 53532.05967876639
712, 53435.126193657066
1144, 53416.46865373275
231, 53274.4616612926
1246, 53112.82984458451
811, 53104.53648736627
30, 53035.70178067466
220, 52851.66171575427
411, 52843.97256982485
354, 52828.08576282641
426, 52804.32911909692
414, 52804.32911909692
1100, 52774.02333372506
352, 52755.45852386453
299, 52752.30605518707
479, 52744.94296844966
422, 52654.11535777739
413, 52654.11535777739
219, 52634.814692989974
955, 52604.69757560208
107, 52603.19898718733
584, 52515.558442386304
380, 52459.26335659664
412, 52418.18919340057
978, 52386.77513916214
984, 52301.076099533006
480, 52285.411633332216
279, 52200.04896627154
1117, 52103.89570793105
636, 52020.48518128014
450, 51971.19074249792
449, 51971.19074249792
278, 51933.15998353174
428, 51930.71763566753
478, 51763.552077429784
987, 51734.86039092222
985, 51734.86039092222
771, 51683.627520253736
986, 51627.12078544904
221, 51483.597174937444
382, 51442.29983785354
106, 51359.20290020547
1111, 51348.063263740274
622, 51340.45385524517
621, 51340.45385524517
1103, 51336.66085933329
470, 51264.16459455287
581, 51190.66375814002
179, 51114.972122707615
1312, 51082.12825212534
812, 51065.74870605142
41, 50916.31347072174
189, 50862.21644128274
813, 50744.12554717751
435, 50742.19746476365
961, 50592.842351452746
176, 50498.41296270547
1013, 50489.629006408024
1012, 50464.516328167854
46, 50463.38905042006
618, 50448.724754233386
513, 50368.600369266635
11, 50353.41644733314
473, 50342.66720402878
1192, 50331.10990976453
20, 50321.71674889686
1137, 50272.401114949185
246, 50027.04055362545
56, 50023.72888501138
242, 50016.99996071878
1310, 50013.936767661806
662, 49978.45818226375
663, 49875.8822201182
358, 49549.6604742861
557, 49525.36360217079
780, 49383.00100829431
534, 49223.28495819262
836, 49209.82485184039
795, 49002.411643039355
29, 48933.50903060653
251, 48843.814961595344
1217, 48756.35862440058
1216, 48756.35862440058
55, 48642.977306664274
697, 48543.46565620461
131, 48455.10186271147
695, 48429.946140445936
536, 48400.01231441955
535, 48400.01231441955
791, 48203.31717607177
39, 48194.53757122646
395, 48156.54155127033
847, 48017.57320716226
656, 47858.08557021196
694, 47754.7410014182
691, 47741.57896109632
40, 47686.43976971685
1112, 47608.217778443366
1306, 47497.042818755515
606, 47472.96755297488
596, 47464.36313059054
1381, 47438.03296505203
605, 47379.80026435447
977, 47254.56989551852
1052, 47121.93395071848
598, 46876.72989486996
178, 46790.3221558077
706, 46624.97066726353
1280, 46609.66270208826
693, 46590.318112121895
381, 46219.55186951795
173, 46028.78776772281
597, 45958.778084831596
215, 45948.26934069068
790, 45916.193968965774
1363, 45901.79706834511
