117, 99893.4093761405
1242, 99665.83940017092
1241, 99665.83940017092
351, 99480.40874366031
951, 99371.11470823783
881, 98831.73534530649
1007, 97977.2348065988
383, 97950.52445945465
784, 97528.7012106236
953, 97452.4969019439
297, 97452.4969019439
1128, 97335.44700696196
1158, 96851.49664505951
1297, 96817.31369338025
1211, 96786.34786893094
91, 96722.49589111908
32, 96715.57810928267
163, 96336.46158662494
1351, 96230.83774405388
910, 96053.63756438941
1269, 96017.17275070454
1251, 95991.16536007798
92, 95745.91923916942
933, 95631.99705793586
917, 95285.81232843177
626, 95023.82212406918
316, 94812.39860815383
1118, 94785.94869247424
595, 94785.94869247424
34, 94676.1024380209
1296, 94674.99895787901
774, 94393.88915985504
773, 94393.88915985504
1093, 94320.26259511686
510, 94320.26259511686
1392, 94314.36423012496
339, 94264.86046741823
660, 94245.91495017092
96, 94137.98359545908
1268, 94135.41987208842
1146, 93766.308371245
1130, 93685.58826876238
821, 93284.59688772682
1380, 93280.49649897637
658, 93126.58839372244
1311, 92506.6287477761
1352, 92223.04729927472
1298, 92212.40233514913
524, 92169.97954003191
511, 92065.85571606255
1196, 91938.27677551126
913, 91836.93359796921
1197, 91803.75478958852
1386, 91407.07592450804
443, 91239.52457631828
1387, 91237.19655370708
586, 91166.90475586973
33, 90684.54419871536
284, 90680.2485715784
895, 90570.2701662671
1195, 90423.19680939241
1198, 90410.70378081764
1374, 90379.71560314915
688, 90291.12520011314
686, 90056.45343876178
1336, 89633.1934278841
1116, 89616.3837798171
1340, 89594.49121416926
1230, 89273.155001557
882, 89198.42549846637
282, 89103.95171606679
389, 88979.36115848811
687, 88973.94211806841
766, 88910.63942977914
1096, 88843.25292194834
973, 88435.20869693553
599, 88348.35383838235
804, 88347.2208711251
387, 88294.38841466051
785, 88283.86744427786
883, 88133.84122623598
1364, 88132.2454296213
1394, 88018.35402085184
587, 87882.17276062701
162, 87520.13846113271
388, 87409.9790706956
625, 87332.70449590613
805, 87224.09853346736
918, 87213.53532333515
995, 87211.06060663267
758, 87203.46627011581
198, 87113.87898720277
550, 87013.5244092183
1097, 86984.3874414932
608, 86857.68654857042
747, 86550.16281893355
669, 86412.00046836193
327, 86312.73671790441
746, 86205.55914820328
912, 86183.35990217191
1265, 86113.02492673721
1126, 86035.76777630163
990, 85960.18748680137
896, 85923.2911031516
283, 85921.33738309272
965, 85790.95049369703
1267, 85783.6339619827
964, 85773.85663421605
963, 85773.85663421605
962, 85722.58019115718
1141, 85593.13655833057
1138, 85593.13655833057
521, 85440.20834012784
887, 85426.94354665793
1140, 85237.88006620826
880, 85178.33972218016
954, 85151.2157682368
1139, 85061.12160252933
707, 84998.6873467892
966, 84976.54596126663
914, 84850.43993413929
1372, 84792.58719153827
1338, 84783.94377995007
1337, 84783.94377995007
806, 84712.06235160597
1218, 84695.93928587805
1219, 84656.4334306671
646, 84200.88004564826
1127, 84042.86062159637
1129, 83959.33934841976
400, 83895.53764950398
548, 83727.48654233736
547, 83701.45870883709
505, 83682.9377557966
1393, 83634.84864592596
879, 83552.38534265477
878, 83552.38534265477
77, 83546.89292245895
23, 83320.92632309214
308, 83227.37833421028
340, 83155.69158747037
522, 83006.3086575473
24, 82958.61614478084
1237, 82753.63731824825
1024, 82753.6327480346
1023, 82753.6327480346
25, 82456.12385459396
1391, 82235.65662172844
280, 82217.09103137144
839, 82144.26820690917
175, 81837.86144757652
333, 81798.20455552384
1054, 81771.3698878849
684, 81756.0714983309
321, 81407.21108101499
84, 81396.5793279231
1022, 81386.02756200048
1098, 81288.31773436272
431, 81240.48056809118
1266, 81229.5930724648
1064, 81210.12209886809
1092, 81016.00271190537
685, 80911.93057162367
975, 80878.31675307162
506, 80857.93299456361
976, 80822.3755026303
635, 80820.3197720234
634, 80820.3197720234
344, 80729.91141469109
1186, 80713.37930938629
664, 80652.08193466796
1049, 80555.05110965743
682, 80522.04674486663
1156, 80405.50670620798
725, 80371.81369087494
683, 80079.59184944918
1050, 80034.95688367789
624, 79862.34493841945
1021, 79825.67044268218
1341, 79795.29253264089
1006, 79733.59900667744
681, 79531.18776210492
1151, 79274.12074756298
818, 79192.46368814555
529, 78679.60161516957
508, 78375.10455199245
842, 78267.3557430624
755, 78239.21406517694
1275, 78101.56647993698
507, 78022.49373562688
724, 77882.99593506825
1154, 77793.52725060092
66, 77767.01277541024
372, 77753.19126115495
559, 77705.22240735198
296, 77663.49345223744
265, 77632.95059360663
440, 77600.05715273673
675, 77549.23722201107
377, 77471.63311639472
336, 77264.74889317974
996, 77106.77079151354
957, 77088.65352035276
841, 77012.56688772087
1210, 76967.4770681861
911, 76692.33116825105
404, 76635.57046996437
738, 76330.41865156779
292, 76327.63993558199
950, 76163.37269371033
229, 75953.138264624
230, 75924.0853484795
578, 75845.20810245801
767, 75515.648654596
1055, 75470.63709915333
111, 75392.50613876508
143, 75384.61494660523
952, 75183.98111388397
523, 74713.93849059618
1220, 74699.60132657469
991, 74648.935585526
378, 74475.265845631
1233, 73899.18844399147
941, 73799.7104910855
35, 73792.88396646576
1345, 73781.14075437
959, 73754.26495098036
1215, 73742.85567820718
893, 73658.05786469339
301, 73334.00161751226
764, 73308.52248961992
722, 73243.45737057997
760, 73223.45333582257
1365, 73018.87820315336
373, 73010.74313263469
627, 72869.13012066697
721, 72813.62255962813
261, 72721.43198374644
542, 72619.34909831821
539, 72619.34909831821
1420, 72517.2097381878
130, 72472.37388186503
823, 72371.54045379697
1361, 72094.7516946983
1339, 72086.60548026631
201, 71884.39083886721
1295, 71656.78890926062
982, 71490.59464863916
924, 71488.21155912365
1229, 71440.92627195806
916, 71292.99255138714
303, 71264.73431745394
838, 71232.43100769188
822, 71155.54935195277
1107, 71063.01431797087
1243, 70953.73383132544
263, 70898.56657691539
1070, 70823.57957610411
1071, 70823.57894634582
439, 70648.62928268236
551, 70592.1207988493
8, 70395.58659985701
1167, 70342.32050280077
115, 70275.03933296858
943, 70099.74754478506
1042, 70045.79757854794
1203, 70042.3065322201
1194, 69838.12362011816
262, 69838.04731425585
1041, 69823.12703985535
906, 69790.5426560411
937, 69769.84326766763
121, 69721.82865344966
1072, 69676.75911397567
436, 69512.24168269851
735, 69497.35600903389
803, 69339.57293167466
1349, 69294.30232693884
1293, 69293.53552940732
1292, 69271.97847533491
944, 68917.81103841613
1332, 68877.01303752938
1213, 68850.22598612455
848, 68640.6033630087
945, 68536.7668822527
1202, 68485.531084491
1320, 68349.13834479258
1114, 67942.80752530045
76, 67653.19476979354
462, 67449.88468904776
1291, 67415.8046313837
499, 67316.26744969985
87, 67189.38643241602
974, 66944.05479728109
629, 66814.03123689782
1104, 66754.80291176002
1375, 66549.03143949495
532, 66533.32329086465
52, 66328.28828514366
678, 65849.00075443544
1252, 65616.86405497961
128, 65608.90664963718
1068, 65584.63950424296
407, 65480.51777639564
324, 65466.401493954785
810, 65393.221556864664
1276, 65265.57960302073
294, 65232.5771961033
615, 65082.183002604856
406, 65068.76796631609
394, 65061.53845288881
243, 64665.64251821699
650, 64611.82181497986
329, 64596.96165336397
1212, 64268.69768377922
1355, 64220.17808292616
392, 64219.33916275816
1359, 64205.46425470541
171, 64027.90932937483
708, 64009.40101603677
341, 63897.53288350177
1261, 63783.35340622392
60, 63757.81252963524
843, 63640.58268780983
95, 63369.14987685897
355, 63333.8819171837
1208, 63151.33699295552
603, 63127.11548726775
79, 63092.76413642463
298, 63060.332572383595
1209, 63034.763758117886
1239, 63028.41147015439
1206, 62841.74030584134
323, 62721.461152751865
144, 62684.198117973545
859, 62663.212994387686
376, 62614.871337348
716, 62565.57411973538
925, 62491.52227717737
1047, 62430.41991720356
317, 62369.14050617503
736, 62334.4764090207
884, 62328.029905553994
447, 62282.184572098886
319, 62224.14563555585
1131, 62191.72373343421
610, 62121.86281879254
988, 62106.206860652026
100, 62068.23892651399
1257, 62051.269393450915
714, 62013.116905087576
101, 61937.894717096264
543, 61935.94403137086
472, 61907.800089897035
979, 61751.13030770331
561, 61681.42514098079
1353, 61640.75207854841
1289, 61552.2714749767
82, 61552.2714749767
779, 61517.54899873886
533, 61510.31535830844
723, 61430.961623811505
737, 61360.56810001764
1207, 61352.585238387735
671, 61199.98727338467
75, 61166.10110234923
1205, 61083.86480919862
1095, 60956.96802830686
1014, 60839.887561576164
907, 60719.28694808516
197, 60714.83588589694
1254, 60671.07408454845
385, 60301.238915755086
998, 60028.615458766144
1244, 59922.48456616953
715, 59913.111470208816
616, 59912.53202371504
677, 59906.477188411256
57, 59708.80776844764
797, 59705.47351596424
1327, 59696.51783026787
894, 59677.5292535524
1153, 59507.47796739574
1226, 59464.075050677435
489, 59439.90962668749
1045, 59289.68236633504
649, 59070.641462205596
585, 59009.097275279964
1053, 59003.28976171096
1033, 58982.43533327234
1335, 58949.85663176873
926, 58817.18381844878
375, 58556.25427087004
118, 58503.85743505675
652, 58440.134980655734
49, 58335.159324717635
9, 58317.52854246491
931, 58149.77794010845
648, 58145.258270395425
129, 58052.31569914946
393, 57967.95062151799
602, 57785.495227105486
448, 57513.74738142067
1402, 57415.109864658756
300, 57380.39777444701
1142, 57318.02723084556
1073, 57260.61921881201
1331, 57188.52793937583
935, 57181.330656546124
1385, 56910.177036020774
318, 56708.65560561339
1366, 56539.16377778901
181, 56294.9307842765
946, 56285.304849249806
1377, 56242.91500815635
573, 56184.60899271631
541, 56169.556922789874
590, 56075.67376097016
1038, 55976.72606618266
994, 55709.30526216259
1069, 55599.87366283584
126, 55447.19269056407
651, 55428.78608170142
1259, 55344.95804786889
1260, 55225.45519763829
614, 55194.34674138821
639, 55057.19749098332
789, 54990.03854266681
147, 54954.505681154944
1357, 54824.45620489615
928, 54801.5296508678
680, 54782.88341829549
888, 54629.488780824264
631, 54598.8257519069
593, 54495.6065026591
997, 54418.27208538696
873, 54418.27208538696
50, 54339.73481990647
196, 54336.73163585026
1358, 54294.374117719344
1294, 54283.81123869187
837, 54242.4722634411
312, 54233.817983522604
182, 54090.69213012564
572, 53986.32704857731
199, 53976.975630283254
58, 53907.35454722029
1099, 53777.848193030055
97, 53683.01086913716
851, 53548.35711250322
989, 53529.76926900517
403, 53529.76926900517
1325, 53443.659764029406
453, 53430.539993954786
452, 53430.539993954786
127, 53414.0070573542
1143, 53310.80198396442
1165, 53184.880932466396
628, 53091.88940625013
936, 53075.702228027876
718, 52909.83764574822
1231, 52816.23183973869
844, 52771.43045665246
293, 52696.467372729625
1238, 52680.28886040822
849, 52603.490853553194
1089, 52561.53318158471
1164, 52535.507416769586
200, 52535.507416769586
549, 52527.036487586534
188, 52482.32701866692
1333, 52399.2421163255
202, 52279.75081183148
245, 52190.06616786626
1258, 52158.78951035635
138, 52011.989616109575
402, 51966.28182529354
1161, 51944.8863841223
232, 51936.78438805882
1091, 51709.6380840381
1090, 51709.6380840381
591, 51688.00230433048
357, 51504.10579418286
214, 51419.08406104462
679, 51376.488699315116
875, 51229.54995821869
567, 51160.26552598674
744, 51131.97250190465
1134, 51130.539286908126
672, 50924.49013006629
1309, 50895.83547030769
1319, 50756.5171045381
493, 50747.997818234224
1048, 50717.41276158534
731, 50633.14539124613
457, 50617.56240672186
59, 50264.87672354915
763, 50243.89949518735
666, 50229.10472377837
405, 50184.90944581678
