1151, 99474.03807722159
755, 98873.0153669217
1275, 98653.29326755082
1021, 98619.00872999796
624, 98563.09036515774
1050, 98301.43884617239
1154, 98162.31845269533
66, 98120.10537974139
559, 98021.75961591916
296, 97955.36679676891
265, 97906.783421321
440, 97854.47222721665
1156, 97748.1530313438
377, 97650.34730390884
1049, 97528.04814366407
664, 97386.19848021452
336, 97321.88346683074
344, 97272.96271290096
996, 97071.37370228945
1064, 96584.8047667759
431, 96541.89838796505
1098, 96474.43115686381
911, 96415.44805085882
1022, 96337.1640929688
738, 95844.14540788722
292, 95839.7643801
1054, 95802.76282331752
175, 95711.65538488278
950, 95580.91930620048
839, 95295.93053289747
280, 95198.10981897134
578, 95080.37833164455
767, 94563.03250003861
1055, 94492.46128418161
1024, 94488.75621787868
1023, 94488.75621787868
1237, 94488.75025957571
522, 94161.47652326406
952, 94043.52599549129
340, 93969.98026696136
1220, 93286.88147975285
547, 93282.63915261856
548, 93250.33278325912
1129, 92964.41417773352
378, 92937.276076947
1127, 92862.23012738075
806, 92058.67660287589
1233, 92041.9017641881
1372, 91963.7674252323
941, 91887.63400720168
35, 91877.0513522328
959, 91817.1921903537
1215, 91799.51084741898
966, 91748.35112735788
707, 91722.55420427916
893, 91668.1387240743
880, 91514.26990491405
887, 91229.03303791043
301, 91166.77861828005
722, 91026.88659909819
760, 90995.99143495852
896, 90669.69373469225
990, 90628.64467831972
627, 90449.43634659376
721, 90363.93028595283
746, 90357.48731200378
327, 90240.03619508316
261, 90221.98565813554
669, 90131.78841890383
542, 90064.91098370029
539, 90064.91098370029
747, 89981.96447546507
1420, 89907.85555273057
823, 89684.04944559534
1097, 89517.37639494127
198, 89380.64646542643
758, 89286.53236128678
995, 89278.57227612282
1339, 89246.89821312971
201, 88937.1564285011
1295, 88589.02186222927
587, 88586.04750617027
982, 88335.14495315806
883, 88331.79356679459
924, 88331.50658888857
599, 88117.36126725138
916, 88033.65139516469
838, 87941.32751288904
822, 87824.17724315998
1107, 87683.25338230499
1096, 87630.49410892022
766, 87565.03339408491
263, 87433.02360753747
282, 87378.33385950979
1070, 87319.01045383805
1071, 87319.00949656517
439, 87053.22773135154
1340, 86911.69843407976
1116, 86891.10724121593
8, 86669.34814369421
115, 86486.69562164236
943, 86221.35230417708
1374, 86185.33642604633
1198, 86157.17659422604
1195, 86145.83448651471
1194, 85825.89317851777
262, 85825.77793690309
906, 85754.04478778
937, 85722.79521185328
121, 85650.32454392317
1072, 85582.31975825272
586, 85481.49245041297
1387, 85419.78663619373
436, 85334.25211287563
735, 85311.81993135736
1386, 85271.41501317435
803, 85074.18079800157
1349, 85006.04345638664
1293, 85004.88951388658
1292, 84972.45098492764
1197, 84929.0742131091
1196, 84814.26895494688
511, 84705.98426579453
1298, 84582.30938376198
944, 84440.16286956077
1332, 84378.92555231505
1213, 84338.72738342604
1311, 84336.2650497002
848, 84024.39860479976
945, 83868.8552782295
658, 83827.49943750707
1380, 83703.18389237148
821, 83699.88254615541
1130, 83379.67074385473
1146, 83315.83707058596
96, 83024.57353433683
1114, 82981.14800051114
660, 82940.80226676789
1093, 82883.30661773421
510, 82883.30661773421
774, 82826.53618236414
773, 82826.53618236414
76, 82549.54939513147
316, 82506.97324220571
462, 82247.05005725344
1291, 82196.38244698291
499, 82048.46250025343
87, 81860.04623871953
910, 81589.48335534254
974, 81496.17304285122
1351, 81462.06685194648
629, 81303.5584736963
1104, 81215.87258118116
32, 81117.89875994921
1158, 81022.53169415449
1375, 80911.49542820644
1128, 80686.92360383681
52, 80585.42348182619
784, 80554.60557766825
383, 80269.08986075089
1007, 80251.16122464705
678, 79879.04492399673
1252, 79537.7065830849
1068, 79490.36347001808
951, 79339.6093278003
407, 79337.45910060259
324, 79316.73704226955
810, 79209.34253314183
1276, 79022.1443066702
294, 78973.76846310864
117, 78876.78271234696
615, 78753.44697603054
1242, 78734.82863428297
1241, 78734.82863428297
406, 78733.80487377901
394, 78723.22022999162
351, 78619.05960882008
881, 78213.36343364547
243, 78144.34691019224
650, 78065.7651105259
329, 78044.07309022125
1212, 77565.42127674306
1355, 77494.75915026857
392, 77493.53757250939
1359, 77473.33484396676
953, 77347.05073064321
297, 77347.05073064321
171, 77214.96303218738
341, 77025.43156065517
1297, 76946.3824387707
1211, 76926.82186843368
91, 76886.47958062122
1261, 76859.57649553013
60, 76822.49293506141
843, 76652.3615026524
163, 76642.34658321431
1269, 76440.12183997943
1251, 76423.63772332338
92, 76268.10518049609
95, 76258.93231547181
355, 76207.86337440391
933, 76195.80176826159
917, 75975.8724236712
1208, 75943.71816065842
603, 75908.69252633501
79, 75859.02790775415
626, 75809.21601492885
1209, 75775.19674537846
1239, 75766.017325871
1118, 75657.73965882628
595, 75657.73965882628
34, 75587.73843471355
1296, 75587.03505878101
1206, 75496.43366492238
1392, 75356.98348401311
339, 75325.37706018487
323, 75322.9017058651
1268, 75242.70223082889
859, 75238.91260633731
376, 75169.2316660135
716, 75098.19556853572
925, 74991.53078611755
1047, 74903.55659495191
317, 74815.36203683208
736, 74765.48808599358
884, 74756.21421655086
447, 74690.27265253324
319, 74606.82017360498
1131, 74560.21516023722
610, 74459.82610359772
988, 74437.3348838486
100, 74382.79981375228
1257, 74358.4299819579
714, 74303.64910353356
101, 74195.68118450146
543, 74192.88201644867
472, 74152.50029518157
1352, 74015.9143785605
524, 73981.72813588794
979, 73927.83873742261
561, 73827.9550634359
1353, 73769.6933353129
913, 73767.00250413171
1289, 73643.00240433567
82, 73643.00240433567
779, 73593.30458053584
723, 73469.42116841058
443, 73381.06451226101
737, 73368.75725697086
1207, 73357.34448535
671, 73139.29307365812
75, 73090.9009766378
33, 73021.64886286994
284, 73018.86359284163
1205, 72973.50458732297
895, 72947.53646238723
1095, 72792.4738070358
688, 72766.34394586147
1014, 72625.57671949902
686, 72613.85058008786
907, 72453.79174921587
197, 72447.45412592855
1254, 72385.1536577081
1336, 72338.42008936971
1230, 72103.73479251504
882, 72054.97792757867
389, 71911.960049154
687, 71908.42047390674
385, 71859.33861662372
973, 71556.12065710816
804, 71498.50397689003
998, 71472.52566781567
387, 71463.89741451755
785, 71457.00497676972
1364, 71357.64045008851
1244, 71322.12247139619
715, 71308.84427667136
616, 71308.02344219897
677, 71299.44644169814
1394, 71282.95962783531
57, 71019.6180366739
797, 71014.90095110367
1327, 71002.23151803848
894, 70975.37113196323
162, 70955.83751580013
388, 70883.41305624275
625, 70832.58816828461
805, 70761.12732719714
918, 70754.17512565985
1153, 70734.96841134422
1226, 70673.65091779639
489, 70639.51851450253
550, 70622.47746390189
608, 70519.78657857697
1045, 70427.44757396798
649, 70118.59617393067
912, 70074.6323944179
585, 70031.89490158725
1265, 70028.12602826819
1053, 70023.71522632104
1033, 69994.3449881954
1126, 69977.02627663642
1335, 69948.47068352479
283, 69901.30775829885
965, 69814.98498854267
1267, 69810.13962356733
964, 69803.6643588881
963, 69803.6643588881
962, 69769.70083050523
926, 69761.75080595365
1141, 69683.92873792746
1138, 69683.92873792746
521, 69582.53310481482
1140, 69448.28029965135
375, 69394.98301286386
954, 69390.73899043477
1139, 69330.8974114637
118, 69321.40590598306
652, 69231.95788045584
914, 69190.86868133495
1338, 69146.64562888166
1337, 69146.64562888166
1218, 69088.0988499381
49, 69084.68073202288
1219, 69061.8094843218
9, 69059.95494475677
931, 68824.83558504832
648, 68818.50425802695
646, 68758.3323547672
393, 68570.26738465622
400, 68554.58430814346
505, 68412.56100354412
1393, 68380.41772713365
879, 68325.28267547855
878, 68325.28267547855
77, 68321.60973300487
602, 68315.11328096739
23, 68170.42291191393
308, 68107.78937690383
448, 67935.63229575849
24, 67927.70163128804
1402, 67798.05109475793
300, 67749.65444426145
1142, 67662.7221201633
25, 67590.43208260584
1073, 67582.73676569964
1331, 67482.33446888054
935, 67472.31323744562
1391, 67442.221892662
333, 67147.71892859873
684, 67119.32418013959
321, 66884.01508395514
84, 66876.83823311522
1266, 66764.07205951636
1092, 66619.71363338911
1366, 66580.00746400366
685, 66549.32581049658
975, 66526.58467885714
506, 66512.79259347504
976, 66488.7306834421
635, 66487.33944674958
634, 66487.33944674958
1186, 66414.94908247661
682, 66285.34701351203
181, 66241.58419837344
946, 66228.25657698755
725, 66183.50798716102
1377, 66169.57515717194
573, 66088.88604129877
541, 66068.06042534197
683, 65985.22587169688
590, 65938.21073316621
1038, 65801.43903604329
1341, 65792.07486129772
1006, 65750.12880416887
681, 65612.42735463237
994, 65432.21753455148
818, 65381.71695704434
1069, 65281.30626447759
126, 65070.924852809265
651, 65045.575691505976
529, 65031.742547522095
1259, 64930.166571697046
508, 64823.580653628764
1260, 64765.747271794746
842, 64749.85383531596
614, 64722.96652578893
507, 64582.17726129871
639, 64534.45634503071
724, 64486.57088671572
789, 64442.2060388599
372, 64397.55487754144
147, 64393.41335589913
675, 64257.586366197494
1357, 64214.925612169485
928, 64183.474864143674
680, 64157.899201795895
888, 63947.61210714549
957, 63941.034671039706
631, 63905.60063823865
841, 63888.679464631656
1210, 63857.64484292807
997, 63658.38678062794
873, 63658.38678062794
404, 63629.00796037473
50, 63550.940564792756
196, 63546.832977357306
1358, 63488.90692619388
1294, 63474.464038450984
837, 63417.94937613598
312, 63406.11992332731
182, 63210.575114613464
229, 63157.850696797956
230, 63137.76064966605
572, 63068.09693258406
199, 63055.334991980184
58, 62960.346027813255
1099, 62783.76092170235
111, 62769.71678535751
143, 62764.246698680094
97, 62654.53820563981
851, 62471.19374402168
989, 62445.89661735506
403, 62445.89661735506
1325, 62328.74404954575
453, 62310.90002260764
452, 62310.90002260764
523, 62298.639599640024
127, 62288.41586671914
991, 62253.438455975884
1143, 62148.11320644918
1165, 61977.051109673834
628, 61850.80927480629
936, 61828.841619026876
1345, 61648.744463670526
718, 61603.873688549014
1231, 61477.015139465875
844, 61416.32449669888
764, 61318.43125496713
293, 61314.812749125056
1238, 61292.91070819564
849, 61188.973595143085
1089, 61132.20971747487
1365, 61115.65418506109
373, 61109.95511722913
1164, 61097.00729287543
200, 61097.00729287543
549, 61085.55074821916
188, 61025.093207888494
1333, 60912.787726850256
202, 60751.373294393816
130, 60732.33689081021
245, 60630.30161671006
1258, 60588.09485732001
1361, 60466.925690162054
138, 60390.10276869027
402, 60328.492463326846
1161, 60299.65917788148
232, 60288.741626449715
1229, 60006.32351601103
1091, 59982.88164044847
1090, 59982.88164044847
591, 59953.77077383537
303, 59881.970184200996
357, 59706.4959075601
1243, 59662.23140069632
214, 59592.26720121162
679, 59535.06190044699
551, 59406.34634370955
875, 59337.83965691093
567, 59244.907698427465
1167, 59229.33962087637
744, 59206.969396238
1134, 59205.04776526039
1042, 59018.96759108789
1203, 59016.48915304638
1309, 58890.59010937594
1041, 58860.80666545789
1319, 58704.14586115249
493, 58692.75003749849
1048, 58651.84287018861
731, 58539.176134423564
457, 58518.34786592506
59, 58047.48176895241
763, 58019.50757585232
666, 57999.78017497939
405, 57940.860739442265
1202, 57907.3807440894
1163, 57877.647085311226
1320, 57809.83798073004
657, 57667.57546336786
732, 57582.367589412264
630, 57582.247056756496
726, 57566.35420825305
1250, 57451.79444748867
1087, 57153.13884973805
342, 56930.550440408886
31, 56837.41984396065
874, 56692.46351545807
532, 56505.495052046215
