329, 99635.2208101175
650, 99599.88856823424
1212, 99577.21000858252
243, 99472.26683108043
1355, 99460.78184777498
392, 99458.76961486037
1359, 99425.4934606368
171, 99000.3593633573
341, 98689.0076360793
394, 98549.82079173985
406, 98533.23826327996
615, 98502.49236884287
1261, 98416.90353302393
60, 98356.10878299388
294, 98159.97226507704
1276, 98085.33849145556
843, 98077.40623846425
810, 97798.45036151263
324, 97635.22811623912
407, 97603.84737143238
95, 97434.22874375316
1068, 97373.4197771441
355, 97350.87640999026
1252, 97302.47285406811
1208, 96920.24522783322
603, 96863.20569179741
678, 96796.45890050082
79, 96782.35135347182
1209, 96645.93987208046
1239, 96631.0080154912
1206, 96192.92912107872
323, 95911.3896284948
52, 95779.09030082398
859, 95775.25241370249
376, 95662.3701205816
716, 95547.35120468098
925, 95374.75492994429
1375, 95322.5144752005
1047, 95232.50264313321
317, 95089.98502885325
736, 95009.43173238008
884, 94994.45636494034
1104, 94903.49077768081
447, 94888.00347169481
629, 94784.0378904706
319, 94753.35464600495
1131, 94678.19382541595
974, 94523.59183369533
610, 94516.38051260474
988, 94480.14388242096
100, 94392.30441913544
1257, 94353.06320900873
714, 94264.87824277366
101, 94091.1762621794
543, 94086.6746806292
87, 94038.76350213282
472, 94021.74351403042
499, 93791.3373574843
979, 93660.8481168461
1291, 93598.79044668
462, 93533.17693089352
561, 93500.58334637372
1353, 93407.15492526355
1289, 93204.12906472018
82, 93204.12906472018
76, 93145.01343840126
779, 93124.53753299233
723, 92926.2612225153
737, 92765.27825228388
1207, 92747.03417746321
1114, 92601.5581851636
671, 92398.75245704126
75, 92321.53251326959
1205, 92134.31320841567
1095, 91845.92199684643
1014, 91580.37891011882
945, 91520.55600308547
848, 91336.05185302229
907, 91307.39137145194
197, 91297.3265478116
1254, 91198.41112453133
1213, 90967.51556507336
1332, 90920.79642922759
944, 90849.80264559198
385, 90365.32599885405
1292, 90241.59717338452
1293, 90205.03965780801
1349, 90203.74024899975
803, 90127.14219205963
735, 89861.96115168385
436, 89837.08572923961
998, 89754.47318218702
1072, 89563.77873416839
1244, 89517.41371363579
715, 89496.4974098028
616, 89495.20446616286
121, 89489.42025270725
677, 89481.69479293383
937, 89410.44393641081
906, 89376.47322395691
262, 89298.68464998012
1194, 89298.55989359818
57, 89041.38997385986
797, 89033.97527303736
1327, 89014.06165924313
894, 88971.84889289562
943, 88874.4389031068
1153, 88594.40149445362
115, 88594.26575811344
1226, 88498.23283099945
489, 88444.71874468097
8, 88403.41868143027
1045, 88112.51769599554
439, 88007.56591826487
1071, 87737.58244780972
1070, 87737.58148133729
649, 87629.61135392096
263, 87622.77317538751
585, 87494.24001344858
1053, 87481.47296267046
1033, 87435.63725603238
1107, 87372.88798556087
1335, 87364.06418930729
822, 87233.40754325232
838, 87118.13454469734
926, 87072.9849570588
916, 87027.7199585667
924, 86738.5782594569
982, 86735.07022340527
375, 86502.35168044917
1295, 86491.6935755432
118, 86388.05624462533
652, 86249.18718454255
201, 86162.40533949096
49, 86020.72983594083
9, 85982.39842891591
1339, 85873.66912437588
931, 85618.23799459246
648, 85608.44022540099
823, 85472.79199800619
1420, 85270.49670955483
393, 85224.63845631103
542, 85129.70417971657
539, 85129.70417971657
261, 84989.84649573073
721, 84864.27143425029
602, 84830.84465057199
627, 84788.99478220809
760, 84314.26512738346
722, 84287.75791134743
448, 84246.48371022055
301, 84168.16677007847
1402, 84035.0100393569
300, 83960.66925156277
1142, 83827.19866008543
893, 83745.30048148986
1073, 83704.46637544119
1215, 83635.95573845728
959, 83621.28470416219
35, 83571.69681397275
941, 83562.9428759937
1331, 83550.5036892055
935, 83535.14254081453
1233, 83435.7688234114
378, 82713.40287048773
1220, 82438.44049142224
1366, 82171.70335616374
952, 81856.43776625342
181, 81656.82994161145
946, 81636.57850093
1377, 81547.43410644749
1055, 81519.32817247097
767, 81466.87754230281
573, 81424.91726122213
541, 81393.30730545866
590, 81196.32044723631
578, 81086.7758827591
1038, 80989.02669401285
950, 80726.245129948
292, 80542.52237781358
738, 80539.4285335313
994, 80430.41957313947
1069, 80202.51684156717
911, 80140.39075005321
126, 79885.20527573643
651, 79847.0034752874
996, 79692.79358969162
1259, 79673.16474518036
336, 79524.74135407493
1260, 79425.74505279108
614, 79361.41480014872
377, 79306.76180631015
440, 79172.63151710734
265, 79138.420685497
296, 79106.70695344933
639, 79078.17727473514
559, 79063.4596035097
66, 78999.59270543975
1154, 78972.24987191393
789, 78939.70656461388
147, 78866.50321620694
1275, 78657.31810783171
1357, 78598.93150457487
928, 78551.81808221787
755, 78518.19674453196
680, 78513.51319561002
888, 78198.82331116522
631, 78136.0093678133
997, 77766.75684065092
873, 77766.75684065092
50, 77606.46721482127
196, 77600.34184278753
1358, 77513.97921885992
1151, 77502.80641256423
1294, 77492.45157123952
837, 77408.23521124639
312, 77390.61152599232
182, 77099.4961197596
1021, 76982.784451881
624, 76948.70642374278
572, 76887.63223875065
199, 76868.66557328776
1050, 76789.13681406037
58, 76727.5467771816
1099, 76465.45329740568
1156, 76451.09951528328
1049, 76316.39158685997
97, 76273.86013865471
664, 76229.50708747235
344, 76160.10944112987
851, 76002.3175094621
989, 75964.87825721734
403, 75964.87825721734
1325, 75791.5803414634
453, 75765.19691550518
452, 75765.19691550518
1064, 75737.60981043438
127, 75731.95743589586
431, 75711.22408220278
1098, 75669.72416364089
1022, 75585.25086183427
1143, 75524.65776160713
1165, 75272.18286042094
1054, 75255.88912828792
175, 75199.65922473585
628, 75086.05097449193
936, 75053.67830869394
839, 74942.78972927987
280, 74882.27834992715
718, 74722.43700098513
1231, 74535.87836993106
844, 74446.68432173389
1024, 74442.68068842626
1023, 74442.68068842626
1237, 74442.67699009056
293, 74297.58107150892
1238, 74265.42446019742
522, 74239.38786153268
340, 74120.2994671127
849, 74112.89011129274
1089, 74029.63169781328
1164, 73978.014929857
200, 73978.014929857
549, 73961.2190811034
188, 73872.60739141675
1333, 73708.10103793531
547, 73692.00751342539
548, 73671.8443407624
1129, 73493.26780636885
202, 73471.88239112716
1127, 73429.39077119989
245, 73294.87495679202
1258, 73233.20315716392
138, 72944.13968935556
806, 72926.04829718154
1372, 72866.47698291083
402, 72854.27055871974
1161, 72812.22538801689
232, 72796.30741277142
966, 72731.17258993507
707, 72714.96054260859
880, 72583.99525029393
887, 72404.44341218765
1091, 72350.843968069
1090, 72350.843968069
591, 72308.49486385325
896, 72051.67522061724
990, 72025.75089776149
357, 71949.1125900427
746, 71854.38167479707
214, 71783.30185720469
327, 71780.08814570491
669, 71711.58113474597
679, 71700.3133333471
747, 71616.70621837262
875, 71414.44996688876
1097, 71322.09878167523
567, 71279.88394573188
198, 71235.27634279791
744, 71224.97370923091
1134, 71222.19280481306
758, 71175.483279627
995, 71170.42486407176
1309, 70767.61582825254
587, 70729.6429420141
883, 70567.46518110415
1319, 70498.55585455736
493, 70482.12153692503
599, 70430.54192498782
1048, 70423.13843213007
731, 70260.77219060599
457, 70230.76986963066
1096, 70119.16137628941
766, 70077.24261085058
282, 69957.61793427465
1340, 69658.18272685014
1116, 69644.95486229427
59, 69553.64416582932
763, 69513.48459206696
666, 69485.16867319851
405, 69400.6207861113
1163, 69309.9486143279
1374, 69190.81139878552
1198, 69172.66091844229
1195, 69165.34967767872
657, 69008.90767622564
732, 68886.92435124125
630, 68886.75184726829
726, 68864.00755592869
586, 68736.4447879924
1250, 68700.13370867222
1387, 68696.54069510757
1386, 68600.54509453423
1197, 68378.8031442249
1196, 68304.36313680823
1087, 68273.51800423933
511, 68234.1151232299
1298, 68153.8402240957
1311, 67994.00208962217
342, 67956.12455304353
31, 67823.47027581517
658, 67662.918083108
874, 67617.16304520711
1380, 67581.90072540967
821, 67579.7485819432
1130, 67370.84740230843
1146, 67329.166477489
96, 67138.82699253953
660, 67084.03549999892
1093, 67046.417609496
510, 67046.417609496
774, 67009.26442152004
773, 67009.26442152004
316, 66799.94611321868
234, 66746.38557466617
1182, 66739.41596820246
1178, 66739.41596820246
1181, 66623.73314534992
1180, 66623.73314534992
1179, 66623.73314534992
1177, 66489.51514903664
948, 66406.87627418022
247, 66403.07811851705
910, 66197.2580904837
1351, 66113.35744756341
1005, 66084.32633472342
32, 65886.48381193882
1158, 65823.55441352131
1128, 65601.8772008654
784, 65514.38317416024
207, 65378.394550598394
287, 65343.56946214901
386, 65338.36359971289
383, 65325.40568358987
1007, 65313.53070417934
203, 65207.3815216766
787, 65183.510605181196
788, 65009.81714527692
1214, 64957.06228627977
132, 64820.9765011647
328, 64818.75233447512
951, 64708.46260110781
371, 64667.70660313871
1000, 64645.51067037686
566, 64613.67203827254
863, 64516.52985655582
117, 64400.266015549576
1242, 64305.60562477993
1241, 64305.60562477993
351, 64228.36010276084
1416, 64127.89893008504
1354, 64122.02116605481
881, 63957.33513603927
1322, 63841.480185327935
953, 63376.87666410607
297, 63376.87666410607
938, 63133.77172550495
1297, 63107.62050457262
1211, 63094.462544418784
91, 63067.32138550455
163, 62902.966270180135
206, 62814.130603795194
638, 62801.58880394999
225, 62801.58880394999
1269, 62766.68240923566
1251, 62755.56770169801
92, 62650.65489944144
482, 62611.22798754055
933, 62601.85739329179
917, 62453.32566667396
626, 62340.6704373027
1118, 62238.200144999675
595, 62238.200144999675
34, 62190.821325225006
1296, 62190.34518145985
1392, 62034.52961045252
339, 62013.109212266696
1268, 61957.06355824794
733, 61933.202897246585
1124, 61344.148637054815
1352, 61122.85539628693
524, 61099.53996972089
1303, 61005.69499431267
913, 60953.00868109008
588, 60952.40920913891
1305, 60799.56969108975
443, 60689.26720656001
337, 60613.58225602219
1367, 60597.20569659295
314, 60563.054982916176
1249, 60467.49990912667
33, 60443.218652921816
284, 60441.31028523462
895, 60392.43093377821
688, 60268.18856530909
686, 60163.5426051134
1336, 59974.342042980876
520, 59886.00501987116
632, 59883.81595088712
1230, 59812.93602806925
882, 59779.38077212751
389, 59680.9089313445
687, 59678.47098922622
1150, 59439.216517374196
973, 59435.6141587447
804, 59395.85772667598
174, 59373.31031731598
387, 59371.97343031453
785, 59367.216032011325
1364, 59298.61394885671
942, 59288.41465445278
1394, 59247.03244123675
162, 59020.876342470074
388, 58970.7582102979
625, 58935.57682400553
805, 58886.09672318694
918, 58881.28206385341
550, 58790.04651168253
608, 58718.866275351946
1185, 58717.41446527875
7, 58471.58375738376
912, 58409.905881126426
1265, 58377.59031678873
1126, 58342.07474300615
283, 58289.43266541667
965, 58229.39503773229
1267, 58226.02434817258
964, 58221.51969383012
963, 58221.51969383012
962, 58197.88997817602
1141, 58138.198089078265
1138, 58138.198089078265
1324, 58126.8491098581
980, 58110.797378963594
521, 58067.601804393984
1284, 58014.45763197406
1360, 57999.886196853644
1140, 57974.07644907845
954, 57933.97280102344
1139, 57892.254320479195
914, 57794.58702278719
1338, 57763.72877934251
1337, 57763.72877934251
1218, 57722.865637873576
1219, 57704.513081136254
0, 57676.50476286327
458, 57604.05794171797
668, 57582.909194274514
490, 57569.558692316336
646, 57492.48978728346
400, 57349.96975009268
1145, 57328.89554974712
1115, 57281.55271960463
505, 57250.543726158445
1393, 57228.03188731245
879, 57189.40950824497
878, 57189.40950824497
77, 57186.83623276361
23, 57080.875110288056
1025, 57052.367020246995
