89, 99752.02601760544
1417, 99686.01618972463
526, 99551.68070509448
295, 99368.5991395664
289, 99246.31432088134
589, 98862.74484927085
824, 98772.58296430172
248, 98768.4998575897
1235, 97963.41368332012
235, 97865.1604435859
325, 97727.57323742125
720, 97651.42676585974
940, 97466.2181651375
832, 97466.2181651375
929, 97415.22629261241
73, 97058.74831940894
288, 96977.91993216827
384, 96575.86575216228
12, 96573.31537314574
1347, 96500.2112749931
13, 95993.87339839924
22, 95993.85015136535
981, 95884.82734433895
281, 95695.91030140761
185, 95626.09307439101
876, 94765.19864732624
485, 94742.92554797055
1119, 94441.75173143714
484, 94431.43510464532
1406, 94336.87152744885
483, 94336.87152744885
379, 92916.30720447148
465, 92868.8613471141
356, 92650.68300664228
809, 92640.54355280702
807, 92640.54355280702
1316, 92463.47463931941
637, 92463.47463931941
1283, 92306.68153057719
307, 92183.96429307271
1174, 92083.7006163771
150, 92083.7006163771
152, 91991.5580576096
777, 90950.94292865293
552, 90733.19564471662
165, 90651.750466283
1222, 90434.33810856768
1271, 90121.15866666779
1248, 90105.95826845686
125, 88260.83269442257
1026, 88139.34123963742
1371, 88056.10801933214
343, 88017.82942568552
258, 87812.08376689332
808, 87809.71478462017
711, 86705.17932038207
224, 86538.32901651543
742, 86413.83190205361
1009, 86241.10206285704
475, 85899.68947172601
438, 85640.87976430764
891, 85547.22992205463
205, 85283.22568900538
67, 85166.63745315996
1273, 85067.40051318226
530, 85047.86331139859
909, 84995.34806468956
1390, 84910.6845756044
1281, 84476.59840145132
310, 84073.10419490961
94, 83818.10171962185
80, 83479.37082717863
47, 83170.13873780308
37, 82851.66630348531
1037, 82736.65447361126
743, 82230.21451059595
1032, 82166.99681825591
359, 82085.11817608587
999, 81520.49929816915
259, 81140.46679892832
890, 81129.15089208432
817, 80810.7761545049
477, 80469.36879730363
1063, 80430.23102790232
266, 80284.871632705
463, 80269.53445677392
710, 80253.25622616794
184, 80051.44926068276
183, 80051.44926068276
748, 79811.64840960319
113, 79336.99363807961
98, 79210.8079575969
1278, 79113.42284748938
456, 79101.64555095047
1418, 79042.76023492677
236, 78846.96859817998
934, 78711.42811667568
1307, 78356.62381353215
1094, 78228.42436834518
455, 78115.61034781855
1326, 77699.4189726618
260, 77663.15853520879
1001, 77612.68066268382
768, 77122.96507038879
331, 77085.51718772415
223, 77068.02518758211
195, 76920.46554227445
793, 76893.29454532912
833, 76855.71705611041
338, 76607.60565358089
1315, 76556.9312211958
365, 76556.9312211958
335, 76483.06283908692
257, 76368.50156780053
577, 76353.6069872361
1412, 76249.48753652084
1384, 76143.88846154015
1221, 75843.68627263783
816, 75512.44339002023
527, 75437.31034329938
1223, 74957.41746822836
825, 74860.88216791136
1062, 74846.49305344134
240, 74817.35396334084
819, 74812.88729332725
368, 74734.6213036715
1247, 74723.68174296034
1277, 74579.14909085534
786, 74363.70226965482
276, 74324.34968211624
640, 74297.28563168016
17, 74266.06540558404
10, 74266.06540558404
792, 74203.93218385955
1282, 74158.63417025145
429, 74057.54049441585
255, 73963.80363957759
430, 73498.72685918711
306, 73377.94150910382
850, 72979.01235741594
820, 72930.66419984534
642, 72792.51392365913
960, 72149.24616858228
290, 72116.42455595787
1376, 72006.0027730715
611, 71992.61844840192
1370, 71487.25187679876
1369, 71487.25187679876
563, 71434.7578361139
90, 71245.50697712721
713, 70828.90868116132
719, 70738.24756351886
1356, 70599.33410884305
752, 70504.36383340122
1176, 70470.73991054765
1083, 70326.32853415709
345, 70132.2575631522
717, 69953.13851581699
1051, 69903.78823857183
1135, 69483.67862170622
623, 69136.9520294461
1121, 69059.75345329622
770, 68813.20601161187
313, 68805.54145494716
1383, 68680.7593645499
466, 68611.6857200254
862, 68510.30975729186
468, 68417.39299644518
469, 68373.01723438675
467, 68339.75615458043
16, 68290.7277965073
872, 67893.53783684621
1175, 67707.81610969892
99, 67504.94951901438
949, 67468.68290488943
1270, 67416.71702865216
1256, 67312.19055341394
1010, 67076.01013187128
476, 66602.65926530561
519, 66480.8756036643
857, 66432.78895680406
1272, 66362.67041245998
826, 66199.86961248227
1120, 66056.17220530506
1031, 65966.46316503244
190, 65958.02027218691
334, 65790.70376848553
531, 65604.4821683775
877, 65499.09877719012
576, 65475.17053749635
14, 65475.15009550351
18, 65174.89142544409
560, 65173.503992348225
104, 65092.43468349431
237, 65088.063332767386
83, 65061.41783465007
105, 65057.97156508156
103, 65057.97156508156
525, 65048.13643477965
1343, 64999.914262526894
528, 64495.612400422986
408, 64458.34717926853
140, 64024.105050094
537, 63548.54876597475
81, 63406.08935695713
432, 63349.76506917632
1227, 63231.14588114928
78, 63223.11944897584
275, 63207.85738268496
538, 62842.99494696792
814, 62637.02194767683
1011, 62542.82995445811
570, 62323.75427108121
641, 62223.82890606555
114, 62209.658281828204
947, 62161.405786214105
921, 62070.83479911698
1019, 61828.36451134707
445, 61828.36451134707
54, 61719.21905240371
474, 61319.13482906522
244, 61266.76273177867
1330, 61156.763530194294
186, 61084.0800244582
36, 61084.0800244582
689, 61065.47911636364
569, 61029.567171570874
1378, 60992.77840431635
226, 60874.58665064025
1132, 60799.47932657863
253, 60732.22982479791
617, 60670.58465196536
800, 60639.741336906685
869, 60553.89251763598
38, 60435.074909694806
871, 60406.42031660833
1363, 60219.684956483536
790, 60194.92375100455
215, 60139.88619647454
655, 60134.379099243575
597, 60121.89299533184
173, 60002.50459727201
322, 59865.81771567383
769, 59785.545060588986
381, 59681.397615756694
927, 59655.30912882332
1133, 59546.22559259056
349, 59219.22769417521
178, 58755.911006045535
598, 58620.223976129804
1052, 58241.23612115958
977, 58039.88620611107
605, 57852.076460990385
1030, 57822.414994509076
596, 57726.49862951107
1306, 57678.23379247837
568, 57606.17696690018
1112, 57515.13431226318
1225, 57486.18204779343
48, 57093.0317368886
847, 56928.81699633106
1123, 56919.388053256494
395, 56734.709913179315
1415, 56585.98202138587
536, 56400.45522819572
535, 56400.45522819572
131, 56325.83192783768
1046, 56180.63005821559
870, 56083.12643421631
1183, 55966.35466376904
1217, 55924.158499959696
1216, 55924.158499959696
730, 55913.94258071971
332, 55863.48099140598
1078, 55794.07648845314
29, 55692.896756802555
864, 55583.650874081126
836, 55339.24112401851
534, 55322.22898402185
780, 55121.862975617885
557, 54945.56502167983
498, 54777.35941140217
492, 54683.918610761495
579, 54480.73026570825
1184, 54387.94132028124
1310, 54356.45734190114
56, 54344.89570275172
1122, 54311.77556891633
1304, 54253.73264426271
1008, 54088.90437153596
1137, 54054.41882999309
761, 53963.05997033485
618, 53852.0404637171
1012, 53834.05803315361
1013, 53805.50918428645
110, 53647.490336239556
446, 53503.27013031288
494, 53361.25947510087
956, 53335.23834985489
360, 53316.05480276101
581, 53031.56824029706
622, 52871.763042647144
621, 52871.763042647144
1111, 52863.695366826505
106, 52851.89360770069
1328, 52787.43051882623
1279, 52787.43051882623
221, 52720.80774952856
897, 52708.29672403975
889, 52665.32810969862
771, 52512.68464746096
478, 52430.43181986384
166, 52356.28703370582
1034, 52294.17215612235
278, 52257.565700398336
450, 52219.11482273695
449, 52219.11482273695
279, 51990.08975609881
904, 51904.34064270627
902, 51904.34064270627
901, 51904.34064270627
900, 51904.34064270627
756, 51831.61884038691
978, 51806.17578449689
1079, 51805.44495280838
193, 51805.44495280838
1171, 51754.79679960573
380, 51735.47998909267
584, 51680.844052786524
107, 51596.24750515457
51, 51557.558756639875
299, 51453.59530679775
354, 51381.70491693974
220, 51359.4218804158
286, 51233.41986888471
30, 51186.81280491425
315, 51146.150643831264
231, 50966.35997950107
497, 50948.98463097545
212, 50771.5704724001
211, 50747.2204149348
153, 50641.41018004894
582, 50621.45085190908
781, 50617.24955402659
867, 50584.92471420697
1224, 50480.71931663454
885, 50432.57986111336
670, 50367.321538415854
757, 50231.31595382612
241, 49976.260099745545
983, 49920.203736907046
741, 49866.39491510985
1388, 49799.350150503546
1169, 49759.20920577682
958, 49682.62446709432
1200, 49612.10442337184
370, 49590.07674572349
729, 49520.65226370527
1321, 49490.6682935501
728, 49485.97264640643
252, 49340.45802216271
486, 49289.651568446396
1274, 49270.81569864874
277, 49254.44693991127
930, 49132.2204941272
326, 49124.86361099673
509, 49048.414014029084
488, 49021.48671744413
1405, 48989.726674786754
676, 48956.662710616554
204, 48922.01953025098
433, 48916.92034394241
311, 48907.20546798705
1201, 48898.94671184662
495, 48850.29350332721
496, 48707.94467014473
1204, 48629.07931546705
540, 48529.505918758114
667, 48488.47441287895
1329, 48405.35284407447
1301, 48349.41981738367
1342, 48338.16526549132
70, 48281.77364650366
517, 48250.33661462011
846, 48249.34739428095
971, 48177.835346264634
109, 48128.29000536506
1368, 48096.79156155706
592, 48055.51925603224
120, 47836.384824753
1040, 47804.66167292605
827, 47654.30446000035
1290, 47613.97420636101
1125, 47591.00870836667
665, 47545.09950679177
1350, 47514.22916962464
892, 47469.706860643215
1411, 47465.297064115846
148, 47453.97375422448
213, 47399.7876811346
858, 47385.49533708797
347, 47316.94412876875
116, 47283.12356881153
71, 47218.09917280089
753, 47136.01090411454
778, 47000.30958038678
208, 46877.46385379412
367, 46867.56407246273
119, 46833.09158304359
734, 46639.286122024656
222, 46588.7018133638
1, 46545.7550904081
1025, 46452.50020675903
1115, 46301.66429189077
1145, 46270.77775184146
583, 46150.43801450466
490, 46115.18339292498
668, 46106.620543183155
458, 46093.070617856225
0, 46046.7896620687
1360, 45842.729217108455
1284, 45833.630216987614
980, 45773.67700055907
1324, 45763.722364275614
853, 45654.567302702475
1346, 45647.01180804094
7, 45552.27866703072
361, 45541.065419516744
972, 45535.5800732964
967, 45535.5800732964
1185, 45404.18708868716
1155, 45396.07841897331
415, 45351.465840303026
969, 45285.912059181224
420, 45267.20704846504
1287, 45133.71423650962
942, 45068.55073991916
776, 45037.71746226074
174, 45019.6179699676
1150, 44981.79979504476
1066, 44798.96815807403
772, 44769.75156870421
632, 44730.479970172906
520, 44729.258677090715
762, 44712.46499885426
565, 44576.66777527398
1189, 44434.23674490336
1249, 44410.27117151161
314, 44358.868244725745
1367, 44340.565294677624
337, 44331.8010051371
1191, 44266.3292443696
1305, 44232.83789694289
304, 44230.06890086342
588, 44152.29220128701
1303, 44124.37435382848
1124, 43948.993104179426
733, 43651.547747201774
970, 43642.58158460004
346, 43456.908099064276
802, 43447.6357113063
801, 43447.6357113063
783, 43413.703052252495
482, 43320.89882669804
1017, 43233.31524953573
638, 43230.233809281795
225, 43230.233809281795
206, 43224.292976012046
441, 43203.90760901491
938, 43074.22468921587
86, 42957.195907942965
601, 42926.76913180347
1407, 42925.68122787147
1408, 42922.20300589415
1409, 42913.52772987996
1065, 42913.52772987996
85, 42913.52772987996
1016, 42888.22971726796
1322, 42750.88997591729
968, 42676.66114497227
1354, 42626.00621644446
1416, 42623.40916376135
1015, 42462.65106427645
863, 42453.43599306262
566, 42411.478581350915
574, 42398.787123324044
1000, 42397.77234996427
371, 42388.2304272216
1300, 42381.308939182185
122, 42380.51593084864
1410, 42342.68880937721
328, 42323.58347602664
132, 42322.6352623195
903, 42296.44547434625
647, 42294.77137576996
1214, 42264.82265302418
788, 42242.51848642374
42, 42205.763084543105
787, 42169.50298697114
203, 42159.51843205865
