1289, 99997.2344209688
82, 99997.2344209688
779, 99911.14504822475
1353, 99764.58581416652
723, 99682.95165767895
561, 99658.22684863875
737, 99497.73071711465
979, 99476.80039009915
1207, 99476.74271524696
671, 99076.19393503868
472, 99072.90243816438
543, 99000.90934125628
101, 98995.92572481715
75, 98987.41505411771
714, 98804.36810687733
1205, 98772.21568201629
1257, 98707.67050902739
100, 98664.76008899609
988, 98568.97126819259
610, 98529.5612215834
1095, 98440.84744260741
1131, 98354.32768510639
319, 98273.34798204798
1014, 98135.86433827803
447, 98128.92727401337
884, 98015.33756416607
736, 97999.39970590088
317, 97913.84393001512
907, 97822.46303587088
197, 97810.91074620072
1047, 97763.19430636584
1254, 97697.3864207842
925, 97613.73363389543
716, 97433.59826351254
376, 97314.2833278423
859, 97197.74623905118
323, 97057.9354725695
1206, 96771.31731963794
385, 96741.95810565691
1239, 96331.96820281624
1209, 96317.13319881972
79, 96182.0290689915
603, 96102.30745722952
1208, 96046.22632624675
998, 96042.1876921043
1244, 95770.800816619
715, 95746.86054693599
616, 95745.38070215966
677, 95729.91832019137
355, 95627.0351800966
95, 95546.74490724038
57, 95226.14957519669
797, 95217.66910940055
1327, 95194.89366307836
894, 95146.61673991522
843, 94936.22731710073
1153, 94715.08766939599
60, 94676.54344016426
1261, 94620.28059799994
1226, 94605.18030678638
489, 94544.02831156243
341, 94370.12204272201
1045, 94164.52731868149
171, 94087.17141912137
1359, 93706.37665360376
392, 93676.83779850964
1355, 93675.0527933904
649, 93613.21347610823
1212, 93572.01035646851
585, 93458.74016464874
1053, 93444.17326313128
1033, 93391.87819896135
1335, 93310.2262286402
926, 92978.25108010403
329, 92884.78030138185
650, 92854.07276532213
243, 92743.14339356504
375, 92327.88184126471
118, 92197.68508622787
652, 92039.52708125714
394, 91940.77632680743
406, 91926.34320398481
615, 91899.58169024164
49, 91779.41133418032
9, 91735.77722685636
294, 91601.37324429223
1276, 91536.3763539337
931, 91321.36927843626
648, 91310.22283923245
810, 91286.47037745024
324, 91144.24519583506
407, 91116.89767625068
1068, 90916.050093322
393, 90873.72414435612
1252, 90854.19794014297
602, 90426.13225971027
678, 90412.87710258295
448, 89762.44385786325
52, 89524.6559695763
1402, 89522.41099632886
300, 89438.04933966973
1142, 89286.61184995636
1073, 89147.38590016784
1375, 89125.6383901132
1331, 88972.77011533099
935, 88955.3506595603
1104, 88759.22018802701
629, 88654.72540104958
974, 88426.83379549511
87, 88002.39076176943
499, 87785.67322069744
1291, 87616.97306642501
462, 87559.47558994585
1366, 87410.87241792362
76, 87219.22041145129
181, 86828.4831929301
946, 86805.58567014828
1114, 86742.53681584341
1377, 86704.80209339515
573, 86566.31151046233
541, 86530.5845214115
590, 86307.98060460207
1038, 86073.80285261752
945, 85793.29882278966
848, 85631.14381440802
994, 85443.12429606343
1213, 85307.12610668516
1332, 85266.03889823872
944, 85203.59828966965
1069, 85185.9743635291
126, 84828.09278228937
651, 84785.01853709242
1292, 84668.41942915959
1293, 84636.23714257071
1349, 84635.09321827897
1259, 84589.03975052065
803, 84567.65712808684
735, 84334.14002357238
436, 84312.2305008625
1260, 84310.1997275407
614, 84237.7175441559
1072, 84071.46078728943
121, 84005.93911187741
937, 83936.34108103933
639, 83918.67401298665
906, 83906.40200986418
262, 83837.84013036295
1194, 83837.73016577603
789, 83762.74917653765
147, 83680.33210643184
943, 83463.78662519118
1357, 83379.16198080045
928, 83326.14553759182
680, 83283.0441340343
115, 83216.64136389116
8, 83048.23773585349
888, 82929.04564167678
631, 82858.40610274518
439, 82698.796444637
1071, 82460.3582040219
1070, 82460.35735031543
997, 82443.2894571835
873, 82443.2894571835
263, 82358.93665135688
50, 82263.16435663338
196, 82256.28186948904
1358, 82159.25149422056
1107, 82138.13495766919
1294, 82135.06670919145
837, 82040.4633368269
312, 82020.66755369285
822, 82014.855377002
838, 81912.95370836019
916, 81833.01567341114
182, 81693.75055290858
924, 81577.31094130309
982, 81574.20795923879
572, 81455.92396444475
199, 81434.63684026997
1295, 81358.8962327566
58, 81276.27258948621
201, 81067.46530245767
1099, 80982.24153012717
1339, 80811.81583917783
97, 80767.37697603612
851, 80462.96099604828
823, 80456.70781177004
989, 80420.99930706866
403, 80420.99930706866
1420, 80277.43483530838
1325, 80226.7996476452
453, 80197.2386318868
452, 80197.2386318868
127, 80159.99754156354
542, 80152.63586811008
539, 80152.63586811008
261, 80028.64165478545
1143, 79927.78474795901
721, 79917.28974750375
627, 79850.53003277937
1165, 79645.06796006048
628, 79436.71141519629
760, 79429.35303519957
722, 79405.8279090842
936, 79400.4794742355
301, 79299.68024166232
718, 79029.85355853513
893, 78924.20921854438
1215, 78827.08441759204
1231, 78821.19646909345
959, 78814.05184983421
35, 78770.00000751209
941, 78762.22305709528
844, 78721.45832208586
1233, 78649.23176814598
293, 78554.75943142748
1238, 78518.81305127453
849, 78348.32628050254
1089, 78255.28574577608
1164, 78197.61046616119
200, 78197.61046616119
549, 78178.8441966815
188, 78079.8449894264
378, 78007.05076902363
1333, 77896.09021685853
1220, 77762.44236603162
202, 77632.31379166989
245, 77434.71922870711
1258, 77365.88725518236
952, 77244.38337815487
138, 77043.35032909916
1055, 76944.12161107753
402, 76943.10365323006
767, 76897.3915765314
1161, 76896.20812565158
232, 76878.45463567424
578, 76558.64531524562
1091, 76381.80095520259
1090, 76381.80095520259
591, 76334.60305789471
950, 76237.17670316051
292, 76073.29819037659
738, 76070.53816283736
357, 75934.19690317493
214, 75749.53337367716
911, 75714.45673780951
679, 75657.12669503693
875, 75338.91177302173
996, 75314.81023891525
567, 75189.16518437974
336, 75164.69759344895
744, 75128.0693607147
1134, 75124.97532733595
377, 74969.9355526925
440, 74850.06269207997
265, 74819.4847640824
296, 74791.13747590476
559, 74752.47887631884
66, 74695.38434364436
1154, 74670.93937209033
1309, 74619.39103403011
1275, 74389.31838623575
1319, 74320.30681069707
493, 74302.0426073159
755, 74264.87311577285
1048, 74236.49580608173
731, 74056.09199936484
457, 74022.76159527591
1151, 73355.87367613963
59, 73270.93274809435
763, 73226.36718941295
666, 73194.94632928587
405, 73101.13560096423
1163, 73000.54317056731
1021, 72889.84508537425
624, 72859.29365822433
1050, 72716.2181444492
657, 72666.66643566555
732, 72531.42183137643
630, 72531.2305917721
726, 72506.01649003649
1156, 72413.01825771808
1250, 72324.37355923884
1049, 72292.15357780582
664, 72214.18581990214
344, 72151.90355706867
1087, 71851.71363024131
1064, 71772.5941477831
431, 71748.89836266307
1098, 71711.62748309625
1022, 71635.75580559076
342, 71500.26499762933
31, 71353.42811984294
1054, 71339.84718877685
175, 71289.3150602975
874, 71125.12314701418
839, 71058.42415919222
280, 71004.02068163535
1024, 70608.65841151797
1023, 70608.65841151797
1237, 70608.65508432305
522, 70425.7409970439
340, 70318.56456023791
234, 70162.29385069394
1182, 70154.59265803383
1178, 70154.59265803383
1181, 70026.7788515886
1180, 70026.7788515886
1179, 70026.7788515886
547, 69932.96696830784
548, 69914.80812993278
1177, 69878.51460481301
948, 69787.24253884691
247, 69783.04787204403
1129, 69753.96099330601
1127, 69696.41612666636
1005, 69431.10678802931
806, 69242.79215930347
1372, 69189.08417135816
966, 69067.0806917299
707, 69052.46081332759
880, 68934.34544987336
887, 68772.37587177216
207, 68652.28320968157
287, 68613.88401544557
386, 68608.14405030245
203, 68463.73874634382
896, 68454.03441918317
787, 68437.42462603113
990, 68430.63391816131
746, 68275.92692535104
788, 68245.98249336382
327, 68208.84553602115
1214, 68187.84701971698
669, 68146.9828083744
747, 68061.29981389554
132, 68037.90314914404
328, 68035.45274738465
371, 67869.06265604788
1000, 67844.61513632955
566, 67809.54819868277
1097, 67795.16346241119
198, 67716.71086608143
863, 67702.56676467815
758, 67662.67647113188
995, 67658.10502587074
1416, 67274.73162201804
1354, 67268.26287571028
587, 67259.63369726013
883, 67112.96203249457
599, 66989.10454951436
1322, 66959.58243656828
1096, 66707.34957377527
766, 66669.40977167198
282, 66561.12782848995
1340, 66290.00602778926
1116, 66278.02633823529
938, 66181.47621016223
1374, 65866.60215995305
1198, 65850.15362319665
1195, 65843.52782947845
206, 65830.31547973999
638, 65816.5404397532
225, 65816.5404397532
482, 65607.49379350086
586, 65454.71607135087
1387, 65418.530349916546
1386, 65331.47166152963
1197, 65130.328851199956
1196, 65062.790194069756
511, 64999.04848249973
1298, 64926.2009470427
733, 64863.407658219905
1311, 64781.12749005003
658, 64480.52405768618
1380, 64406.944325431956
821, 64404.98964189496
1124, 64217.5863694036
1130, 64215.22737925794
1146, 64177.35854280382
96, 64004.399382899246
660, 63954.602537383435
1093, 63920.41159688864
510, 63920.41159688864
774, 63886.64126912688
773, 63886.64126912688
1303, 63846.77875857781
588, 63788.41665629964
316, 63696.3491289667
1305, 63621.043084092045
337, 63417.422106854094
1367, 63399.49564822861
314, 63362.114307373
1249, 63257.5301606918
910, 63148.13338241902
1351, 63071.77940305406
32, 62865.26785560753
1158, 62807.9748666513
520, 62621.41803231622
632, 62619.02441987576
1128, 62606.11267502869
784, 62526.42231312926
383, 62354.266749753384
1007, 62343.44731485308
1150, 62133.04786608001
174, 62061.03607509614
942, 61968.2862903715
951, 61791.92567290025
117, 61510.82469299555
1242, 61424.462291155935
1241, 61424.462291155935
351, 61353.97971846937
1185, 61344.7718268594
881, 61106.62333053638
7, 61076.49939656016
1324, 60700.463383613154
980, 60682.958992452164
1284, 60577.90961992755
953, 60576.54173744731
297, 60576.54173744731
1360, 60562.0221917589
1297, 60330.508110714385
1211, 60318.48261723432
91, 60293.676720434865
0, 60209.52587573286
163, 60143.4428806569
458, 60130.58027682146
668, 60107.53604208913
490, 60092.98936406221
1269, 60018.842310832064
1251, 60008.6793959965
92, 59912.742893486815
933, 59868.115699010305
1145, 59830.814030949434
1115, 59779.25066754144
917, 59732.259027549764
626, 59629.1985312012
1118, 59535.44146006546
595, 59535.44146006546
1025, 59529.68598560705
34, 59492.08680831306
1296, 59491.65109175192
1, 59377.23299166394
1392, 59349.049561686516
339, 59329.4433096359
1268, 59278.14152640287
734, 59225.718545062846
119, 58916.1151396365
208, 58846.04288602898
778, 58653.5976578527
1352, 58514.06853340843
524, 58492.700539095946
753, 58443.62519484852
913, 58358.39241796658
71, 58317.9183485963
443, 58116.582130128925
213, 58043.13183484494
148, 57962.085470616476
1411, 57945.201053166784
892, 57938.630355321286
33, 57890.91318153434
284, 57889.16257611628
1350, 57872.4426264926
895, 57844.322425955776
665, 57826.71146493761
1125, 57758.94469057108
688, 57730.33318168803
686, 57634.30779306127
1336, 57460.65762699606
120, 57401.5959591223
1230, 57312.48127281393
882, 57281.672179243
389, 57191.250930798524
687, 57189.012145405526
592, 57089.21322553724
1368, 57031.07457307558
109, 56986.8504968529
973, 56965.95616762027
804, 56929.43398312053
387, 56907.491735160846
785, 56903.12107663461
1364, 56840.09258092165
1394, 56792.69783895643
70, 56773.1546270419
1301, 56679.90633493262
1329, 56603.231294815596
162, 56584.858009221825
388, 56538.790020463006
625, 56506.449781075826
667, 56489.99267595816
805, 56460.962856824524
918, 56456.53658531507
550, 56372.655166792094
608, 56307.20505068536
496, 56195.0031696815
912, 56023.04089764638
1265, 55993.31178769839
1126, 55960.637238227115
311, 55932.0926394487
283, 55912.20321112125
