1111, 99985.63191150682
622, 99985.50754853197
621, 99985.50754853197
106, 99943.42141270923
221, 99475.70300367527
581, 99418.95669938345
771, 98737.33573822948
478, 98446.94228821137
278, 97839.23763069842
450, 97704.54141729599
449, 97704.54141729599
279, 96905.81593812937
1013, 96808.4250484424
1012, 96716.14307754308
618, 96658.15661871176
978, 96268.803317261
380, 96024.96984660339
1137, 96012.949663493
584, 95836.91811869931
107, 95546.41409210004
56, 95109.97105920088
1310, 95074.57947772699
299, 95058.38082172957
354, 94813.30171732046
220, 94737.45501220044
30, 94151.80819114228
231, 93408.63564627645
557, 93324.44774867938
780, 92820.21766609713
153, 92322.90188981422
534, 92257.55897523071
781, 92242.63341898847
836, 92210.28660153768
867, 92135.33960960746
1224, 91790.22270164457
885, 91631.18350482603
29, 91244.82460035862
1217, 90630.79605019915
1216, 90630.79605019915
131, 89595.3504268886
1169, 89432.27526052635
536, 89407.18400905447
535, 89407.18400905447
1200, 88958.20146882432
395, 88579.90183530089
847, 88110.84556124515
252, 88088.60284120223
1274, 87866.87245499135
277, 87814.82810697115
930, 87427.0644559392
509, 87162.05607916352
488, 87077.05733347221
204, 86763.70652278018
433, 86747.66914694251
1112, 86742.23961289985
1201, 86691.1611555477
495, 86538.3594219077
1306, 86373.88039040782
596, 86265.87010523735
605, 85986.94325094554
1204, 85846.55824148122
977, 85575.36361079475
540, 85536.73288960799
1052, 85141.3696363244
1342, 84944.08462199842
517, 84673.23701333927
846, 84670.19067632858
971, 84450.21645244624
598, 84344.21392379866
178, 84064.88928955246
1040, 83310.2484476968
827, 82854.66568725216
1290, 82732.82587706599
381, 82240.24327821318
858, 82045.44331852763
347, 81840.15043931993
116, 81739.02653559382
173, 81638.21172509219
597, 81418.23574057597
215, 81385.2610571412
790, 81284.68580028441
1363, 81239.57818918403
367, 80505.04900805457
800, 80487.42301223442
226, 80077.3828220498
1378, 79873.7785741549
186, 79717.7402638339
36, 79717.7402638339
222, 79685.7535390904
1330, 79594.28767130272
474, 79320.92549381024
583, 78412.12416920892
921, 78097.47696104267
570, 77700.73948213624
814, 77219.25572396137
853, 76991.32269445893
1346, 76969.83802517864
538, 76908.49776710651
361, 76669.08398845064
972, 76653.53856820945
967, 76653.53856820945
275, 76368.99631096382
1155, 76259.05061152548
432, 76162.86204989755
415, 76133.24112971846
969, 75948.6810139626
420, 75896.08525164085
537, 75877.5064347177
1287, 75521.5751626521
776, 75253.17975060253
140, 75210.47827022444
1066, 74588.98220300963
772, 74508.02517531435
762, 74349.49184667405
565, 73974.76374045592
1343, 73907.09218658354
525, 73844.84704799455
560, 73683.94103398653
18, 73682.16767809176
1189, 73583.3442927923
14, 73302.13777391653
576, 73302.11215249509
877, 73272.14439964239
531, 73140.71230752002
1191, 73124.02102137859
304, 73025.12628668343
334, 72910.6306220385
1031, 72695.98003954785
826, 72414.6156437281
857, 72137.94953413669
970, 71437.42586510276
1010, 71394.52086787694
949, 70954.97010274962
346, 70941.28445264336
802, 70916.57782725575
801, 70916.57782725575
783, 70826.21979877636
1175, 70692.3945067809
1017, 70347.36516317492
441, 70269.53758007074
16, 70067.94933056712
86, 69619.21770196609
601, 69539.33523183159
1407, 69536.48034835502
1408, 69527.35338100161
1409, 69504.59317004186
1065, 69504.59317004186
85, 69504.59317004186
1016, 69438.25455992669
1121, 69276.43460339803
623, 69198.92439412611
968, 68885.35240758557
1051, 68447.39163290813
1015, 68329.4843491367
574, 68164.26531531772
1300, 68119.10113023758
122, 68117.05250790833
1083, 68047.06381607833
1410, 68019.38565936683
1176, 67912.40551373668
903, 67900.1324241978
647, 67895.81818598395
752, 67881.20783899094
42, 67666.73654630291
719, 67665.80642986251
90, 67208.07675674425
563, 67040.5324311002
187, 66843.13348896272
993, 66616.27109051756
611, 66556.52033442855
1376, 66545.08506547735
290, 66451.05435315808
960, 66423.21137571207
410, 66135.50628903901
1027, 66084.95432758325
850, 65735.12443897239
267, 65523.75369165202
167, 65508.73326539542
417, 65508.23612569854
419, 65347.26987453128
553, 65216.76052306006
72, 65101.11410289783
390, 64939.19224086596
434, 64896.61071787245
1282, 64806.58634499591
26, 64779.57730970888
168, 64489.30030571055
1277, 64488.8214991651
1247, 64381.14190708447
819, 64315.068209868085
1062, 64290.25267056588
1223, 64208.635854143606
1323, 64091.16515691405
1221, 63572.29073310142
1412, 63289.95899083076
577, 63218.40337587517
1113, 63139.80924591031
233, 63139.61157021393
335, 63129.9314058429
338, 63045.3315221448
442, 62991.406468455636
223, 62736.88243596739
856, 62637.92650900312
854, 62637.92650900312
1059, 62568.64556253582
454, 62504.47918625439
855, 62493.81135264471
1001, 62380.52410829683
555, 62371.32806341705
260, 62347.95360028771
554, 62210.13080159642
709, 62144.76558539331
571, 61932.941394601796
1018, 61659.65529545819
154, 61659.65529545819
437, 61615.6817043082
1232, 61554.08123161639
1088, 61529.0451395682
1400, 61503.26397279256
155, 61386.91615703086
391, 61314.47456580492
113, 61309.535823203674
409, 61288.28143060594
1102, 61091.76268816372
1106, 61091.761485572104
1105, 61091.761485572104
922, 60788.74963039974
710, 60773.34090730838
1056, 60551.44747143833
264, 60529.01769477128
890, 60280.505068174316
259, 60274.259331128764
999, 60066.25191442171
149, 59805.53111742155
124, 59804.77230867678
359, 59763.35861553755
861, 59709.22434030513
743, 59686.68022111454
1395, 59677.74945304562
401, 59655.686985410175
151, 59580.06325138212
1101, 59507.74316182298
1037, 59422.665500558745
37, 59363.48007267693
47, 59201.05540899881
80, 59045.36808811446
607, 58934.738367518345
94, 58877.07360924941
1110, 58779.90167197078
1108, 58779.90167197078
310, 58751.89860526667
1281, 58556.44646897437
1081, 58520.27435362571
1109, 58499.763157336536
1397, 58457.37520361034
1288, 58403.498976492374
1390, 58349.67512568075
909, 58309.76175801731
67, 58229.41848475058
205, 58175.04329571533
1399, 57796.36928833776
1009, 57737.594778563674
1086, 57692.384665530626
1234, 57683.72446165115
451, 57682.13910311153
742, 57660.43226091844
224, 57605.13461968066
564, 57552.340988653574
711, 57531.43930270528
1085, 57481.94722808211
562, 57461.52497265702
860, 57446.88545054412
992, 57328.145695463594
673, 57321.98294648735
302, 57274.23346878921
866, 57237.626590573906
700, 57123.70901033823
1371, 56951.69063284443
1026, 56916.92777422127
1061, 56863.707604621835
1039, 56729.70757934592
1344, 56342.01668131915
501, 55988.75318271872
552, 55885.24029366935
815, 55760.47232531187
1317, 55736.22991707585
1228, 55640.919198542884
865, 55640.919198542884
1404, 55625.98839628141
139, 55597.40173487353
1188, 55550.7263629452
674, 55547.72147311717
1190, 55527.1786229825
794, 55279.99347157024
1316, 55248.44926816897
637, 55248.44926816897
809, 55185.423885143595
807, 55185.423885143595
273, 55155.7436120358
379, 55088.0313611556
852, 54981.52348270973
796, 54918.32780710136
1406, 54600.56808135063
483, 54600.56808135063
484, 54568.940315535394
485, 54465.46230737427
831, 54450.0811204572
256, 54222.43980345623
981, 54095.11319956829
1074, 54052.46655363486
12, 53878.41156904264
73, 53728.492505734335
362, 53641.52102506362
929, 53619.874551464294
248, 53218.51936618598
824, 53217.33400210376
227, 53207.76851461212
589, 53191.19754061534
526, 52993.8812131228
89, 52798.32181033589
1245, 52785.15622273608
1417, 52779.82313271069
295, 52690.70854282052
289, 52656.30577260658
1396, 52494.677731085074
1077, 52400.5422654306
1235, 52292.96978433291
274, 52288.529892284554
271, 52288.529892284554
235, 52264.96006312399
325, 52225.69306877266
720, 52203.93894668421
940, 52150.961132919096
832, 52150.961132919096
288, 52010.8365513568
384, 51894.96890050515
1347, 51873.11618789079
13, 51726.4521405134
22, 51726.44539047958
281, 51639.811246800586
185, 51619.47405303051
1314, 51464.121341855294
1080, 51390.43468549571
876, 51367.5745897669
1119, 51272.39085689871
654, 51186.13121825728
828, 51154.756503576595
481, 51071.744170041566
1162, 51066.22875509831
829, 51066.22875509831
465, 50805.24082120836
740, 50754.5921848791
356, 50739.87498892766
739, 50726.37975979401
1060, 50685.88815193394
123, 50671.22016444563
1283, 50636.52941832556
765, 50622.94986729918
515, 50622.94986729918
514, 50622.94986729918
502, 50610.56182907454
307, 50599.57827501041
1174, 50569.355120319706
150, 50569.355120319706
690, 50545.31436544194
152, 50541.55379279316
141, 50536.446632886255
932, 50245.13124459664
777, 50225.8275759567
165, 50134.45189632899
1222, 50067.88318214745
133, 50042.06875951033
1271, 49971.7403702117
1248, 49967.066431463034
74, 49505.352414762245
1172, 49425.34345308719
125, 49394.44661276034
6, 49324.35316191584
343, 49318.2458732143
269, 49272.19379640395
258, 49253.583565703535
808, 49252.83826066381
516, 49189.985481763426
1029, 48869.77912492533
661, 48844.53425714005
1035, 48646.49797650969
475, 48646.123635358876
353, 48607.94864856369
438, 48563.01202402723
891, 48532.88462088226
1273, 48378.07340435346
530, 48371.75399923371
145, 48197.49147850592
1004, 48182.078603647155
1147, 48161.69232112906
464, 48161.69232112906
1373, 48151.09408512851
1003, 48131.260881869144
369, 48033.48052933249
919, 47832.284210728074
503, 47780.01388510077
5, 47765.09465717835
1199, 47717.743892861145
1334, 47699.743303890566
19, 47469.353459696795
1032, 47426.016104034585
142, 47311.83844679811
93, 47280.74079035719
1302, 47176.91255363743
920, 47152.558537533034
817, 46971.01727844982
477, 46855.46905863735
1063, 46842.196834610266
266, 46792.85595570732
463, 46787.645548310225
184, 46713.46679442256
183, 46713.46679442256
830, 46661.823253767994
748, 46631.70721376476
98, 46425.95212972689
1278, 46392.481308938535
456, 46388.43119534374
745, 46378.88044954253
1418, 46368.173545087746
236, 46300.72775524668
934, 46253.95607929281
45, 46251.69598226549
43, 46240.287164993795
1307, 46131.20676620451
1094, 46086.74193271658
701, 46064.251751609656
455, 46047.56383641773
1326, 45902.626036487454
768, 45700.82441086591
331, 45687.67234952283
195, 45629.642524274735
793, 45620.07987322213
833, 45606.850196516134
1315, 45501.4710140098
365, 45501.4710140098
257, 45434.84176466169
1384, 45355.243738517056
399, 45188.54403867732
816, 45130.4525945108
527, 45103.604885968016
546, 44992.5391437539
825, 44896.909033976604
240, 44881.24892265052
368, 44851.464145035025
786, 44717.60395765073
276, 44703.37084227572
640, 44693.578780776166
17, 44682.27943932952
10, 44682.27943932952
840, 44666.43361634915
792, 44659.78068653493
1075, 44645.79680654197
429, 44606.712161394455
255, 44572.68772872706
1076, 44561.65386502727
238, 44549.84251522409
1414, 44527.92871125722
134, 44500.647012172776
558, 44439.70584444031
430, 44403.366922036
1057, 44382.23613103393
306, 44359.25367208815
820, 44195.39763391984
642, 44144.62732908824
1313, 43826.36840965098
1136, 43815.64596967898
418, 43799.91957639367
471, 43789.366206104394
423, 43737.286400300596
424, 43730.719966479715
1370, 43661.17279029789
1369, 43661.17279029789
1028, 43650.31191522313
659, 43546.64536016208
1382, 43473.381869491015
834, 43466.07849515287
1398, 43458.130889642984
1044, 43446.25847862049
713, 43414.71330714357
1356, 43328.35149788444
270, 43223.79557215748
268, 43223.79557215748
345, 43151.97428647938
717, 43084.095448812885
1135, 42905.55402948684
309, 42894.91256843092
770, 42648.958908436005
313, 42646.0146310984
868, 42608.66786258422
1383, 42598.04549728833
466, 42571.46350994456
862, 42532.41364104238
468, 42496.58373605171
469, 42479.45885546543
467, 42466.61767876596
