432, 100000.0
275, 99646.85469459256
537, 99508.65001004099
538, 98743.05670287141
140, 98364.5806609699
814, 98235.48514392597
570, 97467.13799108549
921, 96849.97651794631
1343, 96146.98167905294
525, 96041.66565238932
560, 95769.66691047134
18, 95766.67117796988
14, 95125.68168399975
576, 95125.63853552405
877, 95075.17664538567
474, 95032.2380217252
531, 94854.00667745985
1330, 94642.80987770206
186, 94468.85380006058
36, 94468.85380006058
334, 94467.39973214027
1378, 94250.65866187299
1031, 94107.37160923371
226, 93968.72918756535
826, 93636.39337612611
800, 93410.30186121908
857, 93174.32433747419
1363, 92417.27793036171
790, 92358.97294324367
215, 92229.46826484501
597, 92187.15726244396
1010, 91937.80472847857
173, 91906.75729034159
949, 91210.19441457411
381, 91155.52915635981
1175, 90776.7664422089
16, 89749.67336788028
178, 89014.01477044217
598, 88702.96076091858
1121, 88455.14950022445
623, 88328.82150785062
1052, 87838.0564350805
977, 87380.86993673912
1051, 87108.000063331
605, 86955.87095165208
596, 86672.47156771022
1306, 86563.7136871152
1083, 86460.66950102951
1176, 86243.38985591724
1112, 86196.86595291639
752, 86193.08362412995
719, 85846.08907741247
90, 85110.69019670594
847, 84886.63095434118
563, 84842.17633282376
395, 84455.77802486476
611, 84068.4753928541
1376, 84050.23173675081
290, 83900.27907264607
960, 83855.89869904151
536, 83717.21056131786
535, 83717.21056131786
131, 83552.9018779274
850, 82762.21515234833
1217, 82672.08333324417
1216, 82672.08333324417
29, 82167.69559673901
836, 81400.2030469571
534, 81363.40026430174
1282, 81295.71254793239
780, 80930.74388496831
1277, 80796.29779596248
1247, 80627.34549580785
557, 80551.27454667463
819, 80523.7445969781
1062, 80484.84868619619
1223, 80356.97570509836
1221, 79362.78002797985
1310, 79291.4511220737
56, 79266.85155401833
1412, 78923.25974669766
577, 78812.01926769373
335, 78674.56644260026
1137, 78650.37860486354
338, 78543.21810955643
618, 78222.65414631291
1012, 78184.71884510283
1013, 78124.51642382967
223, 78065.05837502703
1001, 77514.05771377697
260, 77463.77341131149
581, 76503.39824494788
622, 76171.2709512339
621, 76171.2709512339
1111, 76154.52715016005
106, 76130.0376204
113, 75867.25150449308
221, 75858.34824186751
771, 75428.2069065831
478, 75258.61965082455
710, 75047.89217713334
278, 74902.96170818165
450, 74823.99074514324
449, 74823.99074514324
279, 74354.65677849228
890, 74297.77930088452
259, 74288.29137826497
978, 73979.05333612072
999, 73972.56747208693
380, 73834.97639562516
584, 73723.7443730192
107, 73551.71400954624
359, 73513.72537071162
743, 73397.73773493416
299, 73262.16826223007
354, 73116.50775775398
220, 73071.39404521664
1037, 72998.89877754012
37, 72909.60024219153
30, 72722.49356592828
47, 72664.7437420443
80, 72430.33048197294
231, 72278.32196606787
94, 72177.25002128903
310, 71989.22427662284
1281, 71695.99576413867
153, 71626.53024484222
781, 71578.20672318684
867, 71513.58387614101
1390, 71386.26328856658
909, 71326.53165129897
1224, 71305.49201416686
885, 71209.48007306589
67, 71206.35070019709
205, 71125.05586386689
1009, 70472.26748961669
742, 70357.3469894267
224, 70275.03217095083
711, 70165.38500227814
1169, 69874.34532637786
1200, 69584.61320753406
1371, 69304.95587288213
1026, 69253.48360224975
252, 69051.40251281057
1274, 68915.08015374567
277, 68883.06119142038
930, 68644.24163106881
509, 68480.76377025338
488, 68428.28476963713
204, 68234.6294313611
433, 68224.7100649713
1201, 68189.75275138508
495, 68095.176897262
552, 67732.07594152505
1204, 67666.0979185711
540, 67473.4583448256
1342, 67104.14623705698
517, 66935.00544491502
846, 66933.10175810712
1316, 66798.94262970587
637, 66798.94262970587
971, 66795.56174954394
809, 66706.83175199879
807, 66706.83175199879
379, 66564.58004181765
1040, 66080.38459311656
1406, 65854.16210656767
483, 65854.16210656767
484, 65808.15882614236
827, 65793.43408394585
1290, 65716.58266114326
485, 65657.72451087121
858, 65282.13694685354
347, 65152.097305378324
981, 65120.27935011448
116, 65087.99299580411
12, 64806.50012612927
73, 64589.72003661819
929, 64432.813272525615
367, 64303.14105135535
248, 63854.13600250047
824, 63852.42951810589
589, 63814.80657280701
222, 63779.36082295283
526, 63531.011562627304
89, 63250.15780461453
1417, 63223.612143073085
295, 63095.783997281585
289, 63046.458664117796
583, 62960.83980196597
1235, 62526.297251931894
235, 62486.25651380287
325, 62430.137294293294
720, 62399.05404780437
940, 62323.37817576899
832, 62323.37817576899
288, 62123.36246365277
853, 62041.53100052827
1346, 62027.579090820625
384, 61958.12962653815
1347, 61926.9826440433
361, 61832.113848102876
972, 61822.00254458936
967, 61822.00254458936
13, 61718.07183777267
22, 61718.062228173934
281, 61594.76653649018
185, 61565.83467412819
1155, 61565.14747627995
415, 61483.12393598856
969, 61362.702527294496
420, 61328.36436859466
876, 61207.84420706422
1287, 61083.593871429875
1119, 61072.74753675358
776, 60907.89161451725
1066, 60472.052695916675
772, 60418.82914613376
465, 60411.09727999653
356, 60318.699490471874
762, 60314.54126230631
1283, 60172.70715278573
307, 60120.534918216006
1174, 60077.872755856566
150, 60077.872755856566
565, 60067.70002812708
152, 60038.63764308387
1189, 59809.36133460148
777, 59593.631877373446
1191, 59505.548936288455
165, 59465.035485412
304, 59440.043495609985
1222, 59371.40577475842
1271, 59236.26136445299
1248, 59229.69383820042
125, 58426.80389916387
970, 58383.85285096521
343, 58320.21678590119
258, 58229.81639811918
808, 58228.774685240256
346, 58052.04177051586
802, 58035.496349792505
801, 58035.496349792505
783, 57974.96795814735
1017, 57653.72789046691
441, 57601.44261903285
475, 57382.67140957941
438, 57267.06191228113
891, 57225.171755495954
86, 57163.73435387434
601, 57109.86725886126
1407, 57107.94171770338
1408, 57101.78563718642
1409, 57086.432763584795
1065, 57086.432763584795
85, 57086.432763584795
1016, 57041.67388119778
1273, 57010.063845093464
530, 57001.28834263814
968, 56668.03418612424
1015, 56291.316298097336
574, 56179.137276870715
1300, 56148.455437547585
122, 56147.063556863075
1410, 56080.68940057071
903, 55999.59980947502
647, 55996.6652861765
42, 55840.75116844518
1032, 55692.57573235006
187, 55278.67548396258
993, 55123.4298981232
817, 55066.18409414194
477, 54907.44306000408
1063, 54889.21819063785
266, 54821.48089063264
463, 54814.32924799597
410, 54793.83114365009
1027, 54759.1263942725
184, 54712.543434594474
183, 54712.543434594474
748, 54600.419552813175
267, 54373.240839581274
167, 54362.89723046872
417, 54362.554868284155
98, 54318.54714486826
1278, 54272.73424434005
456, 54267.191447449084
419, 54251.65670845164
1418, 54239.47023770025
553, 54161.67379652947
236, 54147.204911684465
934, 54083.248359607336
72, 54081.88747043459
390, 53970.094317865114
434, 53940.6797898064
1307, 53915.50250488508
26, 53859.80169877855
1094, 53854.775239812334
455, 53801.28463271572
168, 53658.98765475055
1326, 53603.531431690375
1323, 53383.062908679734
768, 53328.541872040994
331, 53310.633986281
195, 53231.640939472425
793, 53218.62700185277
833, 53200.62405896591
1315, 53057.286148901694
365, 53057.286148901694
257, 52966.7131975211
1384, 52858.568757314875
1113, 52721.40719038209
233, 52721.269367617286
442, 52617.89822958149
816, 52553.49908166045
527, 52517.09679807981
856, 52371.02687255264
854, 52371.02687255264
1059, 52322.58733521591
454, 52277.70810798762
855, 52270.245353427104
825, 52237.08026847119
240, 52215.88226378728
555, 52184.53147154274
368, 52175.57135053458
554, 52071.64169506322
709, 52025.83790799801
786, 51994.51198328871
276, 51975.27063778363
640, 51962.03418446682
17, 51946.761432388186
10, 51946.761432388186
792, 51916.354738222006
571, 51877.2971213747
429, 51844.6532147538
255, 51798.696956162974
1018, 51685.41254383333
154, 51685.41254383333
437, 51654.5113094508
1232, 51611.21127493876
1088, 51593.60897283187
1400, 51575.48040823806
430, 51570.16708367461
306, 51510.674244542046
155, 51493.63748992922
391, 51442.65440685087
409, 51424.2153767232
820, 51289.85856430496
1102, 51285.79226126416
1106, 51285.79141374994
1105, 51285.79141374994
642, 51221.49281101924
922, 51072.0767400187
1056, 50904.469265840766
264, 50888.616196864525
1370, 50571.748344667
1369, 50571.748344667
149, 50376.25991770398
124, 50375.72152107139
861, 50307.91027208207
1395, 50285.56477980108
401, 50269.89939216711
713, 50241.39186521426
151, 50216.18915454242
1101, 50164.80521509078
1356, 50125.771227917336
345, 49889.86303974899
717, 49799.15390525625
607, 49756.986999317276
1110, 49646.57480415951
1108, 49646.57480415951
1135, 49560.77460594661
1081, 49461.234691182224
1109, 49446.58151555569
1397, 49416.29456965583
1288, 49377.78924264559
770, 49218.72046641828
313, 49214.79927658652
1383, 49150.92570932422
466, 49115.539844270446
862, 49063.56908878077
468, 49015.896614019024
469, 48993.115939985524
467, 48976.03558615195
1399, 48943.11362266789
1086, 48868.525289692785
1234, 48862.31145674883
451, 48861.173906081414
564, 48768.00672947273
872, 48746.43551301875
1085, 48717.452292823
562, 48702.78218099768
860, 48692.26505654017
992, 48606.9314798683
673, 48602.50108738079
302, 48568.169136278535
99, 48545.79429333085
866, 48541.84283882465
1270, 48500.146479606476
700, 48459.88483471036
1256, 48446.025433227034
1061, 48272.640984742735
1039, 48176.037831798254
476, 48077.399926305116
519, 48013.9094231804
1272, 47952.22268923724
1344, 47896.156190025235
1120, 47791.988743755566
190, 47740.58902792478
501, 47640.62513118681
815, 47475.243638020394
1317, 47457.66904272269
1228, 47388.55127650308
865, 47388.55127650308
1404, 47377.72052227966
139, 47356.98144761331
1188, 47323.11256542216
674, 47320.93184921062
1190, 47306.022504232424
104, 47285.46753028233
237, 47283.16068762138
83, 47269.09753204977
105, 47267.27840466747
103, 47267.27840466747
794, 47126.4952595298
273, 47036.16479876171
528, 46969.72719336933
408, 46949.95988077737
852, 46909.404678417835
796, 46863.39523730338
831, 46522.00503681465
81, 46389.216325883455
256, 46355.72683391933
1227, 46295.50510564909
78, 46291.20228885548
1074, 46231.43951566546
362, 45930.48139085945
1011, 45925.44570200717
641, 45753.206199209315
114, 45745.54415302155
947, 45719.447133847716
227, 45612.10053767708
1019, 45539.031472792405
445, 45539.031472792405
54, 45479.79355769539
1245, 45301.18323848452
244, 45233.63706361384
689, 45123.823717429346
569, 45104.21153811982
1396, 45087.06757872103
1077, 45017.60728452536
1132, 44978.413243938456
253, 44941.59842835001
274, 44934.91022412962
271, 44934.91022412962
617, 44907.8329986123
869, 44843.86739592086
38, 44778.67094820221
871, 44762.93793659997
655, 44613.378962095834
322, 44465.39009698781
769, 44421.090085945616
927, 44349.15180460136
1314, 44324.725367615516
1133, 44288.835399698284
1080, 44270.05423086129
654, 44118.35948130049
349, 44107.686158167744
828, 44095.04903210416
481, 44033.35438120938
1162, 44029.254353268654
829, 44029.254353268654
740, 43797.39272826123
739, 43776.38305293333
1060, 43746.22352522619
123, 43735.296680986445
765, 43699.331849042
515, 43699.331849042
514, 43699.331849042
502, 43690.100359778786
690, 43641.46815397286
141, 43634.85726452575
932, 43417.50550177182
1030, 43328.10174454441
133, 43265.79696053758
568, 43206.57097335185
1225, 43139.03260886192
48, 42917.25667963432
74, 42864.01084630713
1123, 42819.06272007136
1172, 42804.015977823234
6, 42728.25105868042
269, 42689.103817962496
1415, 42630.10790571664
516, 42627.38141242291
1046, 42399.63738010374
1029, 42386.70628842117
661, 42367.71381829939
870, 42344.0780807279
1183, 42277.4771384409
