580, 61183.85751366525
254, 51082.25803238985
374, 44828.60349675841
898, 42404.600836104226
923, 39337.035779910555
1160, 36317.39422565407
1157, 30913.49371837212
1253, 30702.708193544866
1187, 30410.025162521186
939, 29558.436356005892
320, 28316.505704288757
1166, 27398.164128265595
487, 27163.385951523866
491, 26802.55551574413
28, 26321.83319877403
27, 25835.047416882397
672, 24883.044427675704
69, 24419.962494249885
593, 24111.013317997782
318, 23701.77476734115
1385, 23666.747891714414
129, 23474.683138877655
533, 22952.894470945303
144, 22793.611518078334
298, 22744.281174126107
708, 22623.29781415016
128, 22430.02759861656
532, 22323.98818200317
1320, 22126.75100214728
1202, 22112.49444147671
1041, 21976.561627910705
1203, 21954.93782175911
1042, 21954.59484023451
1167, 21925.625612387266
551, 21901.468486786962
1243, 21866.89263422531
303, 21837.52279379852
1229, 21821.031946035226
1361, 21760.753743213016
68, 21756.519313314395
130, 21726.583604555588
373, 21678.660507556786
1365, 21677.943390720873
764, 21652.545223682777
1345, 21611.656112358225
991, 21538.314940449323
523, 21532.90961364078
143, 21477.838735204172
111, 21477.19826353812
230, 21434.44688279675
229, 21432.132463163674
404, 21378.413915509318
1210, 21352.72728874324
841, 21349.259554414566
957, 21343.419685130262
675, 21308.380417426302
372, 21293.03338065482
724, 21283.31919606781
507, 21272.925465351385
842, 21254.795162465005
508, 21246.862747598458
529, 21224.59496121608
818, 21187.580166343385
681, 21163.46485509541
1006, 21149.178018971943
1341, 21144.841723323545
683, 21124.968093589636
725, 21104.725655203783
682, 21094.39105631002
1186, 21081.29945030782
635, 21074.016276875584
634, 21074.016276875584
976, 21073.87650951349
506, 21071.46040374981
975, 21070.07654974114
685, 21067.796426032797
1092, 21060.752024566696
1266, 21046.365776378283
84, 21035.18469681299
321, 21034.474769552045
684, 21011.30863476118
333, 21008.527590476857
1391, 20979.864380286857
25, 20965.563255953894
24, 20933.32365103006
308, 20916.27998201582
23, 20910.379866422743
77, 20896.196183421758
879, 20895.852623945066
878, 20895.852623945066
1393, 20890.70119501021
505, 20887.702956037425
400, 20874.49930573675
646, 20855.681366256747
1219, 20827.92050254163
1218, 20825.530596110948
1338, 20820.216737813593
1337, 20820.216737813593
914, 20816.21069360921
1139, 20803.56970375154
954, 20798.187773475118
1140, 20793.024086802525
521, 20781.019529608675
1141, 20771.99277987329
1138, 20771.99277987329
962, 20764.383497140116
964, 20761.37712375608
963, 20761.37712375608
1267, 20760.80437898826
965, 20760.37589092392
283, 20752.75505889033
1126, 20746.09047021265
1265, 20741.603332550087
912, 20737.52691783245
608, 20698.85977989764
550, 20690.029275975867
918, 20678.752927388563
805, 20678.159166268717
625, 20672.064695493904
388, 20667.739800783223
162, 20661.590733404984
1394, 20634.017759951632
1364, 20627.768638882826
785, 20619.480136989216
387, 20618.906305096487
804, 20616.027280242848
973, 20611.24193109664
687, 20582.19623721073
389, 20581.906270872187
882, 20570.22070458893
1230, 20566.250543796068
1336, 20547.23679946008
686, 20525.123032709602
688, 20512.9719414374
895, 20498.618625194464
284, 20492.993411195424
33, 20492.774036387967
443, 20464.64425928152
913, 20434.828451181016
524, 20418.411586022146
1352, 20415.80908840527
1268, 20324.405253806915
339, 20318.381398067464
1392, 20316.082923912185
1296, 20299.426638925674
34, 20299.375910042687
1118, 20294.333265046618
595, 20294.333265046618
626, 20283.46184317918
917, 20271.564399359148
933, 20255.964685310624
92, 20250.86103137968
1251, 20239.923911346385
1269, 20238.76803985837
163, 20224.639119317842
91, 20207.70722551311
1211, 20204.922342325266
1297, 20203.57337667447
953, 20176.1311661845
297, 20176.1311661845
881, 20118.004854958253
351, 20091.33713683421
1242, 20083.790522254145
1241, 20083.790522254145
117, 20074.574917509537
951, 20044.81528962376
1007, 19987.456548987135
383, 19986.344718714292
784, 19968.721917248367
1128, 19960.607646248453
1158, 19940.174926565076
32, 19934.40715293492
1351, 19913.73172708367
910, 19906.13239163898
316, 19852.271499638875
774, 19833.858960627585
773, 19833.858960627585
1093, 19830.606374006853
510, 19830.606374006853
660, 19827.317860399628
96, 19822.53658897276
1146, 19806.005250403654
1130, 19802.401316262156
821, 19784.425293574157
1380, 19784.24084849429
658, 19777.30844988181
1311, 19749.200215013625
1298, 19735.756392986113
511, 19729.035182504715
1196, 19723.17020153066
1197, 19716.972175263043
1386, 19698.612091715662
1387, 19690.711021488816
586, 19687.435005257186
1195, 19652.529578604284
1198, 19651.939388530416
1374, 19650.474907725486
1116, 19614.150583884802
1340, 19613.10166060912
282, 19589.493334665305
766, 19580.133943031302
1096, 19576.863899415228
599, 19552.72906962301
883, 19542.202362031465
587, 19529.801363700597
995, 19496.46053797908
758, 19496.080971705516
198, 19491.599506138777
1097, 19485.10923145904
747, 19463.23548722532
669, 19456.239939633786
327, 19451.203227633472
746, 19445.754877325653
990, 19433.24186595458
896, 19431.355508913413
887, 19405.856926343487
880, 19392.99927713034
707, 19383.67161944857
966, 19382.519918344005
1372, 19372.933217931208
806, 19368.726695772377
1127, 19333.528276295438
1129, 19329.104938269895
548, 19316.790290380573
547, 19315.404569653205
340, 19286.19449186558
522, 19278.147941328003
1237, 19264.48700248513
1024, 19264.486754812944
1023, 19264.486754812944
280, 19235.26475514924
839, 19231.276027191812
175, 19214.43368469255
1054, 19210.766073854717
1022, 19189.42077992131
1098, 19183.98375999998
431, 19181.318239206743
1064, 19179.625399670436
344, 19152.718867129584
664, 19148.335018786212
1049, 19142.860584870843
1156, 19134.403642685596
1050, 19113.34488590321
624, 19103.484399056742
1021, 19101.385183825518
1151, 19069.637069886543
755, 19009.15168590057
1275, 19001.015442724874
1154, 18982.72861935223
66, 18981.149462376587
559, 18977.46617256025
296, 18974.97622702925
265, 18973.152468212502
440, 18971.187139599984
377, 18963.50194954367
336, 18951.08097154982
996, 18941.56237841274
911, 18916.450900586813
738, 18894.35428643978
292, 18894.184021638262
950, 18884.10200424793
578, 18864.481112936148
767, 18844.026689757316
1055, 18841.22260046642
952, 18823.305709301352
1220, 18792.796586691744
378, 18778.566044086892
1233, 18741.72761048312
941, 18735.32284377583
35, 18734.882853901476
959, 18732.39259897223
1215, 18731.65652695167
893, 18726.180446389364
301, 18705.166600864115
722, 18699.27039167916
760, 18697.96627157334
627, 18674.778679496674
721, 18671.130955162706
261, 18665.06343032736
542, 18658.331487208794
539, 18658.331487208794
1420, 18651.581729744914
823, 18641.930877967254
1339, 18622.969792371987
201, 18609.445772400613
1295, 18594.15625014281
982, 18582.9463738658
924, 18582.785352910745
916, 18569.567727843387
838, 18565.45642233142
822, 18560.229751324543
1107, 18553.927829688168
263, 18542.69845350542
1070, 18537.56515780488
1071, 18537.565114660567
439, 18525.55753492727
8, 18508.112251765615
115, 18499.768924725267
943, 18487.598917541516
1194, 18469.351534102905
262, 18469.34619735825
906, 18466.022110159167
937, 18464.572651602357
121, 18461.208029418078
1072, 18458.046681710075
436, 18446.48124707568
735, 18445.432812579053
803, 18434.29944711703
1349, 18431.098227581573
1293, 18431.043978597696
1292, 18429.518510874128
944, 18404.35598839223
1332, 18401.44523332864
1213, 18399.53272223387
848, 18384.528586623415
945, 18377.071416412167
1114, 18334.095473126003
76, 18312.940938770196
462, 18298.011228635856
1291, 18295.502200035247
499, 18288.163518840254
87, 18278.785882406453
974, 18260.580375054888
629, 18250.892220885893
1104, 18246.469981834336
1375, 18231.061788194856
52, 18214.455412105894
678, 18178.121401209228
1252, 18160.385502155477
1068, 18157.91627902028
407, 18149.925888761885
324, 18148.841179069263
810, 18143.212533308066
1276, 18133.37311788703
294, 18130.824568627206
615, 18119.187042087127
406, 18118.147098824007
394, 18117.586533431804
243, 18086.751527716093
650, 18082.53860242676
329, 18081.374502405688
1212, 18055.560577390013
1355, 18051.729014163826
392, 18051.66272854524
1359, 18050.56624951084
171, 18036.50465336484
341, 18026.143671043505
1261, 18017.044894473052
60, 18015.006383644573
843, 18005.634789321186
95, 17983.840576023642
355, 17980.998978229756
1208, 17966.25473544686
603, 17964.293768183838
79, 17961.510844264987
1209, 17956.807106253338
1239, 17956.291569713285
1206, 17941.10853470934
323, 17931.29135295897
859, 17926.527469696466
376, 17922.56899554694
716, 17918.527779521217
925, 17912.448716926538
1047, 17907.42495877113
317, 17902.37959518211
736, 17899.52243871908
884, 17898.99084175153
447, 17895.2080433529
319, 17890.413427741074
1131, 17887.73226844967
610, 17881.948281246325
988, 17880.65080823726
100, 17877.502315443384
1257, 17876.09422913062
714, 17872.92643506521
101, 17866.672616043732
543, 17866.510296236425
472, 17864.167582068167
979, 17851.098572106635
561, 17845.268771503066
1353, 17841.862746494437
1289, 17834.442201752263
82, 17834.442201752263
779, 17831.526013048846
723, 17824.243724901124
737, 17818.31264592107
1207, 17817.639431976357
671, 17804.74653523876
75, 17801.87732766871
1205, 17794.904840970583
1095, 17784.119626605552
1014, 17774.140473996682
907, 17763.832822252534
197, 17763.45183871152
1254, 17759.703992453324
385, 17727.877209191935
998, 17704.239104042143
1244, 17694.99592402641
715, 17694.17849087354
616, 17694.127951092258
677, 17693.599802359207
57, 17676.316160137652
797, 17676.02393183306
1327, 17675.23890306726
894, 17673.573872341218
1153, 17658.629457477913
1226, 17654.805503699663
489, 17652.674741087867
1045, 17639.401229259405
649, 17619.962707435272
585, 17614.482824738025
1053, 17613.96531077868
1033, 17612.106360384263
1335, 17609.200469823118
926, 17597.343281913832
375, 17573.913872225276
118, 17569.191420366387
652, 17563.440224687438
49, 17553.9466153059
9, 17552.34980943147
931, 17537.12294331131
648, 17536.711840121447
393, 17520.548872850002
602, 17503.84446539607
448, 17478.828263937983
1402, 17469.707269150207
300, 17466.492259102175
1142, 17460.70873827443
1073, 17455.377644148608
1331, 17448.672479984885
935, 17448.002420286168
1366, 17387.74186067625
181, 17364.57362458615
946, 17363.657648886423
1377, 17359.621377050662
573, 17354.06272371185
541, 17352.626426734925
590, 17343.65589732016
1038, 17334.17896867181
994, 17308.45005741376
1069, 17297.872337431443
126, 17283.066089145592
651, 17281.277315104042
1259, 17273.120464815944
1260, 17261.462860862008
614, 17258.422513161713
639, 17244.990262429757
789, 17238.39600999884
147, 17234.902608192966
1357, 17222.0903504704
928, 17219.82734071902
680, 17217.985870631834
888, 17202.804193636417
631, 17199.762424087166
997, 17181.80394847353
873, 17181.80394847353
50, 17173.96689348413
196, 17173.666905002727
1358, 17169.433389439124
1294, 17168.37695549579
837, 17164.239782200828
312, 17163.373122704354
182, 17149.012702855805
572, 17138.5085497232
199, 17137.565993379005
58, 17130.541670854836
1099, 17117.44232508989
97, 17107.822379628844
851, 17094.123752843403
989, 17092.22908522158
403, 17092.22908522158
1325, 17083.44020455995
453, 17082.099426028577
452, 17082.099426028577
127, 17080.40919996693
1143, 17069.842036035527
1165, 17056.91125295214
628, 17047.3352582909
936, 17045.666022470883
718, 17028.522012460613
1231, 17018.814561478845
844, 17014.160147972936
293, 17006.360249193185
1238, 17004.67490487134
849, 16996.665148849494
1089, 16992.28242376918
1164, 16989.561499636937
200, 16989.561499636937
549, 16988.67549313011
188, 16983.995955676874
1333, 16975.285497695873
202, 16962.72547255921
245, 16953.272989215035
1258, 16949.971366017187
138, 16934.439109390838
402, 16929.59088848622
1161, 16927.319499812478
232, 16926.459044191204
1091, 16902.261569054604
1090, 16902.261569054604
