743, 99656.68399280372
1037, 99601.70478775627
359, 99443.65236338114
37, 99435.53514073302
47, 98980.6569430831
999, 98616.18778373417
80, 98546.21849120682
94, 98078.32090559219
259, 98060.59176550784
890, 98044.06489023354
310, 97731.45876843423
1281, 97191.81412295197
710, 96767.73142421084
1390, 96623.49844135759
909, 96514.09973531982
67, 96294.18383946498
205, 96145.57283845256
113, 95438.6958433178
1009, 94956.56198543686
742, 94748.03368905431
224, 94598.81493186229
711, 94400.23642814175
260, 93026.82212980742
1001, 92954.40663910315
1371, 92849.35050861601
1026, 92756.98859503877
223, 92174.22729505386
338, 91516.39373577342
335, 91338.71505884631
577, 91154.1463037014
1412, 91005.78835318034
1221, 90428.31693079523
552, 90047.85997381817
1223, 89171.24339170838
1062, 89014.30626082091
819, 88966.77782476132
1247, 88840.65409421822
1277, 88636.42657021715
1316, 88406.00467490187
637, 88406.00467490187
809, 88244.73912350132
807, 88244.73912350132
1282, 88043.07824522679
379, 87995.97050484671
1406, 86758.70378136143
483, 86758.70378136143
484, 86678.87634898827
485, 86418.08136229755
850, 86385.33101641701
981, 85489.43758184744
960, 85225.12897924762
290, 85179.33632152963
1376, 85025.33145278753
611, 85006.67018569735
12, 84949.47641387931
73, 84577.38266933471
929, 84308.54075223551
563, 84229.97993343277
90, 83966.98579931987
248, 83320.5250033472
824, 83317.61947770526
719, 83263.29721482765
589, 83253.57323703748
752, 82939.4468012884
1176, 82892.92011480531
526, 82771.20391205334
1083, 82693.18162060312
89, 82295.11705215616
1417, 82250.18424192659
1051, 82109.58464596978
295, 82033.97339867547
289, 81950.61392802827
1235, 81073.91978440221
623, 81053.59944561408
235, 81006.61336249197
1121, 80947.5154505653
325, 80912.32285564094
720, 80860.11893492649
940, 80733.08657246649
832, 80733.08657246649
288, 80397.77098871928
384, 80121.24572946607
1347, 80069.1681524596
16, 79892.96795880354
13, 79720.26676564137
22, 79720.25073252217
281, 79514.65804796151
185, 79466.44952668049
1175, 79096.3189085176
876, 78871.02611429198
949, 78770.16927339401
1119, 78646.85021109761
1010, 78235.44894686408
465, 77553.03381657372
356, 77400.82588835323
857, 77361.79241396431
1283, 77160.60004111801
307, 77074.83205063485
826, 77046.11521898601
1174, 77004.7292341748
150, 77004.7292341748
152, 76940.28253117003
1031, 76730.14273333573
334, 76492.45027633781
531, 76240.83429429239
777, 76210.98239982681
877, 76098.54660194225
576, 76066.24923244177
14, 76066.22164229964
165, 76000.79680268816
1222, 75847.92179283024
18, 75661.2690314045
560, 75659.3992227215
1271, 75627.49898058902
1248, 75616.79432523032
525, 75490.49737130999
1343, 75425.55772122207
125, 74313.0638205656
343, 74140.72012247672
140, 74114.77135084446
258, 73994.68307048881
808, 73993.00095380907
537, 73478.2450988827
432, 73212.61650663443
275, 73023.14830909364
475, 72632.10711618408
538, 72536.60780051892
438, 72446.98563707255
891, 72379.95727278387
814, 72262.32945771166
1273, 72036.17244924522
530, 72022.16198338848
570, 71845.7060633682
921, 71509.80799784754
474, 70513.94057620005
1330, 70299.30841928639
186, 70203.28618011546
36, 70203.28618011546
1378, 70082.71586538637
1032, 69945.39582790114
226, 69926.71508012511
800, 69617.01092469577
1363, 69063.94295414178
790, 69031.37643523791
817, 68960.20280512536
215, 68959.00383602636
597, 68935.3475732662
173, 68778.4362204688
477, 68711.43136018174
1063, 68682.89334682906
266, 68576.86639108568
463, 68565.67599815693
184, 68406.48800801601
183, 68406.48800801601
381, 68356.86030808189
748, 68231.30329672869
98, 67791.69226480296
1278, 67720.34889743858
456, 67711.71925214316
1418, 67668.56632992043
236, 67525.01780929779
934, 67425.5836392935
1307, 67165.06217729479
178, 67145.48556044571
1094, 67070.84652561146
455, 66987.90140864805
598, 66968.3418801705
1326, 66681.60641344456
1052, 66474.17940197585
768, 66256.59726737502
331, 66228.95664611681
977, 66212.00875660486
195, 66107.08544614991
793, 66087.0158167736
833, 66059.25623413341
605, 65967.69905149631
1315, 65838.39868522035
365, 65838.39868522035
596, 65804.46696833905
1306, 65741.75645535305
257, 65698.99045334263
1384, 65532.6865503247
1112, 65529.94978944595
816, 65064.43027395914
527, 65008.642246188654
847, 64769.918263085136
825, 64580.119377525116
240, 64547.723239511055
395, 64518.77597061027
368, 64486.13467561088
786, 64209.78190742006
276, 64180.440221852594
640, 64160.25853210424
17, 64136.975086003724
10, 64136.975086003724
792, 64090.6293751995
536, 64086.858117948985
535, 64086.858117948985
131, 63990.52649160981
429, 63981.39270734655
255, 63911.41592252527
430, 63563.86826783678
306, 63473.50919829487
1217, 63472.60014652404
1216, 63472.60014652404
29, 63174.861563010956
820, 63138.552778415855
642, 63034.98345558729
836, 62720.188498555144
534, 62698.336586066114
780, 62441.10335260931
557, 62214.97436611982
1370, 62053.839592553275
1369, 62053.839592553275
713, 61557.178019630985
1310, 61460.74464720359
56, 61445.96375380036
1356, 61383.70002474475
1137, 61074.875210042104
345, 61030.29868301817
717, 60894.61078906242
618, 60816.63983820602
1012, 60793.70634806553
1013, 60757.30128111988
1135, 60538.55390171868
770, 60028.9657178685
313, 60023.13299487676
1383, 59928.1505624724
466, 59875.55372748313
862, 59798.335538928695
581, 59772.28158218212
468, 59727.535206390756
469, 59693.71332627569
467, 59668.35907067125
622, 59569.3473495677
621, 59569.3473495677
1111, 59559.106449147694
106, 59544.12631244767
221, 59377.79415486971
872, 59327.91271180228
771, 59113.925457790894
99, 59030.97544104946
478, 59009.713756027835
1270, 58963.49335705859
1256, 58883.520620756826
278, 58790.83158668568
450, 58742.16989927835
449, 58742.16989927835
279, 58452.51151329181
476, 58339.83825556249
519, 58246.37630090529
978, 58220.13671913078
1272, 58155.62004572364
380, 58130.86711892794
584, 58061.897419270994
107, 57955.142443497076
1120, 57920.10875087882
190, 57844.63250739358
299, 57775.22294468933
354, 57684.597927570205
220, 57656.51424940587
30, 57439.073358433736
104, 57177.82180375695
237, 57174.44882675018
231, 57161.62258714905
83, 57153.88770832449
105, 57151.22822942535
103, 57151.22822942535
153, 56753.188781007135
781, 56722.84622708238
528, 56716.79767943177
408, 56687.97747671981
867, 56682.25596342058
1224, 56551.44792650395
885, 56491.04085804616
81, 55872.52012530912
1227, 55736.634120699826
78, 55730.397512707044
1169, 55647.52172811611
1200, 55463.6056910225
1011, 55201.12373816377
252, 55124.32083027625
1274, 55037.40846859026
277, 55016.98472688966
641, 54952.47114316858
114, 54941.418617545445
947, 54903.77916963042
930, 54864.52968580129
509, 54760.04762808827
488, 54726.48602578727
1019, 54643.80354248658
445, 54643.80354248658
204, 54602.54945775297
433, 54596.19742523929
1201, 54573.808981917835
54, 54558.53259418753
495, 54513.21480859283
1204, 54237.88433110206
244, 54204.67321150962
540, 54114.046266939506
689, 54047.05858540805
569, 54018.92527301381
1342, 53876.24260997209
1132, 53838.58484260323
253, 53785.845875094594
517, 53767.15885226242
846, 53765.93049272949
617, 53737.49024463404
971, 53677.146009333235
869, 53645.923990769785
38, 53552.64853949996
871, 53530.14755732411
655, 53316.40643339456
1040, 53214.32671714188
322, 53105.18421228511
769, 53042.00860908952
827, 53028.08096970991
1290, 52978.14688890883
927, 52939.4705521961
1133, 52853.54751790433
858, 52695.44026509083
347, 52610.678509969286
349, 52595.76533013662
116, 52568.87040390681
367, 52055.711694529935
222, 51711.91966878127
1030, 51491.02172112754
568, 51319.47575445973
1225, 51224.22072654164
583, 51172.52497570025
48, 50911.82428987073
1123, 50773.69902431912
853, 50563.573059025526
1346, 50554.30556693148
1415, 50508.235184827055
361, 50424.38754513977
972, 50417.662838769174
967, 50417.662838769174
1155, 50246.700517711266
415, 50192.05052004558
1046, 50185.03378514757
969, 50111.768559856886
870, 50107.216435613554
420, 50088.86557590094
1183, 50013.98328712698
730, 49972.12287229144
332, 49931.81239469521
1287, 49925.47143580062
1078, 49876.35702360362
776, 49808.0355627483
864, 49708.1339257811
1066, 49516.1958315799
772, 49480.50487275435
762, 49410.53787725058
565, 49244.75706704416
1189, 49070.99133997919
498, 49062.302336469824
492, 48987.32888339693
1191, 48866.29357827272
579, 48824.205886266005
304, 48822.10940558529
1184, 48749.67134570353
1122, 48688.47000600893
1304, 48641.81893725083
1008, 48509.28454942766
761, 48408.04003209042
110, 48153.943588567825
970, 48107.28749480759
446, 48037.71563779311
494, 47923.20581515444
956, 47902.2170331076
360, 47886.74214303586
346, 47881.77958095436
802, 47870.52303707592
801, 47870.52303707592
783, 47829.33345220994
1017, 47610.477349203866
441, 47574.81595934606
1328, 47459.86746413575
1279, 47459.86746413575
897, 47395.891078436725
889, 47361.14462722943
86, 47275.83254494791
601, 47238.98305020571
1407, 47237.66560028793
1408, 47233.453524056735
1409, 47222.948189748604
1065, 47222.948189748604
85, 47222.948189748604
1016, 47192.31597097557
166, 47111.071087707016
1034, 47060.77253003685
968, 46936.279077728796
904, 46744.826734984745
902, 46744.826734984745
901, 46744.826734984745
900, 46744.826734984745
756, 46685.83585493035
1015, 46677.54516478097
1079, 46664.59995172711
193, 46664.59995172711
1171, 46623.5010678533
574, 46600.38508110154
1300, 46579.27204384159
122, 46578.31415832023
1410, 46532.62638911675
903, 46476.78445111308
647, 46474.76309081352
51, 46463.374512048795
42, 46367.31439416801
286, 46199.961148172355
315, 46128.98534235328
187, 45979.111796230456
497, 45968.54328927287
993, 45871.65586440808
212, 45824.07033631553
211, 45804.233773627326
582, 45701.747163137494
410, 45643.18123265083
1027, 45619.097525919744
670, 45494.51214933425
757, 45383.520444268615
267, 45350.96468462446
167, 45343.76872977309
417, 45343.53054374545
419, 45266.35098441696
553, 45203.68897383393
241, 45175.21749427047
72, 45148.09881751136
983, 45129.40913752855
741, 45085.42814688758
390, 45070.162697859145
434, 45049.647636673086
1388, 45030.61593747504
26, 44993.22047510198
958, 44935.15353983923
370, 44859.434265534706
168, 44852.995494225186
729, 44802.61590794903
1321, 44778.071745193396
728, 44774.22774397196
1323, 44660.040840761605
486, 44613.45108680908
326, 44478.40457056789
1405, 44367.59359728768
676, 44340.472685080866
311, 44299.898640924686
1113, 44196.01325503876
233, 44195.916401979164
496, 44136.34946698468
442, 44123.25068102821
667, 43956.06737515718
856, 43949.52349322843
854, 43949.52349322843
1059, 43915.404928944205
1329, 43887.74799022222
454, 43883.78502184871
855, 43878.52625166757
1301, 43841.76311934791
555, 43818.109064574914
70, 43786.13513037512
554, 43738.48782209586
709, 43706.166619280026
109, 43659.865922191035
1368, 43633.943270755146
571, 43601.28694726075
592, 43599.97213839448
1018, 43465.66176123092
154, 43465.66176123092
437, 43443.80560724789
120, 43419.51247197519
1232, 43413.17290403134
1088, 43400.7177830319
1400, 43387.888875942124
155, 43329.95387752022
391, 43293.849190841596
409, 43280.788432507994
1125, 43217.261223299516
1102, 43182.693005261994
1106, 43182.69240440336
1105, 43182.69240440336
665, 43179.39927950144
1350, 43153.936316642335
892, 43117.20736923777
1411, 43113.56913715052
148, 43104.226737539975
213, 43059.51436836802
922, 43031.07617676122
1056, 42912.03006431478
71, 42909.52330628067
264, 42900.76377554373
753, 42841.72163870493
778, 42729.59051202936
208, 42628.03132065809
119, 42591.33595177297
149, 42536.053734151435
124, 42535.669880561145
861, 42487.3131721712
1395, 42471.373995078146
401, 42460.19846508644
