311, 99937.38920275432
676, 99856.29729018963
1405, 99719.02225302478
326, 99163.75931259064
496, 99108.89429527047
486, 98499.01712126356
667, 98204.45139625414
1329, 97864.0930768204
728, 97724.2639260979
1321, 97705.95708228326
1301, 97635.73528193633
729, 97589.30225409899
70, 97360.27478423233
370, 97320.80526618782
958, 96966.32419678182
109, 96738.1777374967
1368, 96611.00411034217
1388, 96524.75591983896
592, 96444.6230204577
741, 96273.86765144294
983, 96073.93525990922
241, 95866.98809723287
120, 95566.02436373146
757, 94942.23557674182
1125, 94591.6955253117
670, 94460.13092030572
665, 94410.5021201281
1350, 94288.85758433914
892, 94113.69125772006
1411, 94096.35914818424
148, 94051.86889742634
213, 93839.25547437997
582, 93579.08477537215
211, 93152.30766775749
71, 93129.81517046728
212, 93070.37215001887
753, 92811.02268938998
497, 92480.04652540274
778, 92286.37509502315
315, 91837.43082413163
208, 91813.94077091163
119, 91643.87895573668
286, 91557.39861265055
734, 90904.6974757618
1, 90550.04845664716
51, 90540.16622767488
1025, 90197.78550262879
1171, 89938.25357969543
1079, 89785.7116353994
193, 89785.7116353994
756, 89707.20026044271
1115, 89630.82560947028
1145, 89515.15585107652
904, 89490.19565923633
902, 89490.19565923633
901, 89490.19565923633
900, 89490.19565923633
490, 88934.64458322393
668, 88902.80278992621
458, 88852.43849318456
0, 88680.62178180712
1034, 88354.59774848372
166, 88177.84664075707
1360, 87926.85107346925
1284, 87893.38408337507
980, 87673.17493853078
1324, 87636.66250178097
889, 87314.92660031252
897, 87197.0743229706
1328, 86981.3592010473
1279, 86981.3592010473
7, 86864.53041330892
1185, 86327.60185563167
360, 85583.1472038319
956, 85533.76363162696
494, 85466.92594234848
942, 85122.30905317698
446, 85105.12613112728
174, 84947.91946777985
1150, 84813.3709232994
110, 84742.75410178685
761, 83967.11263065125
632, 83924.29593439861
520, 83919.99683185975
1008, 83664.22734895154
1304, 83272.9025170648
1122, 83136.53175455515
1184, 82958.69687966292
1249, 82804.12078287997
579, 82743.7417685252
314, 82625.5992784726
1367, 82562.11957813858
337, 82531.73858660323
492, 82279.4161965388
1305, 82189.40463244393
498, 82068.77419243164
588, 81911.74911242317
1303, 81815.71333966791
1124, 81214.77840069302
864, 80323.10347734112
733, 80204.84144150997
1078, 79887.70803052589
332, 79745.84814549248
730, 79643.24283693875
1183, 79537.14580828823
870, 79302.48776636894
1046, 79108.34953370437
482, 79095.60799416478
638, 78793.89110400648
225, 78793.89110400648
206, 78774.1574188052
1415, 78318.35749871658
938, 78277.15061708188
1123, 77688.52535403616
48, 77367.35880032132
1322, 77215.86747187753
1354, 76809.41741752544
1416, 76800.98525060287
1225, 76656.92888747109
568, 76444.59050151368
863, 76250.89860155091
566, 76115.65044348835
1000, 76071.51498570044
1030, 76067.09621126586
371, 76040.80240382935
328, 75833.01207648289
132, 75829.96803704239
1214, 75644.57667795375
788, 75573.15952668492
787, 75339.78217103245
203, 75307.91822275435
386, 75133.96846331428
287, 75127.08583287276
207, 75081.10441943025
1005, 74171.19958473387
349, 73777.80123542207
247, 73773.73082930654
948, 73769.04326332113
1177, 73667.33241596413
1181, 73503.26957685425
1180, 73503.26957685425
1179, 73503.26957685425
1182, 73362.97492890513
1178, 73362.97492890513
234, 73354.55512216409
1133, 73276.47748981755
927, 73111.96120738395
769, 72917.28876659818
322, 72798.23479804055
655, 72405.01865947784
874, 72330.85403102187
31, 72096.2616863491
871, 72014.52181451616
38, 71973.83845330375
342, 71946.96921851469
869, 71806.04101667131
617, 71642.64032017361
1087, 71594.59040498974
253, 71556.87245482452
1132, 71463.73870956534
569, 71148.4526859583
1250, 71131.39047870865
689, 71099.70700556856
726, 70956.56141405458
630, 70932.4300534722
732, 70932.24715286103
244, 70828.77192237042
657, 70803.37585488668
1163, 70489.25144024483
405, 70395.71427488331
666, 70308.93739282471
763, 70279.969854876
59, 70238.96740268463
54, 70233.5408695588
1019, 70092.73684363415
445, 70092.73684363415
947, 69669.57582068435
114, 69609.0626250034
641, 69591.32908859184
457, 69561.6843798215
731, 69532.27600396916
1048, 69373.98707374738
493, 69316.84332629743
1319, 69300.95528039728
1011, 69196.60126057755
1309, 69042.91195415547
1134, 68615.64453462926
744, 68613.0636512403
567, 68562.18384058269
875, 68438.1428601981
78, 68382.5155120446
1227, 68373.12809548558
679, 68177.65252516085
81, 68169.74593558321
214, 68102.78723959638
357, 67954.21247991061
591, 67636.71463865836
1091, 67599.70297582452
1090, 67599.70297582452
232, 67215.40092646194
1161, 67201.8357920791
402, 67166.06011910633
138, 67089.85715568376
408, 66993.93048430576
528, 66953.72321695175
1258, 66847.17675196937
245, 66795.8743508374
202, 66649.54092719499
1333, 66456.33904037149
105, 66358.26289313097
103, 66358.26289313097
83, 66354.6778716907
237, 66326.98546028112
188, 66323.17537242497
104, 66322.44672779604
549, 66251.91185486806
1164, 66238.44073388354
200, 66238.44073388354
1089, 66197.11394126718
849, 66130.68293116662
1238, 66009.70725726288
293, 65984.32340633144
844, 65867.16409529865
1231, 65797.50088159164
718, 65652.80318509456
190, 65447.33322683607
936, 65399.20436984542
628, 65374.64433252662
1120, 65350.98096632111
1165, 65234.197591189004
1272, 65053.73564144562
1143, 65045.750608218725
519, 64940.54666149727
127, 64892.766650616075
453, 64868.38098431184
452, 64868.38098431184
1325, 64849.05341808396
476, 64824.76025204972
989, 64722.71951061089
403, 64722.71951061089
851, 64695.566451712904
97, 64500.10083653639
1099, 64363.72401586434
58, 64179.19059342675
1256, 64166.44314185433
199, 64080.78805814091
1270, 64071.74542618339
572, 64067.61303025632
99, 63992.25418384191
182, 63921.24956039843
312, 63722.519499139875
837, 63710.57616026953
1294, 63653.64045839021
872, 63646.92718550784
1358, 63639.12253257622
196, 63581.02818324254
50, 63576.9167056119
997, 63469.74510186375
873, 63469.74510186375
467, 63259.713948924924
469, 63231.24069499009
631, 63225.88545742438
468, 63193.335604260756
888, 63184.81663377845
862, 63114.273116896424
466, 63028.48139212526
680, 62980.84987237644
1383, 62970.30432426888
928, 62956.22348458228
1357, 62925.99331957618
313, 62865.773636391255
770, 62859.376639130736
147, 62755.537003104546
789, 62709.26411484954
639, 62622.154624684175
614, 62445.666677273955
1260, 62405.89513050923
1135, 62310.14533803332
1259, 62253.996537561965
651, 62148.272886855
126, 62125.149291384165
717, 61937.393171583724
1069, 61934.58906707522
994, 61799.36360863717
345, 61797.64645731238
1038, 61473.57758793934
1356, 61439.47656342128
590, 61354.68359965924
713, 61266.660406218296
541, 61242.684598454936
573, 61224.80081234248
1377, 61155.714405844556
946, 61105.67437950518
181, 61094.33312532645
1366, 60809.259978991046
1370, 60782.47047445662
1369, 60782.47047445662
935, 60083.53931469376
1331, 60075.594953484826
1073, 59996.246231798745
1142, 59933.350978166134
642, 59869.687090055944
300, 59865.31031485308
1402, 59827.57329185125
820, 59776.55641487706
448, 59720.846953357934
306, 59479.3907847298
602, 59430.63723622293
430, 59400.263947255284
393, 59238.87322829921
255, 59099.93239351987
648, 59054.843691075184
931, 59050.18224031733
429, 59040.221053882735
792, 58947.50954387179
17, 58908.35799782434
10, 58908.35799782434
640, 58888.72973862092
9, 58878.19641398142
276, 58871.73839295475
49, 58860.235907511524
786, 58847.0715886541
652, 58753.74695253521
118, 58689.479274781486
375, 58636.84385225055
368, 58616.85128619848
240, 58566.05625055533
825, 58539.41173656153
926, 58377.5084016368
1335, 58247.39649768591
1033, 58215.624509223664
1053, 58195.32306151414
527, 58191.70468518134
585, 58189.67461464703
816, 58147.07588194835
649, 58129.951524553755
1045, 57919.38065878244
1384, 57778.12096963804
489, 57776.73177947707
1226, 57753.918063253375
1153, 57713.03456349799
257, 57649.4607062732
894, 57553.97975172452
1315, 57542.54665391459
365, 57542.54665391459
1327, 57536.32953294397
797, 57528.01271447442
57, 57524.9175672364
833, 57374.89405735238
793, 57353.96987522282
677, 57342.62838050974
195, 57338.86254376072
616, 57337.08181610777
715, 57336.55112606102
1244, 57327.96950166116
331, 57247.49105628328
998, 57231.16560733847
768, 57226.8549813769
385, 56985.538717972195
1326, 56913.5418574956
455, 56692.29499220356
1254, 56659.150101983854
1094, 56633.02232900115
197, 56621.03767885125
907, 56617.16716938598
1307, 56566.02287992223
1014, 56512.71228838203
1095, 56412.06760124627
934, 56382.54837807579
236, 56313.205608675344
1205, 56303.82190605312
75, 56234.13292743712
1418, 56213.756728235356
671, 56205.52151133354
456, 56184.01167505528
1278, 56178.07163340029
98, 56129.069767892826
1207, 56077.42668159275
737, 56070.75921458983
723, 56012.10835557997
779, 55940.316517051084
1289, 55911.6354901663
82, 55911.6354901663
1353, 55838.82825224121
748, 55831.23627857724
561, 55805.493456835844
979, 55748.55885902345
184, 55714.48527892636
183, 55714.48527892636
472, 55621.48063192271
463, 55609.33218745182
266, 55601.97352597911
543, 55598.781742612
101, 55597.209909700185
714, 55536.739996906545
1063, 55532.46673383154
477, 55513.82465785542
1257, 55506.175987181596
100, 55492.604538278356
988, 55462.29038459883
610, 55449.8108598921
1131, 55394.26878419298
319, 55368.57221683609
817, 55352.49605896745
447, 55322.69856147778
884, 55286.576630847616
736, 55281.505415359425
317, 55254.27040605051
1047, 55206.26360464263
925, 55158.57199361123
716, 55101.007871235386
376, 55062.82860815201
859, 55025.49896071643
323, 54980.66291184907
1206, 54888.57176256116
1239, 54746.94852479955
1209, 54742.156759834594
1032, 54733.688526831414
79, 54698.48825024438
603, 54672.6957091204
1208, 54654.54057849878
355, 54518.5459932757
95, 54492.43960079725
843, 54293.31134142108
60, 54208.27930593881
1261, 54189.830067114795
341, 54107.68653633028
171, 54014.550990960975
1359, 53888.83198080249
392, 53879.06160913577
1355, 53878.471110927785
1212, 53844.36739072207
329, 53616.098298520046
650, 53605.86520433289
243, 53568.87483915519
530, 53525.92690712562
1273, 53518.19117511085
891, 53330.00366793963
394, 53300.201549779704
406, 53295.35056032018
438, 53293.673513055015
615, 53286.354290188465
475, 53193.93895776503
294, 53185.95805778352
1276, 53164.03950692038
810, 53079.64338719511
324, 53031.52589894826
407, 53022.266513216724
1068, 52954.19180973311
1252, 52933.20251823737
678, 52783.09509553391
808, 52486.940652935096
258, 52486.09428251431
52, 52479.1258839304
343, 52412.86447463955
1375, 52341.75913415041
125, 52327.074253169005
1104, 52215.16724069648
629, 52178.98698975482
974, 52099.96000762027
87, 51952.32707064103
499, 51876.72155542108
1291, 51817.76192346468
462, 51797.645718167216
1248, 51699.42564606639
1271, 51694.42295022339
76, 51678.38200679029
1222, 51591.93834052559
165, 51521.445574570425
1114, 51510.65928429468
777, 51425.29937640605
945, 51174.42675993789
848, 51116.68886373135
152, 51098.4710505862
1174, 51070.08506249059
150, 51070.08506249059
307, 51039.29739766327
1283, 51001.75630831607
1213, 51001.05273508126
1332, 50986.36420217343
944, 50964.031004073084
356, 50897.34229714973
465, 50831.73940823711
1292, 50772.07211787531
1293, 50760.49794777424
1349, 50760.08647729163
803, 50735.82179219458
735, 50651.67849653188
436, 50643.77428010408
1072, 50556.80450155168
121, 50533.102665517894
937, 50507.91010617592
906, 50497.06787280821
262, 50472.22703929747
1194, 50472.1871847532
1119, 50372.54858709158
943, 50336.41748176106
876, 50281.01340498301
115, 50246.419774585775
8, 50184.97433333371
