24, 99983.94240926461
308, 99628.18716847587
23, 99494.4674938508
25, 99254.94264417756
77, 99174.16718964509
879, 99166.42902731919
878, 99166.42902731919
1393, 99050.51499560937
505, 98983.14902845935
1391, 98935.66684587814
400, 98687.34098615119
333, 98303.18652440747
646, 98268.15585386287
684, 98242.34144147909
321, 97739.03146340686
84, 97723.7063459227
1219, 97654.8609561493
1218, 97602.34478821064
1338, 97485.73635090697
1337, 97485.73635090697
1266, 97483.10968323548
914, 97397.97166455461
1092, 97175.6533780969
1139, 97121.84497761955
685, 97025.96208566288
954, 97004.65668770677
975, 96977.63031464779
506, 96948.32533624681
976, 96897.21267776353
635, 96894.25791000204
634, 96894.25791000204
1140, 96892.42922153838
1186, 96740.59015845542
521, 96632.30916481047
682, 96465.85710298212
1141, 96437.43494180022
1138, 96437.43494180022
962, 96273.64034877661
725, 96250.31965844666
964, 96209.04652062194
963, 96209.04652062194
1267, 96196.74844667362
965, 96187.5494895759
283, 96024.1725145165
1126, 95881.65199238164
683, 95831.5283610301
1265, 95785.88236139024
912, 95699.0087217143
1341, 95424.66764001756
1006, 95336.45301360199
681, 95047.21578692271
608, 94881.06087477932
550, 94695.79808458268
818, 94563.83518462277
918, 94460.04255441678
805, 94447.6541649437
625, 94320.64408108432
388, 94230.67407417498
162, 94102.9866233193
529, 93833.47439115604
1394, 93533.73049954983
1364, 93405.46099677429
508, 93400.71071518546
842, 93247.72808486929
785, 93235.75357668097
387, 93224.02212740373
804, 93165.1978831984
973, 93067.5514267577
507, 92900.3706307018
724, 92702.66703889002
372, 92518.8220562689
687, 92478.26850058671
389, 92472.41491243377
882, 92236.99534238272
675, 92230.1931855416
1230, 92157.22369651229
1336, 91776.66578027415
957, 91579.44688205632
841, 91472.0867819113
1210, 91408.48273718356
686, 91337.12100359327
688, 91096.9877733097
404, 90940.72267139156
895, 90814.59165459887
284, 90704.28733936504
33, 90699.98984164707
443, 90151.53395878458
229, 89981.334789376
230, 89940.56180824434
913, 89575.78240356811
524, 89261.18831662621
1352, 89211.47357714504
111, 89195.55703290807
143, 89184.51206697049
523, 88247.33906515352
991, 88156.66892088187
1268, 87492.10279802699
339, 87380.58314695278
1392, 87338.08899529488
1296, 87031.09313568135
34, 87030.16066955136
1345, 86948.9452908911
1118, 86937.54636177588
595, 86937.54636177588
626, 86738.39272986032
917, 86521.24342647356
764, 86293.3252929272
933, 86237.78017649346
92, 86145.34991072652
1251, 85947.78167533319
1269, 85926.94249497612
1365, 85892.2678160494
373, 85881.01164671866
163, 85672.83549524321
91, 85369.82668614874
1211, 85320.14586725755
1297, 85296.09690923769
130, 85137.07344610554
953, 84809.10176448412
297, 84809.10176448412
1361, 84616.41287120621
881, 83791.46634192223
1229, 83717.16339988234
303, 83475.31850985807
351, 83330.78843216755
1242, 83201.1205813858
1241, 83201.1205813858
1243, 83048.9321721101
117, 83043.1904485924
551, 82553.95572867035
951, 82536.28376578407
1167, 82212.5302469027
1042, 81807.77536456492
1203, 81803.01350071761
1007, 81572.39231987212
383, 81553.87682182345
1041, 81504.20736325852
784, 81261.24645190616
1128, 81127.03963089443
1158, 80790.56700324533
32, 80695.96759745148
1351, 80358.2290141083
910, 80234.62622643712
1202, 79687.45060178688
1320, 79502.85046687807
316, 79366.71227120532
774, 79073.24194919787
773, 79073.24194919787
1093, 79021.56928529589
510, 79021.56928529589
660, 78969.37727278449
96, 78893.5857539381
1146, 78632.3726390007
1130, 78575.59841905233
821, 78293.32839259024
1380, 78290.43998993815
658, 78181.9942672175
1311, 77744.57920301417
1298, 77536.65901126697
511, 77433.02050209435
1196, 77342.75332380705
1197, 77247.53057814126
532, 77056.64928339359
1386, 76966.47964644588
1387, 76846.00052619044
586, 76796.12860420381
1195, 76267.72535917505
1198, 76258.83746242554
1374, 76236.78992956014
128, 75819.40282968026
1116, 75692.9451203471
1340, 75677.32626793561
282, 75327.04860693193
766, 75188.84698655579
1096, 75140.64963927318
599, 74786.33350933953
883, 74632.56681041238
587, 74452.01985068359
995, 73969.79051833402
758, 73964.32714069527
198, 73899.86700250681
1097, 73806.659266723
708, 73691.38011133687
747, 73493.79822391341
669, 73394.15221339988
327, 73322.53117047706
746, 73245.17228599143
990, 73067.9583979441
896, 73041.29773173302
887, 72682.31188192026
880, 72502.27390374237
298, 72436.30279886226
707, 72372.07293539832
966, 72356.02056447833
1372, 72222.60350978801
806, 72164.17544229623
144, 71940.44382866588
1127, 71677.97165824682
1129, 71617.20989450374
548, 71448.44369882646
547, 71429.48942029703
340, 71031.64635816362
522, 70922.61923836525
1237, 70738.07699096132
1024, 70738.0736515584
1023, 70738.0736515584
533, 70398.54634209503
280, 70345.6593260059
839, 70292.34137374003
175, 70067.85311828581
1054, 70019.10629163717
1022, 69736.37652746015
1098, 69664.62486948038
431, 69629.48741251393
1064, 69607.18537751086
344, 69254.0943300505
664, 69196.81134954559
1049, 69125.37406456949
1156, 69015.22672613665
1050, 68742.04699042354
624, 68614.67072324119
1021, 68587.5973673867
1151, 68180.01692658343
755, 67413.10286628728
1275, 67310.88801280971
1154, 67081.9626554164
66, 67062.24623765724
559, 67016.29114537957
296, 66985.2505562206
265, 66962.52797344097
440, 66938.0539092452
377, 66842.47387971394
336, 66688.40811984848
996, 66570.68646349008
911, 66261.54205916553
738, 65991.20745967195
292, 65989.13052344295
129, 65905.48162846258
950, 65866.31345513344
578, 65628.2287098326
767, 65381.333242246896
1055, 65347.589566233655
952, 65132.56630608072
1220, 64768.730043744596
378, 64600.01042290697
1385, 64437.338222848965
318, 64179.104359085904
1233, 64166.13249275088
941, 64091.1195446557
35, 64085.97091865854
959, 64056.84175160947
1215, 64048.23531125044
893, 63984.25818231951
301, 63739.5901908014
722, 63671.17716691061
760, 63656.05962476396
627, 63388.1098663897
721, 63346.102677060364
261, 63276.31599445812
542, 63199.01418618591
539, 63199.01418618591
1420, 63121.641391608275
823, 63011.24486031803
1339, 62795.138549606076
201, 62641.6370765367
1295, 62468.73118786909
982, 62342.38682195565
924, 62340.57460061395
916, 62192.0677045989
838, 62145.97625823507
822, 62087.449695106974
1107, 62016.985537982415
263, 61891.703179969496
1070, 61834.55080262854
1071, 61834.55032258507
439, 61701.15027949585
8, 61508.055793928565
115, 61416.00566396973
593, 61359.0809943238
943, 61282.08145326631
1194, 61082.04207524812
262, 61081.98370387162
906, 61045.64115970043
937, 61029.80354322174
121, 60993.061835796434
1072, 60958.567991332755
436, 60832.60763714554
735, 60821.20696688803
803, 60700.326247241595
1349, 60665.63089103433
1293, 60665.04316938556
1292, 60648.51983028554
944, 60376.869424082615
1332, 60345.554672021106
1213, 60324.991609795245
848, 60164.006499876385
945, 60084.21761147837
1114, 59627.240187348376
76, 59404.06456366677
462, 59247.25455342091
1291, 59220.95786594062
499, 59144.134965102654
87, 59046.16806815615
974, 58856.61628549908
629, 58756.087479706206
1104, 58710.27895864787
1375, 58551.05450300046
52, 58380.1134514919
678, 58008.488695418324
1252, 57828.26542678691
1068, 57803.2353848047
407, 57722.3401010407
324, 57711.37039269313
810, 57654.493563413234
1276, 57555.251763864515
294, 57529.58488404982
615, 57412.58034043387
406, 57402.14053727591
394, 57396.51420001306
243, 57088.18484894821
650, 57046.23436254789
329, 57034.65018463843
672, 56868.8458590115
1212, 56778.594133677405
1355, 56740.721482919755
392, 56740.066593472584
1359, 56729.23508210453
171, 56590.57786848664
341, 56488.7066533633
1261, 56399.451536322784
60, 56379.48094172727
843, 56287.79432922712
95, 56075.35419247661
355, 56047.73592408097
1208, 55904.7287836132
603, 55885.74633459975
79, 55858.82223738861
1209, 55813.35474069566
1239, 55808.37449020798
1206, 55661.97127077135
323, 55567.58559258086
859, 55521.86214982666
376, 55483.907722275435
716, 55445.19618245268
925, 55387.0325725143
1047, 55339.02826038026
317, 55290.87412913852
736, 55263.629890133285
884, 55258.56288320319
447, 55222.52462915172
319, 55176.89255993424
1131, 55151.39722557937
610, 55096.451065393434
988, 55084.13561384232
100, 55054.26596931228
1257, 55040.914581309255
714, 55010.89373160788
101, 54951.69181999334
543, 54950.156361414534
472, 54928.00198551284
979, 54804.632988985555
561, 54749.72129445974
1353, 54717.673799807584
1289, 54647.94093746146
82, 54647.94093746146
779, 54620.56949985684
723, 54552.29830370398
737, 54496.77952409131
1207, 54490.48260874139
671, 54370.077435024745
75, 54343.330958686296
1205, 54278.40780990487
1095, 54178.18828989521
1014, 54085.68025414168
907, 53990.34953111358
197, 53986.83031333683
1254, 53952.22714318521
385, 53659.57152471372
998, 53443.587582721455
1244, 53359.44795043328
715, 53352.01547410262
616, 53351.55598870811
677, 53346.75460988342
57, 53189.94781608567
797, 53187.30185495242
1327, 53180.19473606652
894, 53165.12487176091
1153, 53030.12075977628
1226, 52995.64962826166
489, 52976.4547782537
1045, 52857.089608154936
649, 52682.929943669944
585, 52633.9709551
1053, 52629.350452891034
1033, 52612.757700183865
1335, 52586.83403473291
926, 52481.23109747857
27, 52451.53323629242
375, 52273.39047692654
118, 52231.6303775994
652, 52180.83299062346
49, 52097.1240674053
9, 52083.061897523956
931, 51949.219885941115
648, 51945.61266920456
393, 51804.05355482417
602, 51658.28841347332
448, 51441.00575385455
1402, 51362.084068129945
300, 51334.303487262114
1142, 51284.37855189737
1073, 51238.41579986166
1331, 51180.68340815196
935, 51174.918815323224
1366, 50659.96731098577
28, 50553.423788137756
181, 50463.79825472105
946, 50456.06304826142
1377, 50421.996169883
573, 50375.12946832476
541, 50363.02889680442
590, 50287.53976351189
1038, 50207.950118864195
994, 49992.70215326229
1069, 49904.559111497
126, 49781.520921493175
651, 49766.68325133504
1259, 49699.09627163222
1260, 49602.71008607221
614, 49577.61229092924
639, 49466.92817807583
789, 49412.70819712229
147, 49384.01572865963
1357, 49278.96985630247
928, 49260.44598608495
680, 49245.3793133386
888, 49121.39283814485
631, 49096.599973815355
997, 48950.5547705423
873, 48950.5547705423
50, 48886.997608402125
196, 48884.56688209908
491, 48869.99475202451
1358, 48850.28055246108
1294, 48841.729585266396
837, 48808.26123767611
312, 48801.254020114306
182, 48685.33504932593
572, 48600.7701353854
199, 48593.19127811806
58, 48536.75863392593
1099, 48431.746245793955
97, 48354.81392239022
851, 48245.536030154806
989, 48230.44684087777
403, 48230.44684087777
1325, 48160.53156302891
453, 48149.87721385292
452, 48149.87721385292
127, 48136.45035192054
1143, 48052.616046693736
1165, 47950.28599996466
628, 47874.685591854686
936, 47861.52305294838
718, 47726.6054729523
487, 47714.32400074656
1231, 47650.42804628758
844, 47613.95884599362
293, 47552.9238959015
1238, 47539.749125808
849, 47477.19885288949
1089, 47443.017740970776
1164, 47421.812998412
200, 47421.812998412
549, 47414.910786132314
188, 47378.47739749757
1333, 47310.75613996613
202, 47213.32399702491
245, 47140.16757921082
1258, 47114.64925988944
138, 46994.83710405667
402, 46957.51892789225
1161, 46940.04842217937
232, 46933.432353276265
1091, 46747.86430061237
1090, 46747.86430061237
591, 46730.18070640257
357, 46579.819034468106
214, 46510.26691083869
679, 46475.41347081872
875, 46355.1392624757
567, 46298.404890652404
744, 46275.232615761575
1134, 46274.05873326308
1309, 46081.738940031355
1319, 45967.50002899752
493, 45960.51242579931
1048, 45935.424435014116
731, 45866.28771560989
457, 45853.50036447912
