608, 99757.32176701764
550, 99552.54762291469
912, 99346.74281186155
918, 99292.02239866507
805, 99278.33426062422
1265, 99253.29317202352
1126, 99150.6733174571
625, 99138.00929480381
388, 99038.61911674867
283, 98998.72824984397
162, 98897.57897092379
965, 98825.67059965752
1267, 98815.96200849101
964, 98802.98848385918
963, 98802.98848385918
962, 98734.95718817934
1141, 98563.27210155876
1138, 98563.27210155876
521, 98360.5400544213
1394, 98269.03106765731
1364, 98127.4549183863
1140, 98092.48852169889
954, 97977.7313431831
785, 97940.17229835888
387, 97927.22719069893
804, 97862.31985646095
1139, 97858.46977667933
973, 97754.58477836777
914, 97579.72959665117
1338, 97491.79566412166
1337, 97491.79566412166
1218, 97375.45107246611
1219, 97323.23491256202
687, 97104.66001043971
389, 97098.20612053768
882, 96838.6774919508
1230, 96750.75151157459
646, 96721.6417725729
1336, 96331.39701190974
400, 96318.95530030382
505, 96038.83414668098
1393, 95975.50118276359
879, 95866.9226985014
878, 95866.9226985014
77, 95859.69201395105
686, 95847.25688917977
688, 95582.85739168688
23, 95562.33196102864
308, 95439.29711714361
895, 95272.01201057558
284, 95150.6211423456
33, 95145.8920012601
24, 95086.04524348656
443, 94542.52910754285
25, 94426.48330003052
1391, 94137.47034475722
913, 93909.5225092288
333, 93564.67304147276
524, 93563.81022413447
684, 93509.55077555586
1352, 93509.18867928984
321, 93053.45371635494
84, 93039.5626364849
1266, 92821.45226695597
1092, 92542.65604852534
685, 92406.88804997687
975, 92363.04752130563
506, 92336.46470299317
976, 92290.0981058078
635, 92287.41763162857
634, 92287.41763162857
1186, 92148.00427267389
682, 91898.70335683422
725, 91703.07122561395
1268, 91621.92034533928
339, 91499.63164076691
1392, 91453.0378525133
683, 91322.83776476777
1296, 91116.48792402785
34, 91115.46586044619
1118, 91013.95768523902
595, 91013.95768523902
1341, 90953.28667317521
1006, 90873.1419571039
626, 90795.71342692236
681, 90610.31555732936
917, 90557.80187189906
933, 90247.31972996901
818, 90170.90668576174
92, 90146.09979647919
1251, 89929.7776067056
1269, 89906.96297566703
163, 89628.80912116708
529, 89506.58868717022
91, 89297.22532102137
1211, 89242.86972673061
1297, 89216.55889894736
508, 89112.73257510379
842, 88973.46374011612
953, 88683.90722445128
297, 88683.90722445128
507, 88657.1666017855
724, 88477.09319645035
372, 88309.61114312838
675, 88046.61028214988
881, 87571.7686570319
957, 87453.37117658232
841, 87355.46210649797
1210, 87297.45231799636
351, 87068.7103337721
1242, 86927.15858415075
1241, 86927.15858415075
404, 86870.72225253102
117, 86754.78103531731
951, 86201.70055470843
229, 85994.87295128444
230, 85957.63194215135
111, 85276.9000687184
143, 85266.80421361353
1007, 85150.84072746112
383, 85130.66530876982
784, 84811.85387407213
1128, 84665.67338710486
523, 84409.76364589226
991, 84326.80420006347
1158, 84299.27406905607
32, 84196.28463269844
1351, 83828.6774158136
910, 83694.17690557413
1345, 83221.07937582384
316, 82750.24432835275
764, 82620.27834775744
774, 82431.26868489092
773, 82431.26868489092
1093, 82375.11559257958
510, 82375.11559257958
660, 82318.40128365836
1365, 82252.56327030671
373, 82242.2407969122
96, 82236.0482955396
1146, 81952.27263905562
1130, 81890.60502015
821, 81584.0618008669
1380, 81580.925496544
130, 81559.75777340797
658, 81463.17928772203
1361, 81081.80968789432
1311, 80988.38990935031
1298, 80762.78242450905
511, 80650.3464255476
1196, 80552.42698917886
1197, 80449.14216515148
1229, 80255.7514344289
1386, 80144.3574591808
303, 80033.46543301249
1387, 80013.73243727487
586, 79959.66559475608
1243, 79641.43314995692
1195, 79386.99394825552
1198, 79377.36421942894
1374, 79353.47687614254
551, 79186.12987479722
1167, 78871.94037180785
1116, 78764.42835707004
1340, 78747.51635867782
1042, 78499.33594801955
1203, 78494.95144073234
282, 78368.31221998809
1041, 78219.78306837023
766, 78218.73686218218
1096, 78166.57817348705
599, 77783.22348943101
883, 77616.89988031813
587, 77421.64405545588
995, 76900.31341655066
758, 76894.40858664231
198, 76824.742544339
1097, 76724.01570832763
1202, 76544.9935959302
747, 76385.98957115684
1320, 76374.65015874081
669, 76278.35227566323
327, 76200.99455293396
746, 76117.4460653292
990, 75926.07910544855
896, 75897.2923446084
887, 75509.75863881191
880, 75315.45945400352
707, 75174.96830710927
966, 75157.64862411925
1372, 75013.70999407649
806, 74950.68062574367
1127, 74426.34034849823
1129, 74360.83177074362
548, 74178.9036058782
547, 74158.473146654
532, 74114.42689692305
340, 73729.74119460804
522, 73612.28095649021
1237, 73413.49579199264
1024, 73413.49219521049
1023, 73413.49219521049
280, 72990.9218152053
128, 72969.15706244974
839, 72933.52019225968
175, 72691.87406145742
1054, 72639.40912596893
1022, 72335.16837151682
1098, 72257.97224189008
431, 72220.17073552706
1064, 72196.17854270873
344, 71816.40470011414
664, 71754.80640007074
1049, 71677.99278654084
1156, 71559.56731161963
1050, 71265.9168527217
624, 71129.02493558089
1021, 71099.93146338177
708, 70996.04082656547
1151, 70662.04048618491
755, 69838.60981743048
298, 69830.36984263369
1275, 69728.91329600196
1154, 69483.27504437183
66, 69462.12201939999
559, 69412.82020597378
296, 69379.52042601262
144, 69369.4331580205
265, 69355.14475143517
440, 69328.89083450666
377, 69226.36640714655
336, 69061.12896071307
996, 68934.88932453674
911, 68603.45165580286
738, 68313.71204541213
292, 68311.48634707775
950, 68179.88118066113
533, 67934.67616091047
578, 67924.80952586366
767, 67660.36691281247
1055, 67624.23044232313
952, 67393.99022535655
1220, 67004.52586786175
378, 66823.97314043966
1233, 66359.81436659544
941, 66279.58793517252
35, 66274.081709112
959, 66242.92993197133
1215, 66233.72608067197
893, 66165.31066300452
301, 65903.71232192106
722, 65830.57750398344
760, 65814.41728422327
627, 65528.02984439585
721, 65483.139542543424
261, 65408.567575492474
542, 65325.97163943178
539, 65325.97163943178
1420, 65243.306664672666
823, 65125.37097294688
1339, 64894.546539184004
201, 64730.62296523033
1295, 64546.009580397804
982, 64411.13189678076
924, 64409.19740970409
916, 64250.68383292002
838, 64201.49175145001
822, 64139.031503664235
1107, 64063.836475154756
263, 63930.15674987971
1070, 63869.17950998918
1071, 63869.178997834875
129, 63741.245204056286
439, 63726.86572867069
8, 63520.905270597395
115, 63422.73669366326
943, 63279.92789242317
1194, 63066.6557078716
262, 63066.593481793534
906, 63027.8517158836
937, 63010.96901781424
121, 62971.80391957841
1072, 62935.036340856044
436, 62800.78450293093
735, 62788.63425827792
803, 62659.81490289869
1349, 62622.84404724474
1293, 62622.217791546354
1292, 62604.61125769216
1385, 62366.936480396565
944, 62315.197043152024
1332, 62281.83992603854
1213, 62259.93633398521
318, 62124.999220926606
848, 62088.47297009312
945, 62003.50163337406
1114, 61516.98145173315
76, 61279.46381649075
462, 61112.61036970225
1291, 61084.63214302246
499, 61002.90128774449
87, 60898.68529806917
974, 60697.073226766486
629, 60590.16472395268
1104, 60541.45291806061
1375, 60372.15546335969
52, 60190.4320616311
678, 59795.480376037434
1252, 59604.00059814623
1068, 59577.410110915866
407, 59491.476414564146
324, 59479.82404669757
593, 59478.880121874965
810, 59419.40987320145
1276, 59314.004659690225
294, 59286.74554563595
615, 59162.492085671416
406, 59151.40624354329
394, 59145.431786580746
243, 58818.07966156207
650, 58773.549266965696
329, 58761.253024424885
1212, 58489.49614034099
1355, 58449.3074860271
392, 58448.612562726354
1359, 58437.118983495006
171, 58289.998125130085
341, 58181.922480384805
1261, 58087.24091544001
60, 58066.05739534202
843, 57968.807905504116
95, 57743.51480029839
355, 57714.229312467905
1208, 57562.6030500435
603, 57542.47824743924
79, 57513.934567599135
1209, 57465.73388611399
1239, 57460.45439941837
1206, 57305.26706696616
323, 57205.23107664361
859, 57156.774042877965
376, 57116.55228247797
716, 57075.529849187136
925, 57013.897316889204
1047, 56963.03285460844
317, 56912.01224859773
736, 56883.147393760235
884, 56877.77906934221
447, 56839.59857641253
319, 56791.25607227751
1131, 56764.24739519692
610, 56706.042243667995
988, 56692.996797792825
100, 56661.35734765797
1257, 56647.21520097642
714, 56615.41704661698
101, 56552.71320946147
543, 56551.08697744257
472, 56527.6231709734
979, 56396.972551605104
561, 56338.825293860195
1353, 56304.89102826492
1289, 56231.05668263151
82, 56231.05668263151
779, 56202.07682883129
723, 56129.797505927636
737, 56071.02313674245
1207, 56064.357192293304
671, 55936.90426424499
75, 55908.594427177995
1205, 55839.879788192025
1095, 55733.81676532596
1014, 55635.924859805564
907, 55535.056031110966
197, 55531.33256433186
1254, 55494.721828697104
672, 55250.1310226928
385, 55185.14095349885
998, 54956.72750058663
1244, 54867.75992179482
715, 54859.90134993674
616, 54859.4155247913
677, 54854.33892367871
57, 54688.557920257655
797, 54685.76076439576
1327, 54678.24757143882
894, 54662.31685884562
1153, 54519.612139752615
1226, 54483.17805258197
489, 54462.890730126455
1045, 54336.74116436464
649, 54152.7113420407
585, 54100.98381107835
1053, 54096.102166322176
1033, 54078.57181773867
1335, 54051.183917216564
926, 53939.624025343044
375, 53720.09576294699
118, 53675.99316854347
652, 53622.3489767705
49, 53533.95510369908
9, 53519.106682826576
931, 53377.79229539197
648, 53373.98396549231
393, 53224.5439890478
602, 53070.68722908579
448, 52841.38698095862
1402, 52758.113306342704
300, 52728.802472370815
1142, 52676.12966011897
1073, 52627.6395709102
1331, 52566.73601101269
935, 52560.65498061805
1366, 52017.58571684043
181, 51810.78310938152
946, 51802.62948735138
1377, 51766.72064509886
573, 51717.32202002064
541, 51704.568125825455
590, 51625.00694010141
1038, 51541.130931987514
994, 51314.32598336324
1069, 51221.46531048683
126, 51091.856289604366
651, 51076.227355965864
27, 51071.469443135866
1259, 51005.03919936468
1260, 50903.52615555541
614, 50877.095086328714
639, 50760.53945129656
789, 50703.44820999388
147, 50673.23763422793
1357, 50562.64164487985
928, 50543.140336634526
680, 50527.278931377215
888, 50396.76204676238
631, 50370.66538626174
997, 50216.95390238218
873, 50216.95390238218
50, 50150.06787473994
196, 50147.509926094746
1358, 50111.42977650366
1294, 50102.43163659546
837, 50067.21384428774
312, 50059.840505838794
182, 49937.87279530357
572, 49848.90464623159
199, 49840.93155146653
58, 49781.56539830129
1099, 49671.10362892995
97, 49590.18685523014
851, 49475.260590326136
989, 49459.392511363614
403, 49459.392511363614
1325, 49385.87157473514
453, 49374.668238161095
452, 49374.668238161095
127, 49360.549708985905
1143, 49272.401318342934
28, 49270.214059092636
1165, 49164.815982293505
628, 49085.34048956219
936, 49071.503921154785
718, 48929.68855155935
1231, 48849.62540871947
844, 48811.29824003119
293, 48747.15709218221
1238, 48733.312372778855
849, 48667.583988936
1089, 48631.66800691367
1164, 48609.38766451269
200, 48609.38766451269
549, 48602.13544865087
188, 48563.85543904375
1333, 48492.70565289203
202, 48390.34973314078
245, 48313.503245458225
1258, 48286.69915770103
138, 48160.859791678624
402, 48121.667557648674
1161, 48103.32024239429
232, 48096.37221465625
1091, 47901.513124057725
1090, 47901.513124057725
591, 47882.94613842542
357, 47725.087089419045
491, 47669.80938267134
214, 47652.075413729784
679, 47615.49036507945
875, 47489.2509610687
567, 47429.708318488694
744, 47405.390074523704
1134, 47404.15815429491
1309, 47202.3505184872
1319, 47082.49517345606
493, 47075.16450117608
1048, 47048.845215347435
731, 46976.31893667142
457, 46962.905241171415
59, 46659.15696287773
