946, 99999.42062724673
181, 99969.05084581532
1377, 99866.8512353618
573, 99683.16722017693
541, 99635.79594351542
590, 99340.77344244612
1366, 99208.0273852917
1038, 99030.65978308275
994, 98196.73539344262
1069, 97857.24208336498
126, 97385.26839641346
651, 97328.50189121938
935, 97290.84663102124
1331, 97270.01820874715
1259, 97070.33389017973
1073, 97062.16976937973
1142, 96897.66120075948
300, 96719.93394864819
1260, 96703.31469300228
1402, 96621.46923110433
614, 96607.96948449066
448, 96343.40834150449
639, 96188.57647130317
789, 95983.77781725879
147, 95875.5724849983
602, 95590.37917909092
1357, 95480.43038166115
928, 95410.91447429513
680, 95354.40876055491
393, 95095.2449987837
888, 94890.63913266515
631, 94798.1633727443
648, 94621.90228438543
931, 94609.93562978078
997, 94255.18387653583
873, 94255.18387653583
9, 94169.2157734351
49, 94123.2803111935
50, 94019.82088365666
196, 94010.83070685535
1358, 93884.10867142165
1294, 93852.52990108886
652, 93851.27072485506
837, 93729.0290354706
312, 93703.19157740177
118, 93687.39368999926
375, 93553.33724051728
182, 93276.75623664132
572, 92966.83568187822
199, 92939.10811861332
926, 92894.92631986154
58, 92732.89488787897
1335, 92565.89445773327
1033, 92485.6797856952
1053, 92434.45174717982
585, 92420.20237202923
1099, 92350.32403596042
649, 92269.63803618723
97, 92071.0051430402
1045, 91740.22693984829
851, 91675.62738679242
989, 91621.1599220219
403, 91621.1599220219
489, 91382.85863450101
1325, 91369.18630306642
453, 91330.84580881841
452, 91330.84580881841
1226, 91325.80020198619
127, 91282.54988027723
1153, 91223.61371674355
1143, 90981.54623978723
894, 90826.86171824236
1327, 90782.9125155673
797, 90762.2089633341
57, 90754.50491168188
1165, 90615.40362637957
628, 90345.79302394853
677, 90301.616691759
936, 90298.92919674197
616, 90287.8624778005
715, 90286.54656775015
1244, 90265.26933713492
998, 90025.50756553528
718, 89819.88391037095
1231, 89550.45807005157
844, 89421.74102103733
385, 89419.22491770201
293, 89206.70673868468
1238, 89160.35369852975
849, 88940.58845087803
1089, 88820.70947358714
1164, 88746.41652273436
200, 88746.41652273436
549, 88722.24641557362
1254, 88618.18521529058
188, 88594.76580850704
197, 88524.98704089777
907, 88515.52624874598
1333, 88358.26139407714
1014, 88260.47926690403
202, 88019.02572753745
1095, 88015.23615121894
245, 87765.1067418802
1205, 87752.01807419345
1258, 87676.6947779133
75, 87582.85621972481
671, 87513.47300917533
138, 87262.68792729074
1207, 87203.32250304741
737, 87187.20038388179
402, 87134.10542213851
1161, 87073.9695904561
232, 87051.20618118349
723, 87045.47261822327
779, 86872.21381410197
1289, 86803.06519185688
82, 86803.06519185688
1353, 86627.7062405523
561, 86547.50226445282
1091, 86414.96340754221
1090, 86414.96340754221
979, 86410.63883627999
591, 86354.55665141472
472, 86105.7130585571
543, 86051.32715774528
101, 86047.56199071147
714, 85902.80089690244
357, 85842.4865293976
1257, 85829.69817504198
100, 85797.2522049784
988, 85724.80986862091
610, 85694.99985402545
214, 85606.56199266568
1131, 85562.41444993996
319, 85501.12273080026
679, 85488.56019762074
447, 85391.78134907204
884, 85305.75286056293
736, 85293.68006968543
317, 85228.86360061326
1047, 85114.69680240034
875, 85082.49145918847
925, 85001.38603310705
567, 84891.55580935346
716, 84864.76023031869
744, 84813.68324978057
1134, 84809.74003820831
376, 84774.22852189087
859, 84685.7769197735
323, 84579.62457250478
1206, 84361.88467341792
1309, 84165.95670807664
1239, 84027.79587365878
1209, 84016.50828209185
79, 83913.6904146827
603, 83853.00284287521
1208, 83810.30374728773
1319, 83785.64439289189
493, 83762.43245591673
1048, 83679.14112905783
355, 83490.9383488691
731, 83449.99581697375
95, 83429.72776597903
457, 83407.67570155062
843, 82963.86274107626
60, 82765.47774928933
1261, 82722.47781395337
341, 82531.21155348574
59, 82454.34941113516
763, 82397.91682573924
666, 82358.13431253386
171, 82314.71975371688
405, 82239.38430727314
1163, 82112.09203080164
1359, 82023.10792448849
392, 82000.47478088528
1355, 81999.10702438562
1212, 81920.13995463737
657, 81689.90940161046
732, 81519.03148330086
630, 81518.78991311409
726, 81486.94132749837
329, 81392.92349602128
650, 81369.34332699807
243, 81284.14512336059
1250, 81257.58448609541
394, 80667.14444334038
1087, 80661.43274816775
406, 80656.0336338475
615, 80635.43113351199
294, 80405.75415694642
1276, 80355.66998073066
342, 80218.78415997377
810, 80163.02082410686
324, 80053.32394478287
31, 80034.00063462596
407, 80032.22629727442
1068, 79877.23224533911
1252, 79829.48420017252
874, 79746.87913144563
678, 79488.56838877975
52, 78801.20611544131
234, 78538.45733990129
1182, 78528.80773632409
1178, 78528.80773632409
1375, 78491.8887093683
1181, 78368.69380394196
1180, 78368.69380394196
1179, 78368.69380394196
1104, 78207.55105653146
1177, 78183.04855887718
629, 78126.41277063213
948, 78068.81114991581
247, 78063.56189787509
974, 77949.38030627616
1005, 77623.40551825172
87, 77619.37291960663
499, 77450.72865057901
1291, 77319.38246197873
462, 77274.60262128964
76, 77009.46565565506
207, 76651.23628309614
1114, 76637.61208061628
287, 76603.37083088665
386, 76596.21637224051
203, 76416.27127363287
787, 76383.4904449156
788, 76145.08938821686
1214, 76072.72447962583
945, 75895.70622806982
132, 75886.14568452346
328, 75883.09737796482
848, 75768.77959687648
371, 75676.16687872553
1000, 75645.77263371563
566, 75602.18025275203
1213, 75514.98922291372
1332, 75482.79141144085
863, 75469.22159542309
944, 75433.85328392933
1292, 75014.06669023029
1293, 74988.8040791303
1349, 74987.90607545697
1416, 74937.98105982482
803, 74934.96249260791
1354, 74929.95475976865
735, 74751.55557741984
436, 74734.34167387262
1322, 74547.15408128295
1072, 74545.10642484933
121, 74493.587778949
937, 74438.85399204328
906, 74415.3059316762
262, 74361.37260563174
1194, 74361.28609538628
943, 74066.95251841845
115, 73872.25972326568
8, 73739.52255630594
938, 73583.98162203777
439, 73463.89737211671
1071, 73275.67757104486
1070, 73275.67689692389
263, 73195.58006258869
206, 73150.12928716501
638, 73133.12098013914
225, 73133.12098013914
1107, 73021.12634981089
822, 72923.67880875758
482, 72875.10416978555
838, 72843.10512757856
916, 72779.88256038346
924, 72577.5552494968
982, 72575.09914417009
1295, 72404.62296474227
201, 72173.72006474236
1339, 71971.01707405449
733, 71958.18846071273
823, 71689.22104550408
1420, 71546.8559577828
542, 71447.7091905477
539, 71447.7091905477
261, 71349.16854835681
721, 71260.64676721809
627, 71207.56177026039
1124, 71164.22491494304
760, 70872.43487374306
722, 70853.70484368606
301, 70769.17825204012
1303, 70709.13946998352
588, 70637.56446568458
893, 70469.9909762221
1305, 70432.37628749567
1215, 70392.54919243662
959, 70382.15621143588
35, 70347.0238071899
941, 70340.82106571233
1233, 70250.68667662334
337, 70182.90714000887
1367, 70160.95246838116
314, 70115.1755120653
1249, 69987.13299762378
378, 69737.88615205941
1220, 69542.32364416249
520, 69209.30913212059
632, 69206.38541521163
952, 69127.70982175015
1055, 68887.13621516743
767, 68849.6778265939
1150, 68613.26805716348
578, 68577.99925510291
174, 68525.46249790284
942, 68412.40191596858
950, 68319.9456959108
292, 68188.30796424547
738, 68186.09042974618
911, 67899.85810565764
1185, 67653.25985089074
996, 67578.275324724
336, 67457.39388032931
7, 67327.12056235477
377, 67300.48374059194
440, 67203.86663776044
265, 67179.2158749006
296, 67156.36153110725
559, 67125.19108099016
66, 67079.14971064101
1154, 67059.43494613943
1324, 66870.46612004213
980, 66849.22296749703
1275, 66832.21389854865
755, 66731.75168428094
1284, 66721.76226662651
1360, 66702.48930310617
0, 66275.14126832223
458, 66179.50084914592
668, 66151.58815657755
490, 66133.96937153226
1151, 65996.89724603768
1145, 65816.57226862088
1115, 65754.18090292311
1021, 65619.44094078058
624, 65594.67922940843
1050, 65478.689998600414
1025, 65452.36108291145
1, 65268.110543231705
1156, 65232.74006793831
1049, 65134.64001710566
734, 65085.08728515771
664, 65071.34010136626
344, 65020.76510074881
1064, 64712.568466153396
119, 64711.38694942425
431, 64693.30452269689
1098, 64663.00191359027
208, 64626.8613048347
1022, 64601.305855119004
778, 64394.8232335644
1054, 64360.56116952451
175, 64319.42981774736
753, 64141.82191361183
839, 64131.42029433021
280, 64087.10336629412
71, 63990.43924617948
1024, 63764.843471766275
1023, 63764.843471766275
1237, 63764.840758296916
213, 63659.7480979457
522, 63615.62905253027
148, 63562.2709043612
1411, 63541.966761426
892, 63534.06556064643
340, 63528.16531504998
1350, 63454.48510659848
665, 63399.51075001662
1125, 63318.0623435351
547, 63213.27668589296
548, 63198.43949799656
1129, 63066.98250408559
1127, 63019.938173613555
120, 62888.87150255633
806, 62648.82881797357
1372, 62604.85970222302
592, 62514.10495751734
966, 62504.95497721029
707, 62492.98097900308
1368, 62444.3988461803
880, 62396.224261551746
109, 62391.38483391853
887, 62263.492287630565
70, 62135.32489050497
1301, 62023.64766572036
896, 62002.443070584755
990, 61983.24495266024
1329, 61931.845064692905
746, 61856.289910839936
327, 61801.22503091909
667, 61796.307908842464
669, 61750.43495774543
747, 61680.073849580185
1097, 61461.42221001112
496, 61443.46969962907
198, 61396.93671141696
758, 61352.51407479462
995, 61348.75550480166
311, 61129.29275194197
676, 61052.2031225087
587, 61020.95658434805
1405, 61000.860812555235
883, 60900.20770686536
599, 60798.20277126818
326, 60792.62541449455
1096, 60566.02877522967
486, 60542.14310744399
766, 60534.751520434394
282, 60445.46677635153
728, 60248.558338505485
1321, 60241.59955733914
1340, 60221.79399704268
1116, 60211.90700899591
729, 60197.233331187264
370, 60094.96383393531
958, 59959.61225865518
1374, 59872.154827421655
1198, 59858.563671419186
1195, 59853.08871224515
1388, 59790.47897957619
741, 59694.118977187536
983, 59617.19313964305
241, 59537.44023728932
586, 59531.63405271564
1387, 59501.69950624081
1386, 59429.668153496896
1197, 59263.178577286104
1196, 59207.25482120832
757, 59179.460744061354
511, 59154.465448995965
1298, 59094.123448768485
670, 58991.79028811294
1311, 58973.91811364614
658, 58724.68968051008
1380, 58663.6535789093
821, 58662.031953821126
582, 58646.95763570835
1130, 58504.561477484254
211, 58479.0484370193
1146, 58473.1268625016
212, 58446.74655905667
96, 58329.512931154095
660, 58288.15213984663
1093, 58259.75016192804
510, 58259.75016192804
774, 58231.694940187204
773, 58231.694940187204
497, 58213.392480617964
316, 58073.557713799186
315, 57958.11018723733
286, 57846.45323432507
910, 57617.51095529202
1351, 57553.93899255352
51, 57438.72855502632
32, 57381.93097209852
1158, 57334.19291044827
1171, 57195.89014937003
1128, 57165.93539466857
1079, 57134.15986647356
193, 57134.15986647356
756, 57102.35834180036
784, 57099.48539404104
904, 57014.35393201489
902, 57014.35393201489
901, 57014.35393201489
900, 57014.35393201489
383, 56955.88286510385
1007, 56946.85560563315
1034, 56551.28392775059
951, 56486.33069247593
166, 56478.82338021318
117, 56251.33749130152
1242, 56179.103858127666
1241, 56179.103858127666
889, 56123.55757676109
351, 56120.139280284224
897, 56074.84278735805
1328, 55985.55408058653
1279, 55985.55408058653
881, 55913.1134560222
953, 55468.97966683762
297, 55468.97966683762
360, 55402.95805825473
956, 55382.25853789026
494, 55354.229561715714
1297, 55262.61534201441
1211, 55252.52515811162
91, 55231.71030360847
446, 55202.23710971356
163, 55105.61698498665
110, 55049.54843935242
1269, 55000.99798417001
1251, 54992.46324318318
92, 54911.88456635206
