45, 100000.0
43, 99946.68359876692
745, 99410.58824135104
701, 99127.88006656253
830, 98135.10799594606
920, 96033.14117328268
1302, 95932.28053462575
93, 95505.80294043328
142, 95379.16703783808
399, 95159.48670596279
19, 94745.36981349502
546, 94294.44654259896
1334, 93840.71422084863
1199, 93771.12352237041
5, 93588.80555386363
503, 93531.58242231248
919, 93331.92919350533
840, 92873.38215358714
1075, 92784.20655662197
369, 92575.30496111444
1076, 92421.52705589577
238, 92370.73455523886
1414, 92276.57487636217
1003, 92214.24985444883
134, 92159.48910543433
1373, 92141.5367054775
1147, 92102.75260275198
464, 92102.75260275198
1004, 92028.28888341505
145, 91972.11283378482
558, 91898.50037558899
1057, 91653.07800027305
353, 90513.6136668456
1035, 90380.24759266264
661, 89704.53018111041
1029, 89619.50771818406
1313, 89313.74448454035
1136, 89269.2251173876
418, 89203.97030433157
471, 89160.20756896857
423, 88944.5625968304
424, 88917.41087837523
1028, 88585.61151094564
516, 88562.29039046886
269, 88297.05455073502
659, 88159.68972845183
6, 88130.04580507046
1382, 87859.93199777126
834, 87830.10675766312
1172, 87809.46769067619
1398, 87797.66225199445
1044, 87749.21806123272
74, 87558.06248320214
270, 86846.44698686493
268, 86846.44698686493
133, 85928.05892094871
309, 85528.86542333344
932, 85335.86079118233
141, 84508.49666045968
690, 84483.71100885219
868, 84398.33999449592
502, 84302.05376907939
765, 84267.70483612848
515, 84267.70483612848
514, 84267.70483612848
123, 84134.2896215266
1060, 84093.88234843525
739, 83982.65844988133
740, 83905.4418002305
64, 83724.79664901413
645, 83518.50014747413
644, 83518.50014747413
63, 83518.50014747413
250, 83368.7003064743
61, 83110.9014336059
1162, 83067.41079024659
829, 83067.41079024659
481, 83052.82100909662
504, 83027.49476880935
500, 82862.903515421
828, 82834.22606237771
654, 82752.09068605324
228, 82376.10193577615
1403, 82335.33404505556
1080, 82223.62507080738
398, 82140.46639801485
545, 82108.57209311183
1002, 82090.73391814451
1314, 82035.69275450458
600, 82009.73246198281
835, 81929.65338703187
397, 81909.60521716671
172, 81753.7207508493
556, 81724.43345948402
759, 81617.43313352407
1401, 81602.93219596712
366, 81480.18366327253
444, 81462.46135606195
1058, 81039.978756651
699, 80907.22816604847
274, 80024.48366125717
271, 80024.48366125717
194, 79851.03209588134
619, 79849.15153804183
905, 79844.61219008114
899, 79844.61219008114
1077, 79763.53740394092
749, 79608.44929938951
192, 79596.01092367139
191, 79596.01092367139
1396, 79546.40373225015
1264, 79379.47205815023
1263, 79379.47205815023
460, 79295.09838853189
209, 79174.81086538403
1245, 78888.56190293175
249, 78834.96436685769
1043, 78498.97268598365
330, 78471.80100504657
180, 78163.30232136653
604, 78088.98179215942
227, 77963.10029279818
620, 77140.18118717396
1170, 77050.59044663777
362, 77050.18878797065
305, 76705.22916895461
1173, 76660.81044088946
704, 76515.45126626034
702, 76515.45126626034
1074, 76217.85393221247
594, 76208.69808540311
782, 75951.4575314601
256, 75882.43776144843
216, 75762.65730705754
161, 75726.47080670651
160, 75720.15959191964
159, 75710.95054643336
831, 75441.04776218966
210, 75264.81522783414
146, 75264.81522783414
1152, 75037.34342288027
1240, 74834.28789437839
796, 74560.25452756527
852, 74444.08536279395
273, 74127.05724953349
88, 74049.02938184387
170, 73943.15960378965
53, 73943.15960378965
218, 73926.43701625404
794, 73903.81274177351
158, 73673.28565152582
157, 73673.28565152582
1190, 73466.58722587004
674, 73430.65731638424
1188, 73425.40686864668
139, 73344.0199472563
1067, 73331.73024620552
169, 73295.74307142597
1404, 73294.33025678749
1228, 73268.42437735645
865, 73268.42437735645
1317, 73103.8103936397
815, 73062.14800383602
501, 72673.89650836364
285, 72590.32368909346
1036, 72464.74212674644
1344, 72087.21516721447
518, 71952.28978307903
696, 71787.13764018255
705, 71620.8957658321
703, 71620.8957658321
459, 71524.6505278982
1039, 71462.36155540716
1061, 71250.85365301081
908, 71221.50273125341
700, 70846.80425709242
866, 70672.35762843389
302, 70616.62900014168
673, 70544.17601535807
992, 70534.84454122202
860, 70355.92155585266
562, 70333.9758735065
1085, 70303.40297604055
564, 70198.38994353641
451, 70006.24543799934
1234, 70003.9104108648
1086, 69991.16006914832
775, 69978.29537627244
1399, 69838.72336274043
575, 69812.0436540577
421, 69672.33966943463
427, 69575.1596370816
1262, 69459.6806258621
1288, 68972.33370618103
1397, 68897.34490619732
1109, 68838.55763784205
1081, 68810.17746935347
1110, 68454.65191420414
1108, 68454.65191420414
607, 68245.84117219468
915, 68043.01104688644
512, 67906.00173225849
108, 67778.01555142466
643, 67585.73553765228
177, 67558.75863870357
1101, 67493.26571805326
151, 67400.4742789284
1413, 67319.48657684078
401, 67303.95615943549
1395, 67275.89601635744
861, 67235.94100164024
1255, 67224.37811423246
1348, 67208.21859386457
124, 67115.19672853044
149, 67114.24109652688
613, 67087.81766988736
272, 66878.54201829732
1362, 66324.62632004828
264, 66225.92361624877
1056, 66199.09385162212
1285, 66156.92356417338
1193, 66131.90692751094
156, 66072.65962981798
217, 66002.5445506864
1149, 65965.92615378332
922, 65917.76874451744
1286, 65877.56087709148
698, 65849.16249801879
544, 65700.35947082723
1106, 65565.13067768814
1105, 65565.13067768814
1102, 65565.12929253203
409, 65340.276767785734
461, 65334.24165359699
391, 65310.531956292696
155, 65228.5402292613
1400, 65097.68609010809
1088, 65068.82832016447
1232, 65040.85212043113
437, 64972.21645658179
1018, 64923.393005403115
154, 64923.393005403115
1236, 64745.97328095675
135, 64673.47998625989
571, 64623.142309193936
709, 64394.11695726604
554, 64324.08426252738
612, 64276.737627861316
102, 64183.25418148555
136, 64181.511620232166
555, 64152.64915599621
1379, 64129.52368775297
1419, 64095.56700104629
855, 64023.58388034146
454, 64012.39125123728
1059, 63945.23107436305
856, 63873.02971684998
854, 63873.02971684998
65, 63684.16771635845
62, 63684.16771635845
112, 63586.913560293666
137, 63578.78842592437
442, 63509.614497086644
4, 63472.944827289866
1299, 63422.905780799665
233, 63359.669382065185
1113, 63359.47032731474
1084, 63329.66705397988
1082, 63329.66705397988
750, 62965.56364448967
751, 62864.814380222386
15, 62626.372848620995
363, 62507.670850693954
1020, 62463.399976808585
1323, 62429.55508513265
1318, 62384.175048676916
364, 62375.83794836168
845, 62328.496678785115
799, 62316.55306621652
798, 62316.55306621652
633, 62133.435613522466
168, 62056.37254718379
239, 61996.41540877724
21, 61996.41540877724
692, 61955.48887878111
609, 61944.64169377323
26, 61789.937715705826
434, 61683.83198767122
390, 61645.41136554209
72, 61500.2043831339
553, 61397.35285319709
350, 61388.150395365185
425, 61363.95766890088
348, 61358.3628297726
419, 61282.13004381901
417, 61141.24023753899
167, 61140.80717686466
267, 61127.728804010476
416, 61065.53946196465
3, 60961.72741845438
2, 60961.72741845438
396, 60849.07305352215
44, 60849.07305352215
291, 60713.32595964626
1027, 60647.2588577187
754, 60630.202012147674
410, 60604.746171483814
1148, 60518.31144715786
1308, 60474.358201924195
712, 60350.68190188119
1144, 60326.88362903865
993, 60206.5764499256
187, 60022.46400220268
1246, 59939.88496929856
811, 59929.32276451574
411, 59597.6910937175
426, 59547.27168302988
414, 59547.27168302988
1100, 59508.73463956193
352, 59485.13029032
479, 59471.761158545014
42, 59373.54171009005
422, 59356.31420773484
413, 59356.31420773484
219, 59331.78851887721
955, 59293.52274782758
647, 59198.285220753336
903, 59195.00589417578
1410, 59104.66722512306
412, 59056.675652607795
122, 59031.120823736004
1300, 59029.582357795785
574, 58995.70896901282
984, 58908.06273760846
480, 58888.19138632892
1015, 58872.50403249347
1117, 58658.03674033272
636, 58552.343290702105
968, 58466.01141143254
428, 58438.64209684626
987, 58190.73668575552
985, 58190.73668575552
1016, 58073.54328492358
986, 58054.465611008796
1409, 58027.22375060942
1065, 58027.22375060942
85, 58027.22375060942
1408, 58011.369271110045
1407, 58005.016886739926
601, 58003.030511056306
86, 57947.57078350924
382, 57820.86545397371
1103, 57687.43896855526
470, 57595.912427244126
441, 57504.606545495764
1017, 57452.591273933154
179, 57407.657485521966
1312, 57366.232403723305
812, 57345.57577609155
41, 57157.19474064167
783, 57137.098366522274
189, 57089.03235655862
802, 57078.428499664726
801, 57078.428499664726
346, 57062.433327912695
813, 56940.29920410947
435, 56937.87152365085
961, 56749.88446388632
970, 56745.43145794184
176, 56631.09980704374
46, 56587.05622721731
513, 56467.89392755197
11, 56448.81071342256
473, 56435.30186345859
1192, 56420.77829395502
20, 56408.974895072584
246, 56038.95673282268
242, 56026.358218235684
662, 55978.00325535399
663, 55849.353871512205
304, 55782.05537258078
1191, 55724.48734067673
1189, 55460.665938636266
358, 55440.63192419526
565, 55240.362694677555
762, 55033.23591736499
772, 54946.69805361514
1066, 54902.75274282583
795, 54756.42111300865
251, 54558.46711441607
776, 54548.36913763039
1287, 54408.2087172171
55, 54308.00535486314
420, 54215.47362729845
969, 54188.66695739995
697, 54183.99502107088
415, 54095.10275566975
695, 54042.60035532293
1155, 54031.76615157052
972, 53835.46277888742
967, 53835.46277888742
361, 53827.797551452575
791, 53760.55142650834
39, 53749.631004339724
1346, 53680.534410543245
853, 53670.08924162804
656, 53331.48386435076
694, 53203.18077709207
691, 53186.84454979036
40, 53118.41903381814
583, 53000.6336417998
606, 52853.6785006676
1381, 52810.37957911907
222, 52434.1666682365
367, 52085.3743507715
706, 51804.68319179939
1280, 51785.78577132417
693, 51761.907178344365
116, 51581.56643439747
347, 51541.377314768135
858, 51460.28471847088
1290, 51193.50474130701
827, 51146.96444841814
1040, 50974.88539655791
971, 50557.311163584374
846, 50478.79962711108
517, 50477.71692254366
1342, 50381.94893328252
540, 50175.7530061774
1204, 50069.751815682976
495, 49837.38162798696
1201, 49786.84402743059
433, 49768.22555740487
204, 49762.94845335948
488, 49660.45272626407
164, 49658.662289301414
509, 49632.84941455898
930, 49547.327840555925
1389, 49522.935033635185
277, 49423.64531192633
1274, 49407.17486651209
252, 49337.344211975964
653, 49263.593332702396
1200, 49068.69017970046
1169, 48925.634007423876
885, 48291.65038089779
1224, 48247.59366100468
867, 48152.78660628962
781, 48123.53190625201
153, 48101.71355690696
231, 47812.16207231962
30, 47619.76449920421
220, 47471.340492876574
354, 47452.31943462051
299, 47391.16872993148
107, 47270.794106296635
584, 47200.00932295213
380, 47154.52876301342
978, 47095.95130108856
279, 46944.983134067275
450, 46759.80282534688
449, 46759.80282534688
278, 46729.01444316388
478, 46591.65073938078
771, 46526.889478289646
221, 46364.72128224165
106, 46263.80940682783
1111, 46254.77027762238
622, 46248.59548744789
621, 46248.59548744789
581, 46127.00867365233
1013, 45557.03169077884
1012, 45536.585113616326
618, 45523.72670044803
1137, 45380.100398118106
56, 45177.37505495576
1310, 45169.38822002325
557, 44770.50378818042
780, 44654.132890882625
534, 44523.50032719511
836, 44512.48754008163
29, 44286.28437237589
1217, 44141.13429790933
1216, 44141.13429790933
131, 43894.06695730885
536, 43848.855520121426
535, 43848.855520121426
395, 43648.92556178229
847, 43534.724604311596
1112, 43197.96690634714
1306, 43106.41577688482
596, 43079.496944923325
605, 43009.82513200515
977, 42906.60499090432
1052, 42797.22595620586
598, 42594.86807077037
178, 42523.51285723741
381, 42051.56836438948
173, 41893.599585951306
597, 41835.59614752811
