309, 99337.24645617003
868, 99109.03353093949
64, 98181.51940318925
645, 97897.95061692894
644, 97897.95061692894
63, 97897.95061692894
250, 97692.19149998415
270, 97617.15707111909
268, 97617.15707111909
61, 97338.38648418116
504, 97223.99901481577
500, 96998.38677168396
1044, 96501.21598879722
1398, 96442.69419652967
834, 96403.57613933079
1382, 96367.66954820123
228, 96332.00104272277
1403, 96276.25416868369
398, 96009.91710682359
659, 96009.60977062772
545, 95966.34560499391
1002, 95941.97897823578
600, 95831.35491820014
835, 95722.02675566779
397, 95694.66157123646
1028, 95509.50853722637
172, 95481.96057730133
556, 95442.01389784634
759, 95296.11062947375
1401, 95276.34240616155
424, 95126.7939390119
366, 95109.05413809068
423, 95095.73725957349
444, 95084.90819417618
471, 94850.46446806309
418, 94800.98767660807
1136, 94727.3983088062
1313, 94677.31990419795
1058, 94509.81202989638
699, 94329.3136141673
194, 92896.71761499098
619, 92894.17239869798
905, 92888.02875855568
899, 92888.02875855568
749, 92568.55872726729
192, 92551.7412325641
191, 92551.7412325641
1264, 92259.10360150205
1263, 92259.10360150205
1057, 92183.15975017815
460, 92145.14841555724
209, 91982.75586739274
558, 91936.21665111484
134, 91676.48918902678
1414, 91560.92035861296
249, 91524.38172499536
238, 91468.40361153567
1076, 91418.65305134199
1043, 91071.83174392456
1075, 91066.55022260662
330, 91035.26109836723
840, 90980.80905662932
180, 90620.33371736655
604, 90520.45142479325
546, 89657.16511432505
620, 89247.97535990443
1170, 89128.07529961206
399, 88888.86582226239
305, 88666.28401180982
1173, 88606.93766705142
704, 88412.8031384339
702, 88412.8031384339
594, 88003.49491665333
782, 87660.64553896952
216, 87409.24094564664
161, 87361.07733932462
160, 87352.67794583272
159, 87340.42230825013
210, 86747.24180286069
146, 86747.24180286069
1152, 86445.2085741834
1240, 86175.82994469673
701, 85684.68245633764
88, 85136.16781517617
43, 85082.18209435769
45, 85043.58340034507
170, 84996.25145506187
53, 84996.25145506187
218, 84974.15654013678
158, 84639.85971179926
157, 84639.85971179926
745, 84616.92046290227
1067, 84189.36328401603
169, 84141.93397650724
830, 83691.04432573993
285, 83213.61594261788
1036, 83048.62987789448
518, 82376.247089841
696, 82159.84841922109
920, 82157.4646878338
1302, 82083.6335753672
705, 81942.1671223463
703, 81942.1671223463
459, 81816.20773236203
93, 81771.19932916826
142, 81678.34954775052
908, 81419.78655787536
19, 81213.11502460753
1334, 80547.51658342211
1199, 80496.24006596887
5, 80361.85160547688
503, 80319.65658402277
919, 80172.37975295857
775, 79799.10730906363
369, 79613.43869895446
575, 79582.9894165019
421, 79401.49345470578
1003, 79346.26532458974
1373, 79292.42376296353
427, 79275.30227199457
1147, 79263.70063549165
464, 79263.70063549165
1004, 79208.5440791999
145, 79166.92528495913
1262, 79125.4132034937
353, 78083.89312170897
1035, 77984.62075875679
661, 77481.02561624885
1029, 77417.5872858114
915, 77292.2373338056
512, 77115.49688648594
108, 76950.48353510181
643, 76702.73422742524
177, 76667.99019323614
516, 76627.38817922391
269, 76428.74306333231
1413, 76359.9910677006
6, 76303.58159687687
1255, 76237.64587216516
1348, 76216.86327415051
1172, 76063.15208634424
613, 76062.05900985784
74, 75874.43701637763
272, 75793.161770621
1362, 75082.51967813034
1285, 74867.67565561218
1193, 74835.63913105869
156, 74759.77924355291
217, 74670.02741987341
133, 74647.37244684414
1149, 74623.16346337582
1286, 74510.1023436539
698, 74473.775779935
544, 74283.49738443733
932, 74200.05154802973
461, 73815.8117747877
141, 73573.73805532457
690, 73554.95087023397
502, 73417.21362867273
765, 73391.1607579606
515, 73391.1607579606
514, 73391.1607579606
123, 73289.9423974544
1060, 73259.27837498467
739, 73174.85385639463
740, 73116.22561927575
1236, 73065.77035142407
135, 72973.46268621883
1162, 72479.0407007647
829, 72479.0407007647
612, 72468.749979105
481, 72467.93305486935
102, 72349.94131586028
136, 72347.7271025666
828, 72301.45047578886
1379, 72281.67484142425
654, 72238.86704118749
1419, 72238.53917999066
1080, 71835.82241549485
65, 71716.39377644897
62, 71716.39377644897
1314, 71692.33434805639
112, 71593.08373061518
137, 71582.78389692068
4, 71448.6414384889
1299, 71385.24327739501
1084, 71267.14575035952
1082, 71267.14575035952
750, 70806.38420256726
751, 70679.0063265629
15, 70377.7454114311
363, 70227.87622909034
1020, 70171.99929821762
274, 70151.55129111318
271, 70151.55129111318
1318, 70072.02914863243
364, 70061.51077993911
845, 70001.78999615513
799, 69986.7249506314
798, 69986.7249506314
1077, 69950.94034699962
1396, 69783.88863011291
633, 69755.83917074901
239, 69583.18481689249
21, 69583.18481689249
692, 69531.63284441129
609, 69517.97088377942
1245, 69277.09432517776
350, 68817.8575970263
425, 68787.45593680513
348, 68780.42562502954
227, 68562.3827203351
416, 68412.68865979697
3, 68282.42003128554
2, 68282.42003128554
396, 68141.11587437401
44, 68141.11587437401
291, 67970.9294166513
754, 67866.7616256942
362, 67855.35587070182
1148, 67726.59841419713
1308, 67671.55589512437
712, 67516.72751121494
1144, 67486.94347783021
1074, 67208.98890422113
1246, 67002.99775306824
811, 66989.79993240167
256, 66948.04253930766
831, 66604.23670513474
411, 66575.69388147486
426, 66512.782780966
414, 66512.782780966
1100, 66464.70637231934
352, 66435.26265459119
479, 66418.58740748424
422, 66274.62746249788
413, 66274.62746249788
219, 66244.05284452536
955, 66196.35522027827
796, 65916.76219659197
412, 65901.28879279052
852, 65825.94955975241
984, 65716.2853840501
480, 65691.55635856793
273, 65577.9529143003
1117, 65405.27942057232
794, 65403.17206434465
636, 65273.899609324384
428, 65132.62673517791
1190, 65060.51075573949
674, 65032.331103351185
1188, 65028.21293873049
139, 64964.36886475778
1404, 64925.38176435303
1228, 64905.053320714054
865, 64905.053320714054
987, 64824.82435279246
985, 64824.82435279246
1317, 64775.84174137591
815, 64743.1288842615
986, 64655.75583867562
501, 64438.07364535281
382, 64366.14314658612
1103, 64200.84255261547
470, 64087.50125091074
1344, 63976.40755126029
179, 63854.50454814672
1312, 63803.25717484205
812, 63777.7057620715
41, 63544.78128010771
1039, 63483.77256802139
189, 63460.5438975652
1061, 63316.801640972095
813, 63276.81234746078
435, 63273.81429548365
961, 63041.74696819438
700, 62997.52541276647
176, 62895.196877962786
866, 62859.55450384961
46, 62840.87556960103
302, 62815.46251869452
673, 62758.12687809973
992, 62750.74147485578
513, 62693.95315182822
11, 62670.43065217254
473, 62653.780328187626
1192, 62635.88029204755
20, 62621.33356462516
860, 62609.09100261806
562, 62591.71149412777
1085, 62567.49781970351
564, 62484.310052592475
451, 62332.028858262245
1234, 62330.177704588554
1086, 62320.06929979984
1399, 62199.18700145865
246, 62165.65602170101
242, 62150.15252619257
662, 62090.654892051636
663, 61932.414842918595
1288, 61511.04219015503
1397, 61451.39310113411
358, 61430.20913786509
1109, 61404.621544480244
1081, 61382.038998701835
1110, 61098.97125216347
1108, 61098.97125216347
607, 60932.56981540578
795, 60591.29229336093
251, 60348.99568975709
1101, 60331.9354615194
151, 60257.779700094194
401, 60180.622739930055
1395, 60158.18695780048
861, 60126.23708886225
55, 60042.69663859516
124, 60029.66000338762
149, 60028.89549655607
697, 59891.15016182575
695, 59718.44833419223
791, 59374.23235684753
39, 59360.912523156476
264, 59317.24488912553
1056, 59295.719990637794
922, 59069.909765432305
656, 58851.31568926679
1106, 58786.57606352503
1105, 58786.57606352503
1102, 58786.57494997639
694, 58695.118217615825
691, 58675.23591083386
409, 58605.74837739288
40, 58591.97106783635
391, 58581.81797004929
155, 58515.84204962919
1400, 58410.51286263656
1088, 58387.278354682116
1232, 58364.75161272914
437, 58309.47699836706
1018, 58270.150536991394
154, 58270.150536991394
606, 58270.02480289865
1381, 58217.40119871426
571, 58028.17037666077
709, 57843.43831670968
554, 57786.923190068206
555, 57648.525344879345
855, 57544.28274829195
454, 57535.24075467146
1059, 57480.97851609779
856, 57422.63038896312
854, 57422.63038896312
442, 57128.74103494959
233, 57007.38379048566
1113, 57007.222648355724
706, 56997.60300537055
1280, 56974.7279693691
693, 56945.825693129635
1323, 56253.31252879472
168, 55950.13713864747
26, 55733.46450955484
434, 55647.12521412598
390, 55615.85479933152
72, 55497.6368847654
553, 55413.86900657043
419, 55319.992796174374
417, 55205.15806754344
167, 55204.80501456977
267, 55194.14263451717
1027, 54802.12358577283
410, 54767.408334565705
993, 54442.04077575513
164, 54410.525602581816
187, 54291.45246670943
1389, 54247.6225184931
653, 53936.59121699216
42, 53759.98520303604
647, 53616.26173235885
903, 53613.571673733895
1410, 53539.45506660761
122, 53479.099593987776
1300, 53477.8369088602
574, 53450.03399399258
1015, 53348.883386296184
968, 53014.87316904987
1016, 52691.9755750406
1409, 52653.8401492781
1065, 52653.8401492781
85, 52653.8401492781
1408, 52640.7856718159
1407, 52635.55497360958
601, 52633.91932479039
86, 52588.247725180794
441, 52223.172179304114
1017, 52180.26912848548
783, 51919.89256112193
802, 51871.443314182354
801, 51871.443314182354
346, 51858.23301480175
970, 51596.28399750669
304, 50798.582396346756
1191, 50750.83655106454
1189, 50531.91534728235
565, 50348.96400948307
762, 50176.83720796664
772, 50104.8885157616
1066, 50068.344173454985
776, 49773.455053865364
1287, 49656.73240909655
420, 49496.14089819117
969, 49473.79706268896
415, 49395.794563421216
1155, 49342.97886820942
972, 49179.21536994797
967, 49179.21536994797
361, 49172.81865963637
1346, 49049.89547374597
853, 49041.174494192455
583, 48481.61490879692
222, 48007.195361418206
367, 47714.648921209686
116, 47291.50361683812
347, 47257.71940216494
858, 47189.53712882309
1290, 46965.10388402568
827, 46925.931268206536
1040, 46781.04251382495
971, 46429.11456131503
846, 46362.89269510653
517, 46361.979352452385
1342, 46281.179217314755
540, 46107.12534797434
1204, 46017.60259262755
495, 45821.248183639946
1201, 45778.52402632736
433, 45762.78233314454
204, 45758.32043253015
488, 45671.643068987796
509, 45648.29491749339
930, 45575.94359590628
277, 45471.27265636642
1274, 45457.33076840143
252, 45398.21232294228
1200, 45170.64590034512
1169, 45049.38777020384
885, 44511.329891427384
1224, 44473.898133684954
867, 44393.32940948492
781, 44368.463243122176
153, 44349.91635546557
231, 44103.65613514118
30, 43939.896227913894
220, 43813.49469714652
354, 43797.291493741584
299, 43745.193116804156
107, 43642.60769337167
584, 43582.264899667876
380, 43543.48619463922
978, 43493.532059777855
279, 43364.744447914534
450, 43206.68491925976
449, 43206.68491925976
278, 43180.39645913291
478, 43063.077295035415
771, 43007.74802452626
221, 42869.14728078355
106, 42782.86374564505
1111, 42775.13356039954
622, 42769.85280249759
621, 42769.85280249759
581, 42665.84862549989
1013, 42177.74686819764
1012, 42160.220538082096
618, 42149.198007823004
1137, 42026.046828382314
56, 41852.123580260566
1310, 41845.26911829181
557, 41502.711419515916
780, 41402.689366621424
534, 41290.364023658396
836, 41280.89241234097
29, 41086.269770445455
1217, 40961.30860539392
1216, 40961.30860539392
131, 40748.4696321006
536, 40709.50313801288
535, 40709.50313801288
395, 40537.12001370401
847, 40438.603411485805
1112, 40147.881872372614
1306, 40068.79081896685
596, 40045.53112643996
605, 39985.32045775396
977, 39896.09196503669
1052, 39801.50654824679
598, 39626.42850743258
178, 39564.66503237727
381, 39155.79700412729
173, 39018.79990838872
597, 38968.4791168655
