808, 99623.87947312478
258, 99620.83032467857
343, 99357.3453347726
125, 99049.50485383254
475, 97890.74801778818
438, 97554.779913768
891, 97433.28003199922
1248, 96824.44487295335
1273, 96811.33602709054
1271, 96806.89936220321
530, 96786.0328709383
1222, 96448.11527705542
165, 96202.04864068229
777, 95867.37431215463
152, 94737.76330661673
1174, 94640.23549734002
150, 94640.23549734002
307, 94534.56058322036
1283, 94405.85227595335
356, 94048.71897784038
465, 93824.96838262118
1032, 93072.42511163582
1119, 92272.38660995521
876, 91965.70498104327
817, 91336.11525209039
185, 91169.18152954504
281, 91105.8110578462
477, 90900.2216633228
1063, 90850.28294572949
22, 90837.39865908583
13, 90837.3778424809
266, 90664.86346098357
463, 90645.30452334383
1347, 90388.58408413378
184, 90367.29298027001
183, 90367.29298027001
384, 90322.30959669345
748, 90061.82390419103
288, 89973.44852736368
940, 89557.18059847411
832, 89557.18059847411
720, 89401.37858316614
325, 89337.65021214847
98, 89297.48074159454
235, 89222.98172491812
1278, 89173.73390648347
456, 89158.77117289338
1235, 89141.47163186962
1418, 89083.96748334763
236, 88835.34957704667
934, 88663.33070773647
1307, 88213.39140385015
289, 88105.1470424327
1094, 88050.94339964708
295, 88008.99968457466
455, 87908.0463357127
1417, 87761.49811549943
89, 87710.3996624134
1326, 87381.32039712004
526, 87175.98201134676
768, 86652.92877313535
589, 86647.23359773528
331, 86605.65717704291
824, 86577.96825317756
248, 86574.83110592171
195, 86397.37506488244
793, 86363.09797358105
833, 86315.69767154573
1315, 85939.01169783055
365, 85939.01169783055
257, 85701.6394467631
929, 85533.31200504444
1384, 85418.8724381495
73, 85258.36849253223
12, 84883.56979372159
816, 84625.02934595256
527, 84530.67987357998
981, 84351.21113770135
825, 83807.57431944733
240, 83753.02400776121
368, 83649.36287804357
485, 83466.22963585403
484, 83224.38151454479
786, 83184.9506149239
1406, 83150.922773246
483, 83150.922773246
276, 83135.71112431514
640, 83101.8511173957
17, 83062.79492344173
10, 83062.79492344173
792, 82985.07844973083
429, 82802.03203705171
255, 82684.86946534096
430, 82104.0831101416
379, 82045.29674113772
306, 81953.38750493214
809, 81830.2111351173
807, 81830.2111351173
1316, 81692.02503771037
637, 81692.02503771037
820, 81395.85477019321
642, 81223.81037931766
552, 80338.44849042002
1370, 79602.0378669213
1369, 79602.0378669213
713, 78786.60210217672
1356, 78502.64724516412
1026, 78298.1920282412
1371, 78232.50095467364
345, 77925.57003205233
717, 77704.49338539553
711, 77164.35197900725
1135, 77125.66007398059
224, 77032.1730226133
742, 76933.50981921189
1009, 76796.57081000731
770, 76300.47271122363
313, 76291.04963619496
1383, 76137.67027466524
466, 76052.7925082941
205, 76036.08152224681
67, 75943.39185365495
862, 75928.25517674003
468, 75814.144765912
909, 75807.1639602266
469, 75759.65903153393
1390, 75739.80845234756
467, 75718.825207522
1281, 75394.23566295263
872, 75171.42847548654
310, 75072.67432106793
94, 74869.28176873931
99, 74695.35707271603
80, 74598.90216860312
1270, 74587.34207530813
1256, 74459.41874576233
47, 74351.86502070009
37, 74097.24233995224
1037, 74005.2381055864
743, 73599.787818802
476, 73592.18218189098
359, 73483.52866557174
519, 73443.52499121161
1272, 73299.29045938687
999, 73030.71482772518
1120, 72925.54995723037
190, 72805.94081574127
259, 72725.56784683892
890, 72716.47719797441
710, 72012.02722582684
104, 71752.7256339596
237, 71747.41399628535
83, 71715.03857269179
105, 71710.85140534388
103, 71710.85140534388
113, 71273.4189300509
528, 71028.20033153896
408, 70983.00645784437
260, 69919.63722382947
1001, 69878.72082320882
81, 69709.04712344846
1227, 69497.6519786382
78, 69487.95591993803
223, 69436.89590717635
338, 69062.92065808532
335, 68961.68481134914
577, 68856.42098182319
1412, 68771.73338736017
1011, 68667.0409319578
1221, 68441.45039676143
641, 68282.69979795846
114, 68265.63554593785
947, 68207.53561275905
1019, 67806.76592739066
445, 67806.76592739066
1223, 67718.9125599007
54, 67675.51508742399
1062, 67628.36433645086
819, 67600.92665664712
1247, 67528.08257601243
1277, 67410.02355351858
244, 67131.89961343023
1282, 67066.28283656125
689, 66890.30910838404
569, 66847.22179342675
1132, 66571.27600485062
253, 66490.66069750191
617, 66416.77844589598
869, 66276.96088244488
38, 66134.64895104578
871, 66100.33625824984
850, 66100.0339440826
655, 65774.73091203712
322, 65453.561498867915
960, 65418.592049425926
290, 65391.607377863795
769, 65357.61657453337
1376, 65300.8060039295
611, 65289.79812465192
927, 65202.004718385164
1133, 65071.715321618605
563, 64830.64890862399
349, 64681.41424789796
90, 64674.73465303063
719, 64256.452113972286
752, 64063.40802958644
1176, 64035.645733441335
1083, 63916.381943190136
1051, 63567.16564405369
1030, 63018.6606910391
623, 62932.421127064634
1121, 62868.45040784529
568, 62761.89793532493
1225, 62619.48943016966
16, 62230.49535949655
48, 62153.27512741971
1123, 61947.542221037285
1175, 61746.08336476034
1415, 61552.833697610076
949, 61547.146082481086
1010, 61220.20908953971
1046, 61073.50030974942
870, 60958.29101166239
1183, 60820.360482826676
730, 60758.46768908377
332, 60698.887708165894
857, 60683.944357346816
1078, 60616.957053581355
826, 60489.53374060438
864, 60368.661399236335
1031, 60294.598141724986
334, 60147.72970732478
531, 59992.04537140346
877, 59903.90960811791
576, 59883.89422120832
14, 59883.87712144749
18, 59632.61184266819
560, 59631.45034092426
525, 59526.48043393457
1343, 59486.09499636135
498, 59418.75891825925
492, 59308.82827977383
579, 59069.89218193195
1184, 58960.82842511124
1122, 58871.32688457622
1304, 58803.13542731799
140, 58667.774018803095
1008, 58609.55439419634
761, 58461.823976314474
537, 58268.21211454064
432, 58101.046954712976
110, 58091.62508435941
275, 57981.657922997656
446, 57922.55855508511
494, 57756.15578601274
956, 57725.67311309335
360, 57703.201948273854
538, 57674.490182237314
814, 57500.957548282415
570, 57236.84947567606
1328, 57084.50674783764
1279, 57084.50674783764
921, 57023.46129074423
897, 56991.97634396544
889, 56941.74300494562
166, 56580.64819326207
1034, 56508.112424140214
474, 56388.416436048625
1330, 56251.07881936603
186, 56189.58237656475
36, 56189.58237656475
1378, 56112.316802751426
904, 56053.19648113287
902, 56053.19648113287
901, 56053.19648113287
900, 56053.19648113287
226, 56012.26749484567
756, 55968.39383389595
1079, 55937.8764802319
193, 55937.8764802319
1171, 55878.83042596225
800, 55813.37884392937
51, 55648.97634491609
1363, 55457.33044161616
790, 55436.33007539773
215, 55389.646971150185
597, 55374.38359213425
173, 55273.089819310706
286, 55271.53959154402
315, 55169.98507378907
381, 55000.49242207331
497, 54940.644873999
212, 54734.39853511496
211, 54706.10004662652
582, 54559.97031558476
670, 54264.873691936766
178, 54213.53025098226
757, 54107.037758258135
598, 54097.99137795068
241, 53811.2204460276
1052, 53775.06071425946
983, 53746.23655461839
741, 53683.868668263625
1388, 53606.173888720135
977, 53603.36191710813
958, 53470.94456151547
605, 53443.127239326735
370, 53363.76037847627
596, 53335.94306841808
1306, 53294.73825169176
729, 53283.376367376564
1321, 53248.66434496155
728, 53243.22854925729
1112, 53155.45763511066
486, 53016.03255098744
326, 52825.43440740055
1405, 52669.203296599844
847, 52654.27053403672
676, 52630.98807585426
311, 52573.832788923035
395, 52488.17595171683
496, 52343.64471883807
536, 52201.95966533231
535, 52201.95966533231
131, 52138.026585766274
667, 52090.27311381123
1329, 51994.35631817817
1301, 51929.82704909842
70, 51851.799234627404
1217, 51793.67873435701
1216, 51793.67873435701
109, 51674.820431659384
1368, 51638.510515774506
29, 51595.25616857312
592, 51590.93905485669
120, 51338.460052115166
836, 51291.58506605966
534, 51276.97020956705
780, 51104.78951733853
1125, 51055.94720439384
665, 51003.113374390596
1350, 50967.59094021598
557, 50953.21578538021
892, 50916.36511774865
1411, 50911.29173875483
148, 50898.26482021844
213, 50835.93261830907
71, 50627.00512408741
753, 50532.64813689804
1310, 50446.212168699756
56, 50436.253967610486
778, 50376.717138188644
208, 50235.61395724475
1137, 50185.96213629843
119, 50184.66005846519
618, 50011.4673034445
1012, 49995.95795329479
1013, 49971.33384154009
734, 49962.18889197598
1, 49854.870834640205
1025, 49747.90015379576
1115, 49574.94398671678
1145, 49539.537727763025
490, 49361.22555514715
668, 49351.41493107323
458, 49335.891041141025
581, 49303.079794081714
0, 49282.87267835191
622, 49164.92623460346
621, 49164.92623460346
1111, 49157.950076994675
106, 49147.74477092706
1360, 49049.1951730659
1284, 49038.77894494765
221, 49034.36973813371
980, 48970.15375719293
1324, 48958.76044140137
771, 48854.28484977766
478, 48783.08565079957
7, 48716.839859810665
278, 48633.39965543831
450, 48600.09543076011
449, 48600.09543076011
1185, 48547.49567362834
279, 48401.65494633388
978, 48242.21392691214
380, 48180.904712906515
942, 48163.97511813467
584, 48133.51513517333
174, 48108.09402706197
1150, 48064.91148242112
107, 48060.125048613794
299, 47936.33255077946
354, 47873.92883127182
220, 47854.583848438524
632, 47778.06924316194
520, 47776.67586447379
30, 47704.69474000061
231, 47513.159365995634
1249, 47412.919022550646
314, 47354.334836550894
1367, 47333.4770815953
337, 47323.489846146746
153, 47230.629406039196
1305, 47210.73617664322
781, 47209.61302067461
867, 47181.4927919472
588, 47118.99146571848
1224, 47090.82531058056
1303, 47087.197189655904
885, 47048.931436741856
1124, 46887.52580636565
733, 46549.128043026525
1169, 46462.36046615788
1200, 46334.07795052489
482, 46173.314347224456
252, 46097.05693542339
638, 46070.33097994535
225, 46070.33097994535
206, 46063.583976390786
1274, 46036.263932903974
277, 46021.97348445628
930, 45915.246190246624
938, 45893.19184081539
509, 45842.04685159046
488, 45818.524193083715
204, 45731.61881502257
433, 45727.1629889692
1201, 45711.45659257493
495, 45668.93683637687
1322, 45526.33161849778
1204, 45475.54037529813
540, 45388.451108094225
1354, 45384.733134506794
1416, 45381.789056373964
1342, 45221.03506169496
863, 45189.15406793817
517, 45144.15959360678
846, 45143.29363713846
566, 45141.617944480444
1000, 45126.09062677462
371, 45115.28129239844
971, 45080.6864414101
328, 45042.05581635289
132, 45040.98188344686
1214, 44975.510010519545
788, 44950.25396258162
787, 44867.58706503014
203, 44856.284146576756
386, 44794.511677217044
287, 44792.06516452762
207, 44775.71588021417
1040, 44753.7873003325
827, 44621.98270871002
1290, 44586.61981477794
1005, 44450.51675430051
858, 44386.2100874823
347, 44326.05668983694
247, 44307.45630746936
948, 44305.765443934324
116, 44296.37523164185
1177, 44269.05592594681
1181, 44209.75697517667
1180, 44209.75697517667
1179, 44209.75697517667
1182, 44158.96506736667
1178, 44158.96506736667
234, 44155.9143226332
367, 43931.454578753815
874, 43782.90818928634
31, 43696.84208329284
222, 43686.34625653798
342, 43641.955411085975
1087, 43512.04893211662
1250, 43340.52265842437
583, 43300.76100387701
726, 43275.55509694507
630, 43266.57792375694
732, 43266.50987330552
657, 43218.52765189823
1163, 43101.28516660271
405, 43066.29525708521
666, 43033.80190493187
763, 43022.94816609447
59, 43007.57917670033
853, 42863.947463182114
1346, 42857.287326192476
361, 42763.88183308439
972, 42759.04506679769
967, 42759.04506679769
457, 42752.70223390143
731, 42741.59185760755
1048, 42681.72862891014
493, 42660.09162766884
1319, 42654.073314501715
1155, 42636.01401387672
415, 42596.65902497658
1309, 42556.179004778816
969, 42538.82221943124
420, 42522.31729546751
