866, 99835.90405418788
700, 99816.29206593224
302, 99724.72796135902
673, 99580.29563517387
992, 99561.70256518632
860, 99205.58760797835
562, 99161.95968885988
1085, 99101.19950259443
1061, 99025.12001819951
564, 98892.66271310335
1039, 98619.45539138919
451, 98511.75815201053
1234, 98507.13446315752
1086, 98481.88917170165
1399, 98180.35880288627
1344, 97453.710153937
1288, 96476.67502369054
501, 96401.63117841577
1397, 96330.01796657589
1109, 96215.13541593304
1081, 96159.70258781768
815, 95726.85394156675
1317, 95655.42813826508
1110, 95466.81825908771
1108, 95466.81825908771
1228, 95375.04349244802
865, 95375.04349244802
1404, 95331.18225956327
139, 95247.25198680568
1188, 95110.34558274699
674, 95101.5373687035
607, 95061.18891123815
1190, 95041.33841781595
794, 94319.46234232951
273, 93958.32387013164
1101, 93607.31598134548
852, 93453.86779198157
151, 93428.92386619569
796, 93271.43654253738
401, 93243.56834028591
1395, 93189.71945877901
861, 93113.07354899563
124, 92881.66210769102
149, 92879.8318740514
831, 91928.79795743185
256, 91281.79057639444
264, 91187.13002579215
1056, 91136.2717538682
1074, 90801.10478030474
922, 90603.92791289062
1106, 89939.03909117634
1105, 89939.03909117634
1102, 89939.0364847267
362, 89647.39528522287
409, 89516.46999360621
391, 89460.65099614214
155, 89306.88293463866
1400, 89061.77322090819
1088, 89007.76703934437
1232, 88955.42750337304
437, 88827.089931227
1018, 88735.85856598176
154, 88735.85856598176
227, 88442.45825063747
571, 88175.9154938608
709, 87750.0751832075
554, 87620.07853082963
555, 87302.28809785447
1245, 87280.91505789182
855, 87063.44301707394
454, 87042.74653630034
1059, 86918.61418016854
856, 86785.26864127147
854, 86785.26864127147
1396, 86489.56272349246
1077, 86234.32428083484
442, 86115.73157386613
274, 85931.38488066486
271, 85931.38488066486
233, 85840.27474903711
1113, 85839.90938276365
1323, 84141.88824291156
1314, 83727.19083604106
1080, 83532.3306486631
168, 83465.39510470643
654, 82993.88504657905
26, 82984.12561197688
828, 82911.43289872768
434, 82792.8596750313
390, 82723.65827073094
481, 82693.5806091132
1162, 82679.1218385051
829, 82679.1218385051
72, 82462.38450371071
553, 82277.57600991265
419, 82070.7881429308
740, 81865.28949775528
417, 81818.29446869761
167, 81817.51897180158
267, 81794.10082225366
739, 81791.91563392412
1060, 81686.69381830482
123, 81648.60283499339
765, 81523.34586128064
515, 81523.34586128064
514, 81523.34586128064
502, 81491.22355165223
690, 81322.19444291462
141, 81299.24233537265
1027, 80936.11301324732
410, 80860.4159468608
932, 80547.95553446104
993, 80153.16375414425
133, 80027.36830103812
187, 79827.17932765481
42, 78683.4582075621
74, 78663.50995585648
1172, 78461.68830628454
647, 78375.96299796697
903, 78370.21489682193
1410, 78211.94767391183
6, 78207.48890669052
122, 78083.21481666376
1300, 78080.5230491605
269, 78076.43881174055
574, 78021.26815446248
516, 77870.21987259081
1015, 77805.9300528356
968, 77097.5117850188
1029, 77070.80144513493
661, 77008.0328142296
1035, 76516.93185321495
353, 76421.6014086914
1016, 76416.50702926613
1409, 76336.32583837853
1065, 76336.32583837853
85, 76336.32583837853
1408, 76308.890301034
1407, 76297.89908328079
601, 76294.46231110375
86, 76198.53738705
441, 75434.4428112392
145, 75411.90189782581
1004, 75374.17629759872
1017, 75344.9594059956
1147, 75324.29836524375
464, 75324.29836524375
1373, 75298.37768456343
1003, 75249.88782342056
369, 75011.15506684622
783, 74803.28703658444
802, 74702.76014716898
801, 74702.76014716898
346, 74675.36456001019
919, 74521.64330852604
503, 74394.84511094977
5, 74358.68215165393
1199, 74243.99112421156
1334, 74200.42404264488
970, 74133.39874107995
19, 73644.41713260686
142, 73265.99104301215
93, 73191.44299046673
1302, 72942.93221897325
920, 72884.7278527796
304, 72497.68060016424
1191, 72400.47164033326
1189, 71955.75254537229
830, 71718.85761112157
565, 71585.35424194614
762, 71237.906094047
772, 71092.96974305
745, 71052.61847721902
1066, 71019.42009495328
45, 70754.54688083146
43, 70727.85143004546
776, 70427.56211380198
701, 70316.82926228934
1287, 70194.09676122505
420, 69873.62705344157
969, 69829.10646302768
415, 69673.81436016069
1155, 69568.7799418755
972, 69243.68910260293
967, 69243.68910260293
361, 69231.00876425767
1346, 68987.59659154378
853, 68970.34616888515
399, 68296.489255282
583, 67868.70447483957
546, 67849.75962550649
840, 67110.87337801029
1075, 67064.29707930629
222, 66942.61826725867
1076, 66874.61405012148
238, 66848.01648556415
1414, 66798.6882518511
134, 66737.31074665349
558, 66600.34295972969
1057, 66471.3489229892
367, 66375.14562137776
116, 65559.1395268791
347, 65494.23212197909
858, 65363.34698319421
1313, 65232.20054615073
1136, 65208.44883963436
418, 65173.622940846064
471, 65150.259477738284
423, 65035.04356954902
424, 65020.5261634789
1290, 64933.54385505161
827, 64858.686988463975
1028, 64842.927924814896
659, 64614.42660005185
1040, 64582.22651414007
1382, 64453.25673671102
834, 64437.20465972791
1398, 64419.739584703806
1044, 64393.65538346703
971, 63913.42298424564
270, 63906.16265256928
268, 63906.16265256928
846, 63788.00160763003
517, 63786.27271720942
1342, 63633.42525641494
540, 63304.851016068744
309, 63189.84969786606
1204, 63136.21244204351
495, 62767.18308520503
1201, 62687.04199985044
433, 62657.52798645447
204, 62649.16375713705
868, 62570.6203900746
488, 62486.79871263325
509, 62443.10146850822
930, 62307.79670101667
64, 62199.65280306786
277, 62112.32965178817
1274, 62086.31881776715
645, 62085.72367246471
644, 62085.72367246471
63, 62085.72367246471
250, 62002.90477993163
252, 61976.088667781936
61, 61860.19841775309
504, 61813.979598995174
500, 61722.70365831254
1200, 61552.75308219148
228, 61452.20010634052
1403, 61429.509545146866
1169, 61327.8110473953
398, 61320.97139915843
545, 61303.19435264802
1002, 61293.25029717206
600, 61248.08150948185
835, 61203.40485872965
397, 61192.216392632625
172, 61105.173233708876
556, 61088.810366366786
759, 61029.00389225484
1401, 61020.895733453304
366, 60952.232106727286
444, 60942.3142166675
1058, 60705.559093555516
699, 60631.039016616305
885, 60334.93317564537
1224, 60266.177755768
867, 60118.32681052426
781, 60072.73351232301
153, 60038.73868779978
194, 60035.94843447213
619, 60034.885391262935
905, 60032.31933389523
899, 60032.31933389523
749, 59898.71838933886
192, 59891.67637016513
191, 59891.67637016513
1264, 59768.99495692751
1263, 59768.99495692751
460, 59721.14776131108
209, 59652.89081641215
231, 59588.31674169939
249, 59459.76888287202
30, 59289.76828265167
1043, 59268.43479489211
330, 59252.94404989827
180, 59076.88258979252
220, 59059.85843904765
604, 59034.41682194438
354, 59030.42005205179
299, 58935.81773161152
107, 58749.76755295716
584, 58640.47048204837
380, 58570.286968317676
620, 58490.54633369404
978, 58479.941193524675
1170, 58439.02404662795
279, 58247.34869168533
305, 58240.14085968301
1173, 58214.53015350609
704, 58130.66981290411
702, 58130.66981290411
450, 57962.537861494835
449, 57962.537861494835
594, 57953.446852506444
278, 57915.23713536713
782, 57804.56553827361
478, 57704.38455244312
216, 57695.141540045624
161, 57674.15387411072
160, 57670.492967769125
159, 57665.15087414458
771, 57605.0791738138
210, 57405.97983263196
146, 57405.97983263196
221, 57356.69785357064
1152, 57273.55501035347
106, 57202.34622491433
1111, 57188.52802611778
622, 57179.089302265704
621, 57179.089302265704
1240, 57155.183686820485
581, 56993.35415748486
88, 56695.985058042694
170, 56633.90052668466
53, 56633.90052668466
218, 56624.090201362276
158, 56475.45166884269
157, 56475.45166884269
1067, 56274.52815398141
169, 56253.33297002188
1013, 56125.727657393756
1012, 56094.697174796915
618, 56075.18607988814
1137, 55857.42395470539
285, 55836.88633721266
1036, 55762.55289603111
56, 55550.5986003271
1310, 55538.52344907507
518, 55458.60878564433
696, 55360.44269819156
705, 55261.52444082949
703, 55261.52444082949
459, 55204.20805431605
908, 55023.44590034902
557, 54936.70179723108
780, 54761.5843860194
534, 54565.25167797603
836, 54548.71201171563
775, 54278.46621389322
29, 54209.39422335252
575, 54178.39109539304
421, 54094.21380076499
427, 54035.61437774687
1217, 53992.069538689604
1216, 53992.069538689604
1262, 53965.933141399335
131, 53622.882741090274
536, 53555.424059583864
535, 53555.424059583864
395, 53257.483138424024
915, 53106.874723858666
847, 53087.567305433324
512, 53023.376634995744
108, 52945.31081002544
643, 52827.907278745224
177, 52811.423886119504
1413, 52665.09828668588
1255, 52606.872286962614
1348, 52596.975766105556
1112, 52587.653602361315
613, 52523.20644688032
1306, 52452.03956071634
596, 52412.18864087911
272, 52394.846937505754
605, 52309.095844455725
977, 52156.494546511014
1362, 52054.26083339122
1052, 51994.96054106949
1285, 51950.90393249767
1193, 51935.47628166807
156, 51898.92873543076
217, 51855.659072442475
1149, 51833.053165573925
1286, 51778.4798231821
698, 51760.93466892214
598, 51696.580133609285
544, 51668.94787273939
178, 51591.5099837437
461, 51442.24251974916
1236, 51076.844797681464
135, 51031.71918568075
381, 50898.46328396943
612, 50784.37663242963
102, 50726.00256956964
136, 50724.914119933026
1379, 50692.43538782009
1419, 50671.21546607422
173, 50667.217878462914
597, 50582.40015909939
215, 50569.67091112202
790, 50530.82161582649
1363, 50513.38604070135
65, 50413.75271245019
62, 50413.75271245019
112, 50352.78758414239
137, 50347.69247316
4, 50281.295278650854
1299, 50249.88904872207
800, 50221.57041926156
1084, 50191.341743985504
1082, 50191.341743985504
226, 50061.62061001314
1378, 49981.969651738866
750, 49962.36769577558
186, 49920.82378023868
36, 49920.82378023868
751, 49898.91278397349
1330, 49872.38366093071
474, 49764.922331615395
15, 49748.56789371002
363, 49673.63474609057
1020, 49645.67285762142
1318, 49595.61336258952
364, 49590.3439211356
845, 49560.41652561229
799, 49552.86474531563
798, 49552.86474531563
633, 49437.00784863281
239, 49350.22498461539
21, 49350.22498461539
692, 49324.288654586184
609, 49317.41330738792
921, 49280.57156129418
570, 49122.302682205984
350, 48964.028789542885
425, 48948.63644954285
348, 48945.07644880411
814, 48929.42600474206
538, 48804.47146117495
416, 48758.569192184994
3, 48692.36186264826
2, 48692.36186264826
396, 48620.46387566951
44, 48620.46387566951
275, 48586.66142769426
291, 48533.75659718634
432, 48503.14406117265
754, 48480.6234888123
1148, 48409.05654613321
537, 48387.2580482623
1308, 48380.92888009165
712, 48301.738942033764
1144, 48286.493472603855
140, 48115.13489690612
1246, 48038.23994964866
811, 48031.45553875069
411, 47818.19714196832
426, 47785.733449400366
414, 47785.733449400366
1100, 47760.91316879133
352, 47745.70734854402
479, 47737.09395488383
422, 47662.68260183848
413, 47662.68260183848
219, 47646.86721997978
955, 47622.186407238616
1343, 47578.3507208405
525, 47552.54700241435
560, 47485.77159941783
18, 47485.035085555995
412, 47469.284174867345
984, 47373.22067401699
480, 47360.368623344984
14, 47326.90895583146
576, 47326.89827546205
877, 47314.40431270795
531, 47259.565702905915
1117, 47211.389346489894
334, 47163.39853450719
636, 47142.89742958091
1031, 47073.48764601511
428, 47069.1624829491
826, 46955.34846421664
987, 46908.20272906824
985, 46908.20272906824
857, 46838.86684817529
986, 46819.61148650686
382, 46667.55820606312
1103, 46580.60284107372
1010, 46524.31158106958
470, 46520.90928807569
179, 46398.01477579692
1312, 46370.95135902028
812, 46357.453379917526
949, 46337.25559982581
41, 46234.27061797258
1175, 46225.12935190761
189, 46189.66084954912
813, 46092.249841645586
