1140, 99942.79897843978
954, 99823.67428675991
521, 99779.90046215546
1139, 99699.87934669503
1141, 99572.13790272975
1138, 99572.13790272975
914, 99410.56583019592
962, 99397.5315871477
964, 99328.67936204458
963, 99328.67936204458
1338, 99319.30277072046
1337, 99319.30277072046
1267, 99315.5708679898
965, 99305.76578783816
1218, 99198.55818392652
1219, 99144.36903573191
283, 99131.6339650282
1126, 98979.74720144927
1265, 98877.69192529094
912, 98785.12220842292
646, 98520.12316396787
400, 98102.35437289036
608, 97913.80933445651
505, 97811.77963524184
1393, 97746.08754379256
550, 97716.5262148506
879, 97633.46827600242
878, 97633.46827600242
77, 97625.96866612678
918, 97465.50985808553
805, 97452.3206511444
23, 97317.56718393038
625, 97317.10665652597
388, 97221.33225326525
308, 97189.97418018263
162, 97085.41703705284
24, 96823.66866480249
1394, 96479.6220961714
1364, 96343.15142457503
785, 96162.61153392216
387, 96150.13202547343
25, 96139.8671786123
804, 96087.55832323291
973, 95983.69335236742
1391, 95840.28733050967
687, 95357.02748286376
389, 95350.80380168329
333, 95246.64572113552
684, 95189.52442753431
882, 95100.52015939551
1230, 95015.72083691102
321, 94716.9332718293
84, 94702.54114054191
1336, 94611.24060016811
1266, 94476.57359875661
1092, 94187.76164126447
686, 94144.19443526778
685, 94047.12738466375
975, 94001.71707064152
506, 93974.18278137644
976, 93926.15727125245
635, 93923.38092071442
634, 93923.38092071442
688, 93889.09492537846
1186, 93778.98490560525
895, 93589.1512330478
682, 93520.79321240223
284, 93472.00828877234
33, 93467.44453144108
725, 93318.20159864207
683, 92924.48513338435
443, 92885.11630963886
1341, 92541.88492829454
1006, 92458.9174102577
913, 92274.03775461405
681, 92186.85183891079
524, 91940.24074425195
1352, 91887.49786274432
818, 91732.05769784345
529, 91044.62525377586
508, 90637.1480032842
842, 90493.07743386256
507, 90165.90356169308
1268, 90064.48402597163
724, 89979.65559093918
339, 89946.31475715808
1392, 89901.28912351855
372, 89806.44227462115
1296, 89576.04295624547
34, 89575.05515902473
675, 89534.46395457379
1118, 89476.9483457863
595, 89476.9483457863
626, 89266.00455699085
917, 89036.03189570457
957, 88921.07560838232
841, 88819.85450440517
1210, 88759.88417540511
933, 88735.87971943445
92, 88638.0199701575
1251, 88428.86667333014
1269, 88406.80713760965
404, 88318.77306707036
163, 88137.8443116709
91, 87817.18073772977
1211, 87764.61149972441
1297, 87739.16497678317
229, 87413.6334043999
230, 87375.15371444773
953, 87223.9573388257
297, 87223.9573388257
111, 86671.8767510175
143, 86661.44791449547
881, 86147.91216266052
523, 85776.28767702993
991, 85690.62176227663
351, 85661.03413491523
1242, 85524.018836898
1241, 85524.018836898
117, 85357.15591832298
951, 84821.69722448221
1345, 84549.08402062955
764, 83929.02680846216
1007, 83804.01589987075
383, 83784.47358689384
1365, 83549.59661463865
373, 83538.94604722268
784, 83475.64702599743
1128, 83334.0325424424
1158, 82979.04404568046
32, 82879.25332111947
130, 82834.86420016027
1351, 82523.03234063057
910, 82392.68567912953
1361, 82341.899962757
1229, 81490.1015648591
316, 81477.72172780907
303, 81260.93513398123
774, 81168.46265418839
773, 81168.46265418839
1093, 81114.01629015677
510, 81114.01629015677
660, 81059.02461374326
96, 80979.17093995241
1243, 80856.81583264135
1146, 80703.98880924439
1130, 80644.18481994275
551, 80387.55098505509
821, 80346.88516040165
1380, 80343.84325367991
658, 80229.63844598751
1167, 80063.77480991842
1311, 79769.0783747112
1042, 79679.85185572013
1203, 79675.33448740373
1298, 79550.20378903417
511, 79441.11640979354
1041, 79391.84303951696
1196, 79346.10953900064
1197, 79245.89312274245
1386, 78950.14058926333
1387, 78823.37632605454
586, 78770.90568365161
1195, 78215.07609007473
1198, 78205.72855583155
1374, 78182.54107516346
1202, 77667.0401821542
1116, 77610.68559871618
1340, 77594.2653744775
1320, 77491.67185192954
282, 77226.06076770763
766, 77080.80984173404
1096, 77030.15723287096
599, 76657.84174018314
883, 76496.29111703727
587, 76306.62578932627
995, 75800.15419917768
758, 75794.41710700034
198, 75726.72910722604
1097, 75628.85912694334
747, 75300.39341419979
669, 75195.79176147068
532, 75165.85774624914
327, 75120.61313372066
746, 75039.41569828754
990, 74853.42428579432
896, 74825.44500640305
887, 74448.75261297393
880, 74259.86852732179
707, 74123.28434573642
966, 74106.4458171031
128, 73988.12065791889
1372, 73966.50171525004
806, 73905.21915276044
1127, 73395.35479085248
1129, 73331.64777169346
548, 73154.71468487919
547, 73134.84442250362
340, 72717.83330402443
522, 72603.57262140764
1237, 72410.19087689513
1024, 72410.187377752
1023, 72410.187377752
280, 71999.0558399023
708, 71960.27897951305
839, 71943.20306966624
175, 71708.06412084778
1054, 71657.009194886
1022, 71360.92533047481
1098, 71285.7935429822
431, 71249.00211872156
1064, 71225.6507450261
344, 70855.99267510218
664, 70796.0301983664
298, 70762.99666383174
1049, 70721.25454338934
1156, 70605.96684883648
1050, 70320.07496221048
144, 70289.70730868592
624, 70186.78919564541
1021, 70158.4612585619
1151, 69732.05540088419
755, 68930.03348816338
1275, 68823.17044492475
533, 68817.03411225737
1154, 68583.86122704897
66, 68563.25219965028
559, 68515.21766268095
296, 68482.77333629738
265, 68459.02360460778
440, 68433.44362067297
377, 68333.54857902421
336, 68172.54085176466
996, 68049.5259955734
911, 67726.52732997993
738, 67444.13233211714
292, 67441.96293501809
950, 67313.68365219084
578, 67065.04017141776
767, 66807.23693719001
1055, 66772.00577416323
952, 66547.52249727143
1220, 66167.75247112328
378, 65991.67525725627
1233, 65538.96758253353
941, 65460.712449166866
35, 65455.341434488204
959, 65424.954415543856
1215, 65415.97644595883
893, 65349.23911978165
301, 65094.04155669355
722, 65022.69174658541
760, 65006.9256882617
627, 64727.50772095189
721, 64683.70715629644
261, 64610.94384492467
542, 64530.34881497155
539, 64530.34881497155
129, 64517.41157366342
1420, 64449.68393347242
823, 64334.59741186185
1339, 64109.33474338744
201, 63949.349169080415
1295, 63769.15911343641
982, 63637.505250742586
924, 63635.61695323881
916, 63480.883561348914
838, 63432.862738196185
822, 63371.888392866626
1107, 63298.480337418085
263, 63167.9723620034
1385, 63109.79918072103
1070, 63108.43973657906
1071, 63108.439236552535
439, 62969.492249643125
318, 62862.07553472879
8, 62768.39052489629
115, 62672.5323678985
943, 62533.078337072344
1194, 62324.802370618745
262, 62324.7415998611
906, 62286.905638151045
937, 62270.41749596153
121, 62232.167302969145
1072, 62196.25811433344
436, 62065.13638904447
735, 62053.26910609266
803, 61927.44645954804
1349, 61891.3345356302
1293, 61890.72282523465
1292, 61873.52515909698
944, 61590.815675307065
1332, 61558.22936579023
1213, 61536.83169567384
848, 61369.32269364368
945, 61286.30703125715
1114, 60810.93376885881
76, 60578.82667361836
462, 60415.76176760818
1291, 60388.41781491712
499, 60308.53818515849
87, 60206.679181246116
593, 60154.163119142024
974, 60009.61559475501
629, 59905.11299356649
1104, 59857.49603031037
1375, 59691.996958895455
52, 59514.33909389554
678, 59128.18175672814
1252, 58940.94514846274
1068, 58914.94284508072
407, 58830.90824460035
324, 58819.513181258146
810, 58760.43226298697
1276, 58657.350002941945
294, 58630.69097376915
615, 58509.16940541805
406, 58498.32702763771
394, 58492.48376151988
243, 58172.29991749645
650, 58128.74161564409
329, 58116.71367089775
1212, 57850.87228884649
1355, 57811.55615672724
392, 57810.87631548118
1359, 57799.63215803713
171, 57655.69970280121
341, 57549.96123600451
1261, 57457.32369035118
60, 57436.59703928945
843, 57341.44284394141
95, 57120.990529600116
355, 57092.332926325354
1208, 56943.95253831372
603, 56924.257917282805
79, 56896.3241245096
1209, 56849.15266137758
1239, 56843.98585478645
1206, 56692.106135675094
323, 56594.197614899575
859, 56546.76980388054
376, 56507.40169794602
716, 56467.249303241995
925, 56406.92276965608
1047, 56357.13508390453
317, 56307.19360978633
736, 56278.938851220104
884, 56273.6839597335
447, 56236.30991837645
319, 56188.98774409838
1131, 56162.54874738646
610, 56105.57038102161
988, 56092.7997230153
100, 56061.82646440216
1257, 56047.981972494956
714, 56016.85281810835
101, 55955.46712093308
543, 55953.87505591714
472, 55930.90411449254
672, 55832.3367315938
979, 55802.99417351836
561, 55746.06467269246
1353, 55712.840508779685
1289, 55640.54975103686
82, 55640.54975103686
779, 55612.17520801724
723, 55541.404266390484
737, 55483.85503805427
1207, 55477.32796421265
671, 55352.527117614016
75, 55324.80555429514
1205, 55257.517574868645
1095, 55153.65325169118
1014, 55057.78700580171
907, 54959.001770467556
197, 54955.35514610914
1254, 54919.499688265496
385, 54616.28584601065
998, 54392.54760353401
1244, 54305.39586352332
715, 54297.697546804055
616, 54297.22162805735
677, 54292.248538104795
57, 54129.84260182435
797, 54127.10230581165
1327, 54119.74182488968
894, 54104.134849223825
1153, 53964.325969425896
1226, 53928.63002737409
489, 53908.753510169285
1045, 53785.15501084229
649, 53604.83629270163
585, 53554.149655077956
1053, 53549.36619120309
1033, 53532.1883455229
1335, 53505.350939829754
926, 53396.03055583374
375, 53180.89590352406
118, 53137.67384378414
652, 53085.09973019503
49, 52998.46681233508
9, 52983.913916347505
931, 52845.40803692223
648, 52841.67529325064
393, 52695.19714802479
602, 52544.38121077838
448, 52319.59675551242
1402, 52237.958287415
300, 52209.222412117204
1142, 52157.582033825114
1073, 52110.041494728444
1331, 52050.32934920645
935, 52044.36720318419
27, 51568.542881340196
1366, 51511.86031438135
181, 51309.05147361999
946, 51301.054992866266
1377, 51265.8379163633
573, 51217.390158413036
541, 51204.881616806786
590, 51126.849640151115
1038, 51044.58326120909
994, 50822.117912069
1069, 50731.02855720366
126, 50603.886542068845
651, 50588.5546766368
1259, 50518.71850123819
1260, 50419.13014344998
614, 50393.19958676438
639, 50278.84805352792
789, 50222.834606310294
147, 50193.19387559851
1357, 50084.681139592394
928, 50065.546704474065
680, 50049.983592888966
888, 49921.91773777391
631, 49896.310407271194
997, 49745.47604690318
873, 49745.47604690318
28, 49732.68419324539
50, 49679.83926397243
196, 49677.32905809225
1358, 49641.92206971906
1294, 49633.09173714185
837, 49598.53043971621
312, 49591.29449005107
182, 49471.59653185475
572, 49384.28058770739
199, 49376.45541742667
58, 49318.189948330415
1099, 49209.772763690504
97, 49130.35087156616
851, 49017.54365917731
989, 49001.96778072279
403, 49001.96778072279
1325, 48929.79947875098
453, 48918.80208639581
452, 48918.80208639581
127, 48904.94302405393
1143, 48818.41294796232
1165, 48712.79890335375
628, 48634.776914800794
936, 48621.19316233977
718, 48481.96493080274
1231, 48403.359118484725
844, 48365.72875792445
293, 48302.752523143274
1238, 48289.1590492957
849, 48224.62250382718
1089, 48189.35710806509
1164, 48167.48011626261
200, 48167.48011626261
549, 48160.35915104582
188, 48122.77161319965
491, 48102.59142475551
1333, 48052.907471556806
202, 47952.39781556545
245, 47876.93493139324
1258, 47850.61293486265
138, 47727.033354271094
402, 47688.543734542945
1161, 47670.52514477193
232, 47663.70157128924
1091, 47472.32560624498
1090, 47472.32560624498
591, 47454.089779363756
357, 47299.041170738805
214, 47227.32626002969
679, 47191.390264038324
875, 47067.386687226084
567, 47008.89657228551
744, 46985.007824049055
1134, 46983.797655547925
487, 46982.514665779534
1309, 46785.54576015677
1319, 46667.795115679124
493, 46660.5930011352
1048, 46634.73511289847
731, 46563.478958773754
457, 46550.29996023083
