471, 100000.0
418, 99945.0066336467
1136, 99863.2179425608
1313, 99807.56374429629
423, 99728.81259804447
424, 99694.67886900602
1028, 99277.76195460682
659, 98743.1293071753
1382, 98367.23407012799
834, 98329.85009215125
1398, 98289.18648357908
1044, 98228.47670514022
270, 97098.59576360208
268, 97098.59576360208
1057, 97039.73108160537
558, 96766.12131606479
134, 96478.42994788803
1414, 96350.44569118676
238, 96248.00215601508
1076, 96192.91797709344
1075, 95803.1566645021
840, 95708.26895003566
309, 95454.51864944547
546, 94244.6018049106
868, 94048.52869598613
399, 93396.0409058477
64, 93212.91482936937
645, 92957.28320102845
644, 92957.28320102845
63, 92957.28320102845
250, 92771.74864902806
61, 92452.62793615683
504, 92349.42921761874
500, 92145.84942621949
228, 91544.26372018851
1403, 91493.91897820163
398, 91253.35124395847
545, 91213.98919020656
1002, 91191.97585449387
600, 91092.02873253646
835, 90993.24122125196
397, 90968.51265071749
172, 90776.28141282214
556, 90740.17438341149
759, 90608.28259464965
1401, 90590.4112382449
366, 90439.16057085014
444, 90417.32729401815
1058, 89897.15216996963
701, 89865.13219537107
699, 89733.8274407176
43, 89202.63445829682
45, 89160.20756896857
745, 88691.35262356086
194, 88436.45635417123
619, 88434.14967501044
905, 88428.58179051767
899, 88428.58179051767
749, 88139.00238890154
192, 88123.75574235323
191, 88123.75574235323
1264, 87858.40965764277
1263, 87858.40965764277
460, 87755.06027274692
830, 87674.70076506588
209, 87607.7605419234
249, 87191.85435347265
1043, 86781.03921747759
330, 86747.83277175669
180, 86370.9872896299
604, 86280.24799426345
920, 85993.11777764352
1302, 85912.23528548423
93, 85570.03652915658
142, 85468.36469073885
620, 85123.42999342925
1170, 85014.34930989282
19, 84959.08770942202
305, 84594.10192581105
1173, 84540.07994818465
704, 84363.3393524804
702, 84363.3393524804
1334, 84230.94669458205
1199, 84174.87483846048
5, 84027.93396614311
594, 83990.58753488585
503, 83981.80238810081
919, 83820.80277956674
782, 83678.23723786732
216, 83449.12646382963
161, 83405.22704894588
160, 83397.57107593415
159, 83386.40005088181
369, 83210.02626816937
1003, 82918.21242328301
1373, 82859.41595192424
210, 82845.5457402971
146, 82845.5457402971
1147, 82828.05097318286
464, 82828.05097318286
1004, 82767.82417876368
145, 82722.38209313258
1152, 82570.02790455634
1240, 82324.22510740203
353, 81540.6116742347
1035, 81432.36141865538
88, 81374.90906467737
170, 81247.0731540593
53, 81247.0731540593
218, 81226.8842279761
158, 80921.36857045125
157, 80921.36857045125
661, 80883.41028027733
1029, 80814.28063681515
1067, 80509.48972670504
169, 80466.11495756671
516, 79953.60591946862
269, 79737.36539379187
285, 79616.72476055779
6, 79601.14247391853
1036, 79465.68047053006
1172, 79339.51858812431
74, 79134.21778099242
518, 78849.84800488142
696, 78651.5578525756
705, 78452.04740060892
703, 78452.04740060892
459, 78336.58178992859
908, 77973.08808793119
133, 77800.37871135108
932, 77314.59421717316
141, 76634.83912450905
690, 76614.45631918198
775, 76485.46562220741
502, 76465.03409931707
765, 76436.7736434082
515, 76436.7736434082
514, 76436.7736434082
123, 76326.98646466478
1060, 76293.7290055344
575, 76286.90124801044
739, 76202.17016697768
740, 76138.592674874
421, 76120.11223409598
427, 76004.12798008764
1262, 75866.34283659175
1162, 75447.8898534157
829, 75447.8898534157
481, 75435.85367484251
828, 75255.4722531274
654, 75187.67280077834
1080, 74751.15127065613
1314, 74595.79305737742
915, 74179.45939426516
512, 74016.65297813981
108, 73864.62203393993
643, 73636.31526955256
177, 73604.29311758922
1413, 73320.37223054453
1255, 73207.56622963594
1348, 73188.40261070592
613, 73045.64464014255
274, 72929.13355499064
271, 72929.13355499064
272, 72797.61719955821
1077, 72712.34667230006
1396, 72531.8624632981
1362, 72141.79491049473
1245, 71984.52538375664
1285, 71943.42848835811
1193, 71913.84521577753
156, 71843.79048625114
217, 71760.89973539553
1149, 71717.61520606506
1286, 71613.18087950091
698, 71579.62349072912
544, 71403.82923607316
227, 71213.1696188687
461, 70971.59582177055
362, 70450.71917938023
1236, 70277.96935452826
135, 70192.56713172322
1074, 69754.21528838134
612, 69725.46584371109
102, 69615.47504096558
136, 69613.42503477824
1379, 69552.26905966559
1419, 69512.32865688558
256, 69473.17175932706
831, 69103.01335370877
65, 69028.71817253887
62, 69028.71817253887
112, 68914.47002255492
137, 68904.92644399208
4, 68780.62388026896
1299, 68721.87016661311
1084, 68612.41389205685
1082, 68612.41389205685
796, 68363.2740124337
852, 68265.60021943791
750, 68185.2372473051
751, 68067.10762839482
273, 67998.91758859725
794, 67811.0121261024
15, 67787.65710554976
363, 67648.60520677995
1020, 67596.75579209131
1318, 67503.98376326216
364, 67494.22218145792
1190, 67442.72703535834
845, 67438.79621664331
799, 67424.81402666372
798, 67424.81402666372
674, 67412.44646491064
1188, 67408.02135328858
139, 67339.42129124729
1404, 67297.53231751261
1228, 67275.69152378548
865, 67275.69152378548
633, 67210.49644131241
1317, 67136.87883186433
815, 67101.73843625448
239, 67050.1978038062
21, 67050.1978038062
692, 67002.32944678675
609, 66989.64326059891
501, 66774.10808870081
350, 66339.29111743552
425, 66311.03948369248
348, 66304.50623244913
1344, 66278.49098059692
416, 65962.70214393862
3, 65841.5885154149
2, 65841.5885154149
1039, 65749.91131061569
396, 65710.19623308015
44, 65710.19623308015
1061, 65570.82393404789
291, 65551.92180896946
754, 65455.03122302674
1148, 65324.64319110396
1308, 65273.43418051631
700, 65228.47263895287
712, 65129.37319028289
1144, 65101.65777993773
866, 65080.568175140674
302, 65033.30651604271
673, 64971.852648409214
992, 64963.937064341146
860, 64812.13055245504
562, 64793.5066346023
1085, 64767.55981669239
564, 64678.42309461322
1246, 64651.20287306193
811, 64638.91519067439
451, 64515.273500312665
1234, 64513.29040046667
1086, 64502.46156353733
1399, 64372.97344172042
411, 64253.280090234584
426, 64194.67966040426
414, 64194.67966040426
1100, 64149.89484442879
352, 64122.46590200495
479, 64106.931333624314
422, 63972.80775181396
413, 63972.80775181396
219, 63944.31960282413
955, 63899.875130394044
1288, 63636.173348210956
412, 63624.88391200785
1397, 63572.333593880234
1109, 63522.27907887136
1081, 63498.11237524391
984, 63452.424049114954
480, 63429.36915914181
1110, 63195.23951554209
1108, 63195.23951554209
1117, 63162.42942423371
636, 63039.89712276685
607, 63017.24057167985
428, 62908.11914920076
987, 62620.936436484386
985, 62620.936436484386
986, 62463.154361200344
1101, 62375.02104926266
151, 62295.761113334105
401, 62213.30040829417
382, 62192.81019402998
1395, 62189.32373790884
861, 62155.18059594816
124, 62051.98119619467
149, 62051.164311570785
1103, 62038.470561029244
470, 61932.629367001224
179, 61715.01116032527
1312, 61667.13913146244
812, 61643.26966879474
41, 61425.648183095735
189, 61346.932044591726
264, 61291.06108589244
1056, 61268.08012383398
813, 61175.21882299186
435, 61172.416606281535
922, 61027.02828777843
961, 60955.481345542525
176, 60818.45989739
46, 60767.66518778384
1106, 60724.656649621254
1105, 60724.656649621254
1102, 60724.65546143919
513, 60630.26661793856
11, 60608.266932025
473, 60592.694198271514
1192, 60575.95232862055
20, 60562.34657042505
409, 60531.728904172756
391, 60506.20012844758
155, 60435.821068777426
1400, 60323.47315337696
1088, 60298.69217437972
1232, 60274.666686191136
437, 60215.71711994652
1018, 60173.778249628915
154, 60173.778249628915
246, 60136.039720395725
242, 60121.531913376246
662, 60065.85323140696
663, 59917.75314075779
571, 59915.764335155094
709, 59718.83892683742
554, 59658.60163225731
555, 59511.1048191349
358, 59447.56548044613
855, 59400.0238987076
454, 59390.38936118355
1059, 59332.57323685888
856, 59270.40754337091
854, 59270.40754337091
442, 58957.35156779701
233, 58828.109825662854
1113, 58827.93822592172
795, 58661.57997816233
251, 58434.44201786772
55, 58147.22293262484
1323, 58025.440770096015
697, 58005.082370878146
695, 57843.07187100098
168, 57702.91760786782
791, 57520.07723368937
39, 57507.57623382511
26, 57472.48464559777
434, 57380.67773504121
390, 57347.429245521984
72, 57221.74373067354
553, 57132.69446451844
419, 57032.90947987616
656, 57029.17517707137
417, 56910.861060413954
167, 56910.48585354057
267, 56899.15448426609
694, 56882.488213929806
691, 56863.81476572098
40, 56785.608240857946
606, 56483.15564654782
1027, 56482.63287588272
410, 56445.75660759896
1381, 56433.7086274293
993, 56100.20461125026
187, 55940.31701696674
42, 55376.2452712697
706, 55286.77463380259
1280, 55265.25195410069
693, 55238.057618932864
647, 55223.76223849857
903, 55220.90846164259
1410, 55142.28445985786
122, 55078.26328878951
1300, 55076.923960442335
574, 55047.43392683266
1015, 54940.15309783945
968, 54585.986402424765
1016, 54243.728647018164
1409, 54203.3148692619
1065, 54203.3148692619
85, 54203.3148692619
1408, 54189.48086461463
1407, 54183.93788029955
601, 54182.20458569908
86, 54133.80773966492
441, 53747.036746221835
1017, 53701.594444793176
783, 53425.85401322515
802, 53374.55480614604
801, 53374.55480614604
346, 53360.5679109227
970, 53083.26228390393
164, 52849.35204965401
1389, 52695.649841217826
653, 52402.11243532479
304, 52239.295483970425
1191, 52188.80431258065
1189, 51957.32987716567
565, 51763.93125894354
762, 51582.01136194518
772, 51505.979531728444
1066, 51467.36361099224
776, 51155.81582539843
1287, 51032.527689013354
420, 50862.92936519412
969, 50839.334778670294
415, 50756.97050913742
1155, 50701.205517823146
972, 50528.31814480031
967, 50528.31814480031
361, 50521.56569089468
1346, 50391.81567315939
853, 50382.611029149186
583, 49792.20547652323
222, 49291.92186415494
367, 48983.558458477564
116, 48537.71303595349
347, 48502.12549114931
858, 48430.30787234626
1290, 48193.94682395299
827, 48152.69838577941
1040, 48000.14737737629
971, 47629.710700090596
846, 47560.022301860416
517, 47559.06118417489
1342, 47474.03843334696
540, 47290.914499248975
1204, 47196.740476132654
495, 46990.21710254713
1201, 46945.28629260685
433, 46928.732098293876
204, 46924.039951261715
488, 46832.894420755736
509, 46808.344189668234
930, 46732.27191317593
277, 46622.228698364066
1274, 46607.57220553323
252, 46545.42611477399
1200, 46306.243454850686
1169, 46178.82038649273
885, 45613.61427086838
1224, 45574.306446382885
867, 45489.70519970234
781, 45463.59599537928
153, 45444.12243530715
231, 45185.596211003096
30, 45013.718772142936
220, 44881.072962298844
354, 44864.07066359088
299, 44809.40502130897
107, 44701.773728124805
584, 44638.46858903077
380, 44597.78840406593
978, 44545.387397370876
279, 44410.304889179395
450, 44244.54614624546
449, 44244.54614624546
278, 44216.97997830059
478, 44093.96852828458
771, 44035.96026819757
221, 43890.664274916446
106, 43800.22403210877
1111, 43792.121868733004
622, 43786.587039683225
621, 43786.587039683225
581, 43677.5855692977
1013, 43166.19932476294
1012, 43147.84207445092
618, 43136.29715112482
1137, 43007.31905766489
56, 42825.1966700197
1310, 42818.01979387356
557, 42459.41877428804
780, 42354.73803383881
534, 42237.19482128006
836, 42227.28389390758
29, 42023.65726722498
1217, 41892.93812312734
1216, 41892.93812312734
131, 41670.333680189135
536, 41629.58502427265
535, 41629.58502427265
395, 41449.33897855464
847, 41346.344223121865
1112, 41042.473356768794
1306, 40959.821984041206
596, 40935.51662667791
605, 40872.60203623672
977, 40779.3742303302
1052, 40680.55947748044
598, 40497.6802830726
178, 40433.17321959482
381, 40006.2543911692
173, 39863.25242580685
597, 39810.7314258377
