1047, 99923.2338475227
925, 99920.27112430225
317, 99766.34246179121
716, 99731.53048642984
736, 99677.6751036303
884, 99661.1920951335
376, 99606.52480460536
447, 99544.02944319938
859, 99484.43642955352
319, 99395.85266526458
323, 99337.97481461974
1131, 99313.14953024797
610, 99135.12022562284
988, 99095.25625277015
1206, 99037.75312034992
100, 98998.63012207049
1257, 98955.46641127515
714, 98858.47297947023
101, 98667.44642252462
543, 98662.49632115028
472, 98591.09823181028
1239, 98577.63235554968
1209, 98562.09768643485
79, 98420.62675708829
603, 98337.15259361544
1208, 98278.4336144289
979, 98194.34621418205
561, 98018.20584952779
1353, 97915.53600616606
355, 97839.57574448053
95, 97755.52874054966
1289, 97692.46212469443
82, 97692.46212469443
779, 97605.02400517924
723, 97387.23175122165
737, 97210.43636218816
1207, 97190.40213317651
843, 97116.55221877768
60, 96844.82053627749
671, 96808.01853734035
1261, 96785.951928332
75, 96723.25626156789
341, 96524.22689156145
1205, 96517.77867899285
171, 96228.2317628976
1095, 96201.34027790814
1014, 95910.05539278737
1359, 95829.94565415286
392, 95799.05303368234
1355, 95797.18623594147
1212, 95689.42491360492
907, 95610.68762786158
197, 95599.65179979037
1254, 95491.19960608723
329, 94970.86010857519
650, 94938.75801384219
243, 94822.79484299461
385, 94578.23312226085
394, 93984.20281331317
406, 93969.1210478368
615, 93941.15711655136
998, 93909.3064874814
1244, 93649.8232705389
294, 93629.57438881925
715, 93626.9315134377
616, 93625.51647314157
677, 93610.73115266042
1276, 93561.6684300118
810, 93300.59727368283
324, 93152.0319048478
57, 93128.96341531022
407, 93123.46644425338
797, 93120.85235467026
1327, 93099.06883875959
894, 93052.89374342428
1068, 92913.68554296899
1252, 92849.08642519382
1153, 92640.10630741534
1226, 92534.95913812322
489, 92476.45337963855
678, 92388.22178457378
1045, 92113.33756242257
649, 91585.71341433427
52, 91460.9639019405
585, 91437.85360685641
1053, 91423.90981635873
1033, 91373.85094155242
1335, 91295.68806897725
1375, 91044.53928776433
926, 90977.86824615464
1104, 90662.20689322778
629, 90553.18611446039
375, 90355.08901465102
974, 90315.44290797645
118, 90230.39295276176
652, 90078.90686885774
87, 89872.72124600226
49, 89829.74002658686
9, 89787.93964642334
499, 89646.7057705162
1291, 89470.7841692792
462, 89410.82870768273
931, 89390.90513565048
648, 89380.22494236787
76, 89056.06188541059
393, 88961.94126748452
1114, 88559.14609925458
602, 88532.93952402567
448, 87896.6528523401
1402, 87666.48207679822
300, 87585.58045963786
945, 87569.9595648848
1142, 87440.34615124218
848, 87401.02561642596
1073, 87306.814185374
1331, 87139.32756444455
935, 87122.61856215665
1213, 87063.50185751107
1332, 87020.70577968025
944, 86955.66981160609
1292, 86398.32649574656
1293, 86364.81596694945
1349, 86363.62483966466
803, 86293.40722272528
735, 86050.27592863912
436, 86027.46576956505
1072, 85776.81460457973
121, 85708.6088889938
1366, 85640.59583424924
937, 85636.162195382
906, 85604.9984598305
262, 85533.63373737894
1194, 85533.51927928263
943, 85144.33031647473
181, 85081.48180789496
946, 85059.49630188891
1377, 84962.72419869856
115, 84887.1476499324
573, 84829.73856216438
541, 84795.43032185748
8, 84711.92214679853
590, 84581.65339584573
1038, 84356.73776775459
439, 84348.37072669216
1071, 84100.3397343472
1070, 84100.33884634581
263, 83994.84647807298
1107, 83765.19825280018
994, 83750.88217636844
822, 83636.99005269437
838, 83531.02019129692
1069, 83503.80260324941
916, 83447.89445703912
924, 83182.01447500367
982, 83178.78821743041
126, 83159.88714748094
651, 83118.49000254266
1295, 82954.93435989099
1259, 82930.13123180704
1260, 82662.10351792132
201, 82651.97841581925
614, 82592.42623052384
1339, 82386.25401548324
639, 82285.70111587057
789, 82135.78009823115
147, 82056.53208222371
823, 82017.20581440955
1420, 81830.91927109832
1357, 81766.91661718272
928, 81715.9300094374
542, 81701.2473894625
539, 81701.2473894625
680, 81674.47790118461
261, 81572.41941045734
721, 81456.73314553114
627, 81387.37779571021
888, 81333.99397040666
631, 81266.04453778984
760, 80949.87678143517
722, 80925.44248537744
997, 80866.6914391197
873, 80866.6914391197
301, 80815.19599979105
50, 80693.38244224207
196, 80686.76010763817
1358, 80593.3951528729
1294, 80570.123318184
837, 80479.08861565271
312, 80460.03907218522
893, 80425.2716846882
1215, 80324.41967143405
959, 80310.88733166242
35, 80265.14682151178
941, 80257.07185306384
182, 80145.42052411348
1233, 80139.75407516633
572, 79916.51086253658
199, 79896.0206332249
58, 79743.57847877844
378, 79473.10497949283
1099, 79460.51312093358
97, 79253.63737707026
1220, 79219.23086384636
851, 78960.50446993606
989, 78920.09482843804
403, 78920.09482843804
1325, 78733.06783039166
453, 78704.5971566525
452, 78704.5971566525
952, 78681.64669398563
127, 78668.7291276573
1143, 78445.06392272188
1055, 78370.1297414885
767, 78321.65210329164
1165, 78172.7211933144
628, 77971.98724069758
578, 77970.27007896925
936, 77937.07884055914
950, 77636.86320540089
718, 77579.95804050993
292, 77466.91866171446
738, 77464.05658547081
1231, 77378.87709975832
844, 77282.75347229633
293, 77122.08582665476
911, 77094.84138254034
1238, 77087.43837358285
849, 76923.10428818589
1089, 76833.4159995268
1164, 76777.81681192404
200, 76777.81681192404
549, 76759.72573610597
996, 76680.52964310964
188, 76664.28582247962
336, 76524.92913243425
1333, 76487.12590816121
377, 76323.06368179146
202, 76232.78984551143
440, 76198.8281992492
265, 76167.13857386386
296, 76137.76110263717
559, 76097.69823770605
245, 76042.24663208115
66, 76038.53112225783
1154, 76013.1992735514
1258, 75975.86688602043
1275, 75721.38242296185
138, 75664.7924795898
755, 75592.44431414128
402, 75568.09893923791
1161, 75522.86402731044
232, 75505.73894832257
1091, 75026.60781401879
1090, 75026.60781401879
591, 74981.06936381104
1151, 74650.86156910905
357, 74594.70105536701
214, 74416.48742770107
679, 74327.30257608814
1021, 74168.2877930073
624, 74136.65549367796
875, 74020.153151492
1050, 73988.5243318283
567, 73875.59808391561
744, 73816.61748434002
1134, 73813.63052623729
1156, 73674.64442485015
1049, 73549.53513050138
664, 73468.83310444327
344, 73404.36882671055
1309, 73325.48530357979
1319, 73036.66336353755
493, 73019.02454715694
1064, 73011.81228744068
431, 72987.29132020201
1048, 72955.72090961342
1098, 72948.72308502799
1022, 72870.21254029835
731, 72781.48098067501
457, 72749.28778126501
1054, 72564.0394084724
175, 72511.75877220133
839, 72272.89477606986
280, 72216.6165066084
59, 72022.97815022944
763, 71979.91730354313
666, 71949.55680140397
405, 71858.90925960029
1024, 71807.6739422667
1023, 71807.6739422667
1237, 71807.67050111323
1163, 71761.70429394075
522, 71618.49981131294
340, 71507.66512162262
657, 71439.03831817239
732, 71308.32063938669
630, 71308.1357951598
726, 71283.7647519002
547, 71108.9531781047
1250, 71108.1867884416
548, 71090.17857220348
1129, 70923.88425537026
1127, 70864.39372300662
1087, 70651.23922829286
806, 70395.48978023534
1372, 70339.97945132865
342, 70311.40849086257
966, 70213.88708673445
707, 70198.77772678113
31, 70169.40917093963
880, 70076.71169134046
874, 69948.6064691943
887, 69909.33589442844
896, 69580.40682464949
990, 69556.23003996062
746, 69396.39767023033
327, 69327.09759746741
669, 69263.19077169415
747, 69174.67973726212
234, 69017.158442131
1182, 69009.7065706334
1178, 69009.7065706334
1097, 68899.78257528026
1181, 68886.0267551801
1180, 68886.0267551801
1179, 68886.0267551801
198, 68818.75414777396
758, 68762.94742049421
995, 68758.22609797365
1177, 68742.54873103046
948, 68654.2181608989
247, 68650.15858872521
587, 68346.73053353828
1005, 68309.52399687601
883, 68195.2846728608
599, 68067.40391415029
1096, 67776.52501264808
766, 67737.35963417194
282, 67625.58376656288
207, 67555.52262772339
287, 67518.34020042256
386, 67512.78206220963
203, 67372.94625094606
787, 67347.46378977997
1340, 67345.73921167022
1116, 67333.37494266497
788, 67162.06280056524
1214, 67105.7585783939
132, 66960.53086593132
328, 66958.1574520497
1374, 66908.78615912481
1198, 66891.81305265834
1195, 66884.97598985405
371, 66796.98874987838
1000, 66773.30735152886
566, 66739.33884953056
863, 66635.70507232336
586, 66483.80474539366
1387, 66446.47256937136
1386, 66356.65830174868
1416, 66221.20612609453
1354, 66214.93838572194
1197, 66149.1632885158
1196, 66079.49621863572
511, 66013.74782433899
1298, 65938.60940639411
1322, 65915.8277543805
1311, 65788.98156402964
658, 65478.974275041815
1380, 65403.09954696958
821, 65401.08393224631
1130, 65205.41542894707
1146, 65166.370081196066
938, 65161.65383041851
96, 64988.04644340658
660, 64936.70785173926
1093, 64901.45904598995
510, 64901.45904598995
774, 64866.644434818154
773, 64866.644434818154
206, 64821.20429099971
638, 64807.848285805805
225, 64807.848285805805
316, 64670.478424397515
482, 64605.15029228897
910, 64105.44074229533
1351, 64026.75564950169
733, 63883.501553597474
32, 63813.95368360873
1158, 63754.91926753473
1128, 63546.93438968259
784, 63464.83248670849
383, 63287.477978176124
1007, 63276.33229546116
1124, 63256.95176155176
1303, 62897.12395815079
588, 62840.484325876045
951, 62708.2568175141
1305, 62678.04199132871
337, 62480.40310777749
1367, 62463.0024047801
314, 62426.71693393452
117, 62418.77648695797
1242, 62329.84754708516
1241, 62329.84754708516
1249, 62325.19541429302
351, 62257.27308841902
881, 62002.59471646435
520, 61707.60452104248
632, 61705.28025597492
953, 61456.924002865955
297, 61456.924002865955
1150, 61233.329630151566
1297, 61203.701952880605
1211, 61191.32587392415
91, 61165.79702346454
174, 61163.38710048365
942, 61073.29902477565
163, 61011.19119672994
1269, 60882.97305302365
1251, 60872.515412650275
92, 60773.79925455297
933, 60727.88058409855
917, 60588.09837899134
626, 60482.06606043176
1185, 60467.57690103188
1118, 60385.60999165804
595, 60385.60999165804
34, 60341.00875046051
1296, 60340.56051031707
7, 60206.90559792964
1392, 60193.86528894295
339, 60173.69698087822
1268, 60120.925417531136
1324, 59841.46915970137
980, 59824.45661561447
1284, 59722.35605535289
1360, 59706.91416346539
0, 59364.27358771046
1352, 59335.11564759741
524, 59313.1439036939
458, 59287.527575376356
668, 59265.124867629835
490, 59250.98302969605
913, 59175.0460813413
1145, 58996.08769859044
1115, 58945.95246282975
443, 58926.43518330519
1025, 58703.28282373881
33, 58694.44558469067
284, 58692.646045559384
895, 58646.55301816542
1, 58555.02794571512
688, 58529.38326598025
686, 58430.68356363646
734, 58407.67532511495
1336, 58252.20876786168
119, 58106.54377921761
1230, 58099.927288249666
882, 58068.2660082059
208, 58038.38291841179
389, 57975.3463881286
687, 57973.04579539316
778, 57851.17564424673
973, 57743.84417105636
804, 57706.31806110901
387, 57683.772978408844
785, 57679.28227004568
753, 57646.899016703916
1364, 57614.52360305153
1394, 57565.82913493934
71, 57524.59259158853
162, 57352.30268888735
388, 57304.97713398896
625, 57271.7546935817
213, 57257.21418646812
805, 57225.027814941765
918, 57220.48093953201
148, 57178.34624589911
1411, 57161.915284845236
892, 57155.52101797401
550, 57134.31580347627
1350, 57091.10941431844
608, 57067.086178409845
665, 57046.60427093467
1125, 56980.65252675384
912, 56775.220404713844
1265, 56744.6878521182
1126, 56711.13076002342
283, 56661.38949220709
120, 56632.840344209515
965, 56604.657138566596
1267, 56601.47192006705
964, 56597.215116751875
963, 56597.215116751875
962, 56574.8852329553
1141, 56518.47464440054
1138, 56518.47464440054
521, 56451.75491624125
1140, 56363.3582377621
