180, 99778.28786068341
330, 99720.02696651485
1043, 99676.1827112443
604, 99657.21106734817
249, 99139.66443858732
209, 98607.39220974784
460, 98421.4463888676
1264, 98291.77048298465
1263, 98291.77048298465
620, 98117.07929853947
1170, 97972.18413059888
192, 97961.77336705313
191, 97961.77336705313
749, 97942.9393492908
905, 97587.81894938728
899, 97587.81894938728
619, 97581.038810318
194, 97578.23044092733
305, 97414.48619906609
1173, 97342.85613010752
704, 97108.60499812033
702, 97108.60499812033
594, 96615.04736265568
782, 96201.97367250526
699, 96046.05269710002
216, 95899.27501075233
1058, 95859.64443592982
161, 95841.30388883247
160, 95831.19476913258
159, 95816.44479176225
444, 95275.167317164
366, 95250.93696590685
210, 95103.01662340062
146, 95103.01662340062
1401, 95083.73782250627
759, 95064.05760113966
556, 94919.3067403978
172, 94879.82937017018
1152, 94740.11715337748
397, 94670.73126024111
835, 94643.96378340558
600, 94537.32657377176
1002, 94429.91620349804
1240, 94416.65812343013
545, 94406.3234586675
398, 94364.19497752827
1403, 94108.31778644632
228, 94055.11416698941
500, 93428.42521524738
504, 93220.06581172942
88, 93170.08497305695
61, 93115.14767477142
170, 93002.54210736715
53, 93002.54210736715
218, 92976.08929853592
250, 92793.6642019596
645, 92608.78156386442
644, 92608.78156386442
63, 92608.78156386442
158, 92576.01539990028
157, 92576.01539990028
64, 92356.44832120158
1067, 92037.34666910465
169, 91980.66564257952
868, 91550.50314122155
285, 90872.4640858793
1036, 90675.74620360706
309, 90256.38951007985
518, 89874.78566637219
696, 89617.25883740003
705, 89358.32981005592
703, 89358.32981005592
459, 89208.55963836162
270, 88834.15673220175
268, 88834.15673220175
908, 88737.47263665429
1044, 87909.04145373509
1398, 87860.47430741304
834, 87828.00736642235
1382, 87798.20379319448
659, 87500.89510328305
1028, 87085.31567908832
775, 86815.81948214085
424, 86767.02406930452
423, 86741.1853392635
575, 86560.08517904357
471, 86537.0696444474
418, 86495.88390856225
1136, 86434.61928562363
1313, 86392.92324546231
421, 86345.41338046588
427, 86196.2061541245
1262, 86019.03265253307
1057, 84311.3532447727
558, 84104.73665394881
134, 83887.32137895202
915, 83856.8840594229
1414, 83790.5462087401
238, 83713.0594773678
1076, 83671.385760775
512, 83648.88695108458
108, 83454.76378355878
1075, 83376.33578881895
840, 83304.45848861139
643, 83163.44141265885
177, 83122.59942325331
1413, 82760.67932691934
1255, 82616.98323640302
1348, 82592.57762783002
613, 82410.82151146991
546, 82193.38826540297
272, 82095.25526627814
399, 81547.22223739409
1362, 81262.17173889978
1285, 81010.56621098064
1193, 80973.05813534874
156, 80884.25256041207
217, 80779.20341988618
1149, 80724.36017253617
1286, 80592.07188373162
698, 80549.57458192148
544, 80327.02913113148
461, 79780.42824379323
1236, 78904.9955843568
701, 78842.41755337399
135, 78797.3552631283
43, 78332.0127889793
45, 78299.29457600547
612, 78209.19191971965
102, 78070.83344346343
136, 78068.25522527494
1379, 77991.3500613985
1419, 77941.13286624046
745, 77937.47643251599
65, 77333.64271337402
62, 77333.64271337402
112, 77190.27874179395
137, 77178.30559222486
830, 77151.32462962551
4, 77022.39487854725
1299, 76948.72453661935
1084, 76811.51927229705
1082, 76811.51927229705
750, 76276.54632446464
751, 76128.74754214512
920, 75846.18361542578
1302, 75783.25577859677
15, 75779.35262582668
363, 75605.62357635728
1020, 75540.86531005401
93, 75516.86517403586
142, 75437.66871271271
1318, 75425.02513198534
364, 75412.83846485666
845, 75343.65077928726
799, 75326.19905489893
798, 75326.19905489893
633, 75058.80690232886
19, 75040.63846793935
239, 74858.9413251687
21, 74858.9413251687
692, 74799.2790722022
609, 74783.46890246402
1334, 74472.01653570867
1199, 74428.18150721249
5, 74313.27615324913
503, 74277.19243176642
919, 74151.22403059817
350, 73973.89928259424
425, 73938.7725581925
348, 73930.64991755881
369, 73672.8357158263
416, 73505.94940482125
1003, 73443.9893877117
1373, 73397.85772503742
1147, 73373.24573090808
464, 73373.24573090808
3, 73355.5833021459
2, 73355.5833021459
1004, 73325.98000037068
145, 73290.31205177226
396, 73192.52732981724
44, 73192.52732981724
291, 72996.20956435864
754, 72876.08316730936
1148, 72714.48976190189
1308, 72651.04501010489
712, 72472.62281459746
1144, 72438.30697437572
353, 72361.15700306512
1035, 72275.89472825527
1246, 71881.03745062232
811, 71865.8482051521
661, 71843.1259669715
1029, 71788.58066642069
411, 71389.47869095502
426, 71317.14599900892
414, 71317.14599900892
1100, 71261.87631045977
352, 71228.03001939591
479, 71208.86236510462
516, 71108.60960096543
422, 71043.41394947555
413, 71043.41394947555
219, 71008.28220795991
955, 70953.47994625692
269, 70937.51539162338
6, 70829.68026407051
1172, 70622.46265004697
412, 70614.58901356331
74, 70459.75021711123
984, 70402.21880280733
480, 70373.83817302276
1117, 70045.39906902553
636, 69894.7382355462
428, 69732.78035204255
133, 69400.34973156264
987, 69380.0816809048
985, 69380.0816809048
986, 69186.45283100371
932, 69013.54086039144
382, 68854.93336198303
1103, 68665.80712076108
470, 68536.16847659278
141, 68471.40480993257
690, 68455.13276113897
502, 68335.81750307871
765, 68313.24564849169
515, 68313.24564849169
514, 68313.24564849169
179, 68269.76913176301
123, 68225.54090780806
1312, 68211.19291754867
1060, 68198.96752186758
812, 68181.98984874914
739, 68125.79744833392
740, 68074.9779567427
41, 67915.85167075161
189, 67819.63556229386
813, 67609.83787208683
435, 67606.4151758913
1162, 67522.29762658376
829, 67522.29762658376
481, 67512.65720272952
828, 67368.14128757059
961, 67341.54520063906
654, 67313.80372480288
176, 67174.3488044963
46, 67112.38805380969
1080, 66963.70963682319
513, 66944.83977028524
11, 66918.01998321967
473, 66899.03650996722
1192, 66878.62896948223
20, 66862.04506373021
1314, 66839.0081883404
246, 66342.81676339642
242, 66325.16008033333
662, 66257.40336088988
663, 66077.24461676061
358, 65505.879345229034
274, 65497.82418943345
271, 65497.82418943345
1077, 65322.91355875021
1396, 65177.212218106884
1245, 64734.90786809291
795, 64552.815109303294
251, 64277.87143192224
227, 64110.422252217926
55, 63930.507235961064
697, 63758.72794899702
695, 63563.037310384585
362, 63491.8188871973
791, 63173.219074941066
39, 63158.14042120896
1074, 62925.56324935029
256, 62696.76208493721
656, 62581.57750694051
694, 62404.98120509806
831, 62395.13568591897
691, 62382.507762210196
40, 62288.39712813511
606, 61924.67396121101
1381, 61865.245697409155
796, 61791.41266795483
852, 61711.60433345967
273, 61493.58877163824
794, 61339.876014596986
1190, 61038.37094661884
674, 61013.56714824555
1188, 61009.94221851036
139, 60953.741155578246
1404, 60919.41799177517
1228, 60901.52038395959
865, 60901.52038395959
1317, 60787.743505184786
815, 60758.933861005506
501, 60490.19074178758
706, 60489.60173615324
1280, 60463.83965125532
693, 60431.28897598763
1344, 60083.182257682114
1039, 59648.476935135775
1061, 59501.04786196223
700, 59219.00840488261
866, 59097.075797954356
302, 59058.10248965809
673, 59007.418098282425
992, 59000.88903998967
860, 58875.64530736813
562, 58860.27646194985
1085, 58838.86325788139
564, 58765.28917575351
451, 58630.576310557655
1234, 58628.938479737546
1086, 58619.99484325018
1399, 58513.02818620656
1288, 57903.63103598627
1397, 57850.77021048003
1109, 57809.3172055673
1081, 57789.30127375598
164, 57583.8956903658
1110, 57538.33238192678
1108, 57538.33238192678
1389, 57401.46843627386
607, 57390.73700591961
653, 57053.33643876347
1101, 56857.594024762046
151, 56791.72851145818
401, 56723.18741932254
1395, 56703.255073434324
861, 56674.868770671135
124, 56589.052994321144
149, 56588.37361116897
264, 55955.53097055671
1056, 55936.376323959215
922, 55735.384090380634
1106, 55483.067836929156
1105, 55483.067836929156
1102, 55483.06684501568
409, 55321.9644751825
391, 55300.64017524922
155, 55241.84421584264
1400, 55147.962311062736
1088, 55127.25040678573
1232, 55107.168546571986
437, 55057.889353311475
1018, 55022.825307156534
154, 55022.825307156534
571, 54807.014210107875
709, 54642.19282559152
554, 54591.7573375584
555, 54468.22466160024
855, 54375.15704728387
454, 54367.08349539831
1059, 54318.63007236606
856, 54266.52254249507
854, 54266.52254249507
442, 54003.977478255416
233, 53895.520285559316
1113, 53895.37625578403
1323, 53221.04008694678
168, 52949.589588004
26, 52755.493338325075
434, 52678.12776531316
390, 52650.10429861796
72, 52544.1462961422
553, 52469.05110955048
419, 52384.879792481144
417, 52281.89602952208
167, 52281.57937669947
267, 52272.0161987484
1027, 51920.2751708416
410, 51889.11398509628
993, 51596.95584104617
187, 51461.67590027404
42, 50983.923261048534
647, 50854.64191135356
903, 50852.22182419495
1410, 50785.53856189559
122, 50731.22927877537
1300, 50730.09301753964
574, 50705.073116729116
1015, 50614.036195638546
968, 50313.296720464474
1016, 50022.379305189526
1409, 49988.010421160776
1065, 49988.010421160776
85, 49988.010421160776
1408, 49976.24272378383
1407, 49971.528129480794
601, 49970.053857554754
86, 49928.88645085769
441, 49599.68364459589
1017, 49560.982751568125
783, 49326.031435379766
802, 49282.300168528745
801, 49282.300168528745
346, 49270.37557854121
970, 49033.858461788295
304, 48312.86830189682
1191, 48269.67881751194
1189, 48071.598267622874
565, 47905.99925013441
762, 47750.14477644456
772, 47684.98256092206
1066, 47651.88175981145
776, 47384.69442305822
1287, 47278.8933527921
420, 47133.29239726754
969, 47113.030506902265
415, 47042.28924742149
1155, 46994.38411216853
972, 46845.815552392225
967, 46845.815552392225
361, 46840.0114137118
1346, 46728.46153741034
853, 46720.54644998973
583, 46212.41627043293
222, 45781.17061529023
367, 45515.04990920918
116, 45129.861073897955
347, 45099.0925352541
858, 45036.993946227485
1290, 44832.52433474046
827, 44796.827078797214
1040, 44664.76803691168
971, 44343.85160074565
846, 44283.44187619699
517, 44282.60862525889
1342, 44208.88692325497
540, 44050.045420238974
1204, 43968.3255454637
495, 43789.03595978656
1201, 43750.01585756399
433, 43735.63810788879
204, 43731.56273023075
488, 43652.38701855704
509, 43631.05730413881
930, 43564.95459750863
277, 43469.30716249408
1274, 43456.56571794222
252, 43402.532624304215
1200, 43194.487983657724
1169, 43083.59563024093
885, 42591.21439213476
1224, 42556.94117420242
867, 42483.16250521603
781, 42460.38964686553
153, 42443.40337675134
231, 42217.80668162671
30, 42067.72810969541
220, 41951.854208089055
354, 41936.99846981595
299, 41889.22945141495
107, 41795.15473148705
584, 41739.80935792546
380, 41704.2387760979
978, 41658.41335220444
279, 41540.249552681176
450, 41395.18711706182
449, 41395.18711706182
278, 41371.05618845527
478, 41263.35158181067
771, 41212.54767120996
221, 41085.25907246948
106, 41006.000421588695
1111, 40998.89895118845
622, 40994.047628948734
621, 40994.047628948734
581, 40898.49102118579
1013, 40449.77660859191
1012, 40433.6556769452
618, 40423.518325701385
1137, 40310.23131414424
56, 40150.19279515395
1310, 40143.8834736433
557, 39828.51153779919
780, 39736.38745030976
534, 39632.91021081253
836, 39624.18366505715
29, 39444.83504269063
1217, 39329.644141278266
1216, 39329.644141278266
131, 39133.38430849504
536, 39097.44414866128
535, 39097.44414866128
395, 38938.41557015254
847, 38847.508528493854
1112, 38579.138434416396
1306, 38506.10094771023
596, 38484.61965472788
605, 38429.00896127974
977, 38346.58405029243
1052, 38259.19503906296
598, 38097.39510297299
178, 38040.30267086665
381, 37662.183196338396
173, 37535.42146199372
597, 37488.850914142364
