501, 100000.0
815, 99274.09764864288
1317, 99197.28239832331
1228, 98895.78233796847
865, 98895.78233796847
1344, 98892.53731632784
1404, 98848.62388983766
139, 98758.38872327743
1188, 98611.21040554091
674, 98601.74185636624
1190, 98537.03163227055
794, 97761.29338871599
1039, 97720.36550068199
273, 97373.37146462075
1061, 97325.2991938382
852, 96831.68434156572
796, 96635.84091326444
700, 96572.97421912252
866, 96249.12330638933
302, 96145.78797481321
673, 96011.52947640327
992, 95994.2450901138
860, 95663.15083521516
562, 95622.5823853313
1085, 95566.08096969585
564, 95372.14203090814
831, 95195.34242329937
451, 95017.82611650824
1234, 95013.52458246832
1086, 94990.03800026227
1399, 94709.48068973502
256, 94501.7108166649
1074, 93986.61067970912
1288, 93123.15203594168
1397, 92986.50613931773
1109, 92879.45565809181
1081, 92827.79876962637
362, 92751.08255908241
1110, 92181.93776438366
1108, 92181.93776438366
607, 91803.68715474453
227, 91461.86880482834
1101, 90447.03695168062
151, 90280.4761891202
1245, 90220.21874278063
401, 90107.39113702276
1395, 90057.10269464356
861, 89985.52117335443
124, 89769.37625463262
149, 89767.66662011208
1396, 89374.92729911549
1077, 89102.40168194016
274, 88779.013970471
271, 88779.013970471
264, 88185.53435296645
1056, 88137.96829288956
922, 87639.97986149456
1106, 87017.7314614125
1105, 87017.7314614125
1102, 87017.72902153306
409, 86622.10708415127
391, 86569.8383021323
1314, 86428.31057585994
155, 86425.83933864888
1080, 86220.69041809038
1400, 86196.26870874857
1088, 86145.68086100943
1232, 86096.65228454652
437, 85976.42540276352
1018, 85890.95290616751
154, 85890.95290616751
654, 85647.14800102371
828, 85559.3424845406
571, 85366.23211037695
481, 85327.37253829079
1162, 85311.97816192206
829, 85311.97816192206
709, 84967.036388113
554, 84845.14907012676
555, 84547.1345226873
740, 84445.7602711949
739, 84367.69008479001
855, 84323.10753817266
454, 84303.69325837043
1060, 84255.74120432253
123, 84215.21721573893
1059, 84187.24512845623
765, 84081.96801799453
515, 84081.96801799453
514, 84081.96801799453
856, 84062.14249889608
854, 84062.14249889608
502, 84047.7981627837
690, 83868.0086954856
141, 83843.59726567933
442, 83433.81125514336
233, 83175.2187241211
1113, 83174.87569245066
932, 83044.78084161396
133, 82491.52990475728
1323, 81579.67359414969
74, 81043.14806745
168, 80943.59738290629
1172, 80828.94779943425
6, 80559.20452548726
26, 80490.89154311595
269, 80420.16153105137
434, 80310.93355110165
390, 80245.81730268817
516, 80201.39342546188
72, 79999.93784842979
553, 79825.99021904038
419, 79631.32730057811
417, 79393.59898136911
167, 79392.86876709186
267, 79370.817850981
1029, 79353.65527269627
661, 79287.11473559371
1035, 78766.61322596426
353, 78665.598437283
1027, 78562.66436573872
410, 78491.33987477455
993, 77824.75239433465
145, 77596.14686057207
1004, 77556.20480694559
187, 77517.39595084755
1147, 77503.39822448723
464, 77503.39822448723
1373, 77475.95637495883
1003, 77424.62232773853
369, 77171.91451259206
919, 76653.89235183735
503, 76519.74085706659
5, 76481.48312457449
42, 76438.45667514122
1199, 76360.15553921011
1334, 76314.0702631516
647, 76148.2257250239
903, 76142.79973358725
1410, 75993.39253670756
122, 75871.85367919251
1300, 75869.31221504237
574, 75813.3647478033
19, 75726.06128302153
1015, 75610.02591072326
142, 75325.99765117199
93, 75247.2008103394
1302, 74984.55898919787
968, 74940.85856114315
920, 74923.05219194558
1016, 74297.26147222576
1409, 74221.46370931886
1065, 74221.46370931886
85, 74221.46370931886
1408, 74195.52703322549
1407, 74185.13614395983
601, 74181.88706756792
86, 74091.19771438904
830, 73691.61057341265
441, 73368.58177952097
1017, 73283.92972824156
745, 72988.3948872509
783, 72771.3856836391
802, 72676.2424246981
801, 72676.2424246981
45, 72673.89650836364
346, 72650.31277998223
43, 72645.73337329434
701, 72212.18645042834
970, 72137.24156024496
304, 70587.50524246295
1191, 70495.34808292819
399, 70083.11280997215
1189, 70073.65730205344
565, 69722.3347754102
546, 69612.78521651708
762, 69392.69443827872
772, 69255.1619118111
1066, 69185.3638762875
840, 68835.22129317376
1075, 68786.22165496921
776, 68623.55939226058
1076, 68586.68756956513
238, 68558.71099554734
1414, 68506.82673872485
134, 68442.27159358442
1287, 68401.88246786877
558, 68298.22363949464
1057, 68162.5754268628
420, 68097.53300499926
969, 68055.24627219938
415, 67907.73535735144
1155, 67807.95442650928
972, 67499.07526256613
967, 67499.07526256613
361, 67487.02578836457
1346, 67255.70214816004
853, 67239.30687493774
1313, 66860.18746846613
1136, 66835.23566199683
418, 66798.65093861366
471, 66774.10808870081
423, 66653.08250189532
424, 66637.8338229797
1028, 66451.3032895831
659, 66211.34678021545
583, 66191.85001136812
1382, 66042.12240473332
834, 66025.26926281185
1398, 66006.93284347153
1044, 65979.54774005778
270, 65467.84270612811
268, 65467.84270612811
222, 65310.663625763154
367, 64770.410242911625
309, 64716.29865135508
868, 64066.94482441173
116, 63993.15291235495
347, 63931.307848342956
858, 63806.58899248501
64, 63678.07745637225
645, 63558.67319109698
644, 63558.67319109698
63, 63558.67319109698
250, 63471.88076571772
1290, 63396.95113633147
827, 63325.59324214644
61, 63322.34044212937
504, 63273.91177999578
500, 63178.27672058327
1040, 63062.02138462385
228, 62894.89374365186
1403, 62871.12548440022
398, 62757.43797158566
545, 62738.81842854318
1002, 62728.40321091289
600, 62681.09526389866
835, 62634.30436699589
397, 62622.586675922656
172, 62531.42971423773
556, 62514.29418775074
759, 62451.66545750219
1401, 62443.17489649075
971, 62424.17781139071
366, 62371.27501998574
444, 62360.88999226288
846, 62304.527749179484
517, 62302.87833787855
1342, 62157.049235627615
1058, 62113.00693777356
699, 62034.99355384654
540, 61843.50723823409
1204, 61682.554685579
194, 61412.165957767895
619, 61411.053619652135
905, 61408.36857407973
899, 61408.36857407973
495, 61330.27546991145
749, 61268.57981512784
192, 61261.21203592544
191, 61261.21203592544
1201, 61253.759433018364
433, 61225.57930981134
204, 61217.59299273687
1264, 61132.86180339972
1263, 61132.86180339972
460, 61082.80696051162
488, 61062.554264082326
509, 61020.825612338595
209, 61011.40383711809
930, 60891.60798527084
249, 60809.400460507975
277, 60704.91215354022
1274, 60680.06649962505
1043, 60609.29652024742
330, 60593.09703156247
252, 60574.76898077778
180, 60408.99374234075
604, 60364.59200075441
1200, 60170.29828604093
1169, 59955.3293877009
620, 59796.05421356088
1170, 59742.20736478768
305, 59534.37090640842
1173, 59507.609556655785
704, 59419.98517986474
702, 59419.98517986474
594, 59234.826086610505
782, 59079.29714419018
885, 59006.05039333913
216, 58964.99857149229
161, 58943.07704644106
1224, 58940.28865896237
160, 58939.25328177304
159, 58933.673560033836
867, 58798.864121463244
781, 58755.249476466146
153, 58722.72901088956
210, 58663.00133120305
146, 58663.00133120305
1152, 58524.720573274535
1240, 58401.12659499569
231, 58291.76569305061
30, 58006.03666319789
88, 57921.773289126955
170, 57856.976689820185
53, 57856.976689820185
218, 57846.73809612079
220, 57785.95649446838
354, 57757.77406110907
158, 57691.62014171588
157, 57691.62014171588
299, 57667.203732732
107, 57489.06483437576
1067, 57481.96595468484
169, 57459.85165542125
584, 57384.404035750726
380, 57317.19323025517
978, 57230.66908731096
285, 57025.41857724952
279, 57007.88898268716
1036, 56947.88916161057
450, 56735.04191886898
449, 56735.04191886898
278, 56689.72260894163
518, 56630.92264889044
696, 56528.56635199876
478, 56487.68353442387
705, 56425.43352628446
703, 56425.43352628446
771, 56392.51827524786
459, 56365.678643016545
908, 56177.24315281553
221, 56154.46192424175
106, 56006.5047684044
1111, 55993.25821527996
622, 55984.20988550179
621, 55984.20988550179
581, 55806.144211340936
775, 55400.913054693934
575, 55296.66012565537
421, 55208.974858219306
427, 55147.93670507463
1262, 55075.35909402477
1013, 54974.02384702444
1012, 54944.25345587091
618, 54925.53432512849
1137, 54716.59313740139
56, 54422.13994858278
1310, 54410.5503540995
915, 54180.90946076677
512, 54094.00264888082
108, 54012.75486631638
643, 53890.57506981769
177, 53873.42196664754
557, 53832.79899397243
1413, 53721.16068347274
780, 53664.63775267816
1255, 53660.57747042973
1348, 53650.2805672709
613, 53573.52921690057
534, 53476.078328943055
836, 53460.19227086821
272, 53439.99121418118
29, 53134.241080698615
1362, 53085.72786882096
1285, 52978.238533566626
1193, 52962.19477705513
1217, 52925.434853507824
1216, 52925.434853507824
156, 52924.188450694906
217, 52879.19306414688
1149, 52855.686155544965
1286, 52798.93935508677
698, 52780.69594183462
544, 52685.052258606476
131, 52570.642907163165
536, 52505.80412775305
535, 52505.80412775305
461, 52449.36294213093
395, 52219.39608188588
1236, 52069.57069403251
847, 52056.02948196838
135, 52022.67472453499
612, 51765.65708959509
102, 51705.00671519913
136, 51703.87584677527
1379, 51670.13179258848
1419, 51648.085625342566
1112, 51575.26658409557
1306, 51444.81733109133
596, 51406.48164985956
65, 51380.62633751418
62, 51380.62633751418
112, 51317.30178137332
137, 51312.00961612801
605, 51307.30352724334
4, 51243.046374693535
1299, 51210.42760439406
977, 51160.48311229363
1084, 51149.62196991046
1082, 51149.62196991046
1052, 51005.050504564766
750, 50911.84177312494
751, 50845.95376827448
598, 50717.89204673572
15, 50689.85679988701
178, 50616.758596523134
363, 50612.06343427624
1020, 50583.03536914504
1318, 50531.068665743995
364, 50525.59857982141
845, 50494.5320550093
799, 50486.69294232021
798, 50486.69294232021
633, 50366.43353193596
239, 50276.35989679505
21, 50276.35989679505
692, 50249.44122549841
609, 50242.30556282595
381, 49949.48349139883
350, 49875.591383269115
425, 49859.620683944224
348, 49855.926944610575
173, 49726.76177500896
416, 49662.42715096336
597, 49645.06097166244
215, 49632.79906507862
790, 49595.37537499593
3, 49593.74417321744
2, 49593.74417321744
1363, 49578.57926557038
396, 49519.16166695241
44, 49519.16166695241
291, 49429.22234464016
754, 49374.11161109599
1148, 49299.88445092852
800, 49297.43439672872
1308, 49270.71235595011
712, 49188.58530880101
1144, 49172.77496127075
226, 49143.307924874156
1378, 49066.55010274595
186, 49007.62217292641
36, 49007.62217292641
1330, 48960.93724540115
1246, 48915.34888470972
811, 48908.31448309455
474, 48857.36378061846
411, 48687.2164718416
426, 48653.56252114113
414, 48653.56252114113
1100, 48627.8327828065
352, 48612.07003495995
479, 48603.141248407934
422, 48526.007640976706
413, 48526.007640976706
219, 48509.614233557804
955, 48484.03177240241
921, 48390.43517021558
412, 48325.55435522003
570, 48237.82330384313
984, 48225.997566389386
480, 48212.67871032819
1117, 48058.29778043863
814, 48051.81668761139
636, 47987.32836551371
538, 47931.29885105996
428, 47910.9303979855
987, 47744.172271129915
985, 47744.172271129915
275, 47721.19610530382
986, 47652.398341901084
432, 47640.62513118681
537, 47528.819264071346
382, 47494.89686762849
1103, 47404.83399836877
470, 47343.010634498685
140, 47266.23974401205
179, 47215.74018697839
1312, 47187.714712874076
812, 47173.73711947937
41, 47046.18401243882
189, 46999.99449822917
813, 46899.13935826044
435, 46897.49239070367
961, 46769.8844606083
1343, 46748.12746305829
525, 46723.216181147756
176, 46689.1752927667
46, 46659.234429033626
560, 46658.74805511634
18, 46658.03697226187
513, 46578.18678947461
11, 46565.20187166569
473, 46556.009026123495
1192, 46546.12479901304
20, 46538.0911676535
14, 46505.361866829
576, 46505.35155404193
