516, 100000.0
269, 99661.96117748876
6, 99449.2452926136
1172, 99041.22101239685
74, 98721.50489164116
1029, 98685.48317049345
661, 98582.59385825854
1035, 97779.20840278754
353, 97623.59061737428
133, 96654.26815952876
145, 95981.94117307063
1004, 95920.8362543671
932, 95905.64088574525
1147, 95840.0735482408
464, 95840.0735482408
1373, 95798.11409837162
1003, 95719.64159856898
369, 95333.69449115633
141, 94861.88095002467
690, 94830.65127626027
502, 94601.83344755667
765, 94558.58062756213
515, 94558.58062756213
514, 94558.58062756213
919, 94544.40357930362
123, 94390.62252623354
503, 94340.4077030342
1060, 94339.7661099591
5, 94282.26206011101
739, 94199.8109486674
740, 94102.67428013393
1199, 94097.95302787593
1334, 94027.98042075116
19, 93136.90821434824
1162, 93049.8475115583
829, 93049.8475115583
481, 93031.54083135493
828, 92757.34903745943
654, 92654.36837395978
142, 92532.4660309681
93, 92413.58747230345
1302, 92017.75705561192
1080, 91992.36708650446
920, 91925.15048473155
1314, 91757.19059955416
830, 90078.28703732589
274, 89248.35714699377
271, 89248.35714699377
745, 89029.77819210672
1077, 88923.91103694015
1396, 88654.12484220977
45, 88562.29039046886
43, 88520.47029770302
701, 87877.57936719726
1245, 87837.79203019684
227, 86691.97421207177
362, 85564.67482870982
399, 84744.60424376142
1074, 84539.44424912686
256, 84126.98530963573
546, 84057.87031623676
831, 83584.81439978318
840, 82926.74844793082
1075, 82855.64389022137
1076, 82566.30901935142
238, 82525.76894807158
796, 82504.95726295805
1414, 82450.60276108187
852, 82362.7361424591
134, 82357.11224860311
558, 82148.627307256
273, 81974.85182219713
1057, 81952.4625456202
794, 81701.92256341626
1190, 81167.89295435941
674, 81124.03759527561
1188, 81117.62937590915
139, 81018.30817330383
1404, 80957.68028712616
1228, 80926.07515278953
865, 80926.07515278953
1317, 80725.30090424522
815, 80674.501608545
501, 80201.39342546188
1313, 80077.04979928373
1136, 80041.26068879603
418, 79988.79568859626
471, 79953.60591946862
423, 79780.15293292979
424, 79758.30743725598
1028, 79491.24011045054
1344, 79487.47890031525
659, 79148.11188666144
1382, 78906.41983165884
834, 78882.36280636178
1398, 78856.19119238788
1044, 78817.10964064162
1039, 78728.42440797892
1061, 78471.79624436739
270, 78088.00950025624
268, 78088.00950025624
700, 77981.98135324605
866, 77770.67969941066
302, 77703.199464168
673, 77615.48415333577
992, 77604.18830351501
860, 77387.658026748
562, 77361.10722466702
1085, 77324.12161715626
564, 77197.10641066992
309, 77021.15032653802
451, 76964.80213054358
1234, 76961.97984316444
1086, 76946.5691623972
1399, 76762.36997569766
868, 76103.14265293475
1288, 75716.96724230818
1397, 75626.60503884668
1109, 75555.77926528479
64, 75555.06296574007
1081, 75521.59160713466
645, 75387.02197451115
644, 75387.02197451115
63, 75387.02197451115
250, 75264.95027203414
1110, 75093.54709645898
1108, 75093.54709645898
61, 75054.77042561425
504, 74986.74306508705
500, 74852.46185343839
607, 74842.3447549154
228, 74455.00446247378
1403, 74421.69832857062
398, 74262.45355222166
545, 74236.38279929166
1002, 74221.80083362668
600, 74155.57787134832
835, 74090.09668785903
397, 74073.70125110279
172, 73946.19239709465
1101, 73938.21705526869
556, 73922.23108231874
759, 73834.6751283228
151, 73826.8727623326
1401, 73822.80765367167
366, 73722.33492759682
401, 73711.08768277551
444, 73707.82639735275
1395, 73677.43210132213
861, 73629.51431643912
124, 73484.73941411548
149, 73483.5937885925
1058, 73361.77911782291
699, 73252.97509735578
264, 72420.00333916354
1056, 72387.92133873013
194, 72386.0987973951
619, 72384.55341156342
905, 72380.8230839966
899, 72380.8230839966
749, 72186.69536394105
192, 72176.46794632172
191, 72176.46794632172
922, 72051.66993478786
1264, 71998.37174825804
1263, 71998.37174825804
460, 71928.95267663992
209, 71829.96147963392
1106, 71630.55935187046
1105, 71630.55935187046
1102, 71630.55769857853
249, 71550.1323225627
409, 71362.26378061716
391, 71326.78503163897
1043, 71273.25796993317
330, 71250.85757785002
155, 71229.00308724715
1400, 71072.99549309205
1088, 71038.59828197818
1232, 71005.25453644244
180, 70996.4304558934
604, 70935.10879815464
437, 70923.46149719998
1018, 70865.2882822577
154, 70865.2882822577
571, 70507.71509820384
709, 70235.16862553117
554, 70151.8628961705
620, 70151.31540860723
1170, 70077.215247037
555, 69948.00567530935
855, 69794.5962747197
305, 69791.422249528
454, 69781.29513347063
1173, 69754.64807431246
1059, 69701.49185775053
704, 69634.27866446227
702, 69634.27866446227
856, 69615.71521418878
854, 69615.71521418878
594, 69380.12664910649
442, 69184.2353307433
782, 69166.85560155926
216, 69010.24441029105
233, 69006.33528821675
1113, 69006.09917268931
161, 68980.21949399149
160, 68974.98264688478
159, 68967.34113167763
210, 68596.94693185085
146, 68596.94693185085
1152, 68407.94360618574
1240, 68239.14190069516
1323, 67904.48996331118
88, 67585.58964712727
170, 67497.38414482193
53, 67497.38414482193
218, 67483.44969211571
168, 67463.21406489593
158, 67272.43878411491
157, 67272.43878411491
26, 67148.44658632357
434, 67023.15826640345
1067, 66987.54013228194
390, 66977.80087545035
169, 66957.50909120266
72, 66806.4212151545
553, 66685.07355899566
419, 66549.1714337607
417, 66383.0554713331
167, 66382.54497283073
285, 66368.32629424983
267, 66367.12828029376
1036, 66263.33469495787
518, 65834.5794293369
1027, 65801.14543139137
410, 65751.10313489991
696, 65696.2903550755
705, 65557.0342683673
703, 65557.0342683673
459, 65476.38735221048
993, 65282.70104856797
908, 65222.25027747881
187, 65066.28993559346
42, 64304.41661716322
775, 64178.126721186876
647, 64098.89223481953
903, 64095.047508137315
575, 64038.26494631694
1410, 63989.147098848734
421, 63920.694250993656
122, 63902.95134745173
1300, 63901.14846784514
574, 63861.45527936627
427, 63838.88748464378
1262, 63741.652021280956
1015, 63717.11415452719
968, 63241.23886076767
1016, 62782.29437910412
1409, 62728.16241125621
1065, 62728.16241125621
85, 62728.16241125621
1408, 62709.635461614154
1407, 62702.21253381262
601, 62699.891428731935
86, 62635.091233357256
915, 62546.62032313738
512, 62430.83290059045
108, 62322.636946753075
643, 62160.02694090294
177, 62137.20680426462
441, 62117.88332401687
1017, 62057.191892541654
1413, 61934.73918513585
1255, 61854.228174498945
1348, 61840.54704343081
613, 61738.595492019085
783, 61689.263332071445
802, 61620.87809128395
801, 61620.87809128395
346, 61602.23615699274
272, 61561.31828614658
970, 61232.95062018844
1362, 61091.670824647714
1285, 60949.35891996158
1193, 60928.125031620926
156, 60877.831434407526
217, 60818.30327775038
1149, 60787.21007236497
1286, 60712.16668837422
698, 60688.04627902372
544, 60561.63247659202
461, 60250.41079152079
304, 60112.68309547616
1191, 60045.83488452909
1236, 59749.77926051112
1189, 59739.62146709031
135, 59688.03701141483
565, 59484.09105992611
612, 59349.944053912266
102, 59270.233448467516
136, 59268.74744861634
762, 59243.98684527404
1379, 59224.41098091772
1419, 59195.448992944766
772, 59143.711913371946
1066, 59092.79993574535
65, 58844.37606410609
62, 58844.37606410609
112, 58761.33258316278
137, 58754.393812319795
776, 58682.46297920101
4, 58663.992306071545
1299, 58621.24577270211
1084, 58541.58170285274
1082, 58541.58170285274
1287, 58520.28422757335
420, 58297.374751229916
969, 58266.38071167053
750, 58230.318299407336
415, 58158.21927634696
751, 58144.142309064795
1155, 58085.01728695032
15, 57940.10843384615
972, 57858.21922839368
967, 57858.21922839368
361, 57849.36575576717
363, 57838.49205412921
1020, 57800.58601892327
1318, 57732.741273310196
364, 57725.60099992694
845, 57685.05307673416
1346, 57679.31080407841
799, 57674.82261592567
798, 57674.82261592567
853, 57667.25168354292
633, 57517.93433828896
239, 57400.49554321431
21, 57400.49554321431
692, 57365.41031529052
609, 57356.11073576047
583, 56895.08264069868
350, 56878.692086060466
425, 56857.92251661599
348, 56853.119149699916
416, 56601.6301429678
3, 56512.42966202641
2, 56512.42966202641
396, 56415.60632830218
44, 56415.60632830218
291, 56298.90072060561
222, 56242.822258657354
754, 56227.41798323237
1148, 56131.174812529825
1308, 56093.36117365543
712, 55986.9392207299
1144, 55966.457477829754
367, 55841.71309045888
1246, 55633.22698559777
811, 55624.12792043456
411, 55338.31861218876
426, 55294.845866179196
414, 55294.845866179196
116, 55263.02036771419
1100, 55261.61481858636
352, 55241.25893129066
479, 55229.72916595459
347, 55216.892378405915
422, 55130.15037872253
413, 55130.15037872253
858, 55123.83209674331
219, 55108.99218958134
955, 55075.97801359443
412, 54871.56835907101
1290, 54817.827882332094
827, 54764.46797315878
984, 54743.24941960005
480, 54726.08814968611
1040, 54567.23355998544
1117, 54527.262638227025
636, 54435.9195840422
428, 54337.63013840808
987, 54123.234241693106
985, 54123.234241693106
971, 54089.006216192545
986, 54005.32861041067
846, 53999.152419092854
517, 53997.91343660617
1342, 53888.336927359414
382, 53803.12123390948
1103, 53687.57455834464
540, 53652.50856574004
470, 53608.291593771064
1204, 53531.326196072805
179, 53445.16480590624
1312, 53409.259205304996
812, 53391.353531840046
495, 53265.80070812193
41, 53228.01915802829
1201, 53208.07479530195
433, 53186.81012147602
204, 53180.78319256149
189, 53168.90123405936
488, 53063.74123492754
813, 53039.8698097916
435, 53037.763325621214
509, 53032.22611017376
930, 52934.60005673712
961, 52874.61067678566
277, 52793.45260389521
1274, 52774.66003903337
176, 52771.48024673781
46, 52733.233527121294
252, 52694.9936515577
513, 52629.734619367606
11, 52613.15705666132
473, 52601.42147628268
1192, 52588.803950048205
20, 52578.54927987787
1200, 52388.642419696465
246, 52256.93352636968
242, 52245.97798880065
1169, 52225.60537279891
662, 52203.92592783336
663, 52092.02169045002
358, 51736.26919566017
885, 51503.845601723195
1224, 51453.735991391804
867, 51345.92415067975
781, 51312.66223538099
153, 51287.8570229677
795, 51139.94549031273
251, 50967.235126311236
231, 50958.807944705266
55, 50748.59467745977
30, 50740.31050917551
697, 50640.29099720505
220, 50571.83095312766
354, 50550.24467966547
695, 50516.765249511256
299, 50480.85473143555
107, 50344.29533420196
791, 50270.23458424296
584, 50264.01441022725
39, 50260.685987561184
380, 50212.440648199394
978, 50146.024847851055
279, 49974.904715572055
656, 49894.877022713204
694, 49782.5591120133
691, 49768.255702188166
450, 49765.10261894526
449, 49765.10261894526
278, 49730.23093208258
40, 49708.3386576752
478, 49574.68533748788
771, 49501.372439566425
606, 49476.42430145842
1381, 49438.48005021241
221, 49317.84738343581
106, 49203.68711155804
1111, 49193.462808399025
622, 49186.478550736574
621, 49186.478550736574
581, 49048.97677062482
706, 48556.0365297049
1280, 48539.434511880405
693, 48518.455280599796
1013, 48405.00500254416
1012, 48381.92275307027
618, 48367.40748557725
1137, 48205.30920713784
56, 47976.61976376014
1310, 47967.61261663288
557, 47518.02188084117
780, 47386.9505057365
534, 47239.86566831777
836, 47227.46830302758
29, 46972.90857941378
1217, 46809.64574329986
1216, 46809.64574329986
164, 46665.81797709861
1389, 46545.938084239206
131, 46531.89697483736
536, 46481.09140775441
535, 46481.09140775441
653, 46316.76694861306
395, 46256.49896885138
847, 46128.26583007397
1112, 45750.36304235126
1306, 45647.686366337824
596, 45617.501174731406
605, 45539.385629123826
977, 45423.68329137244
1052, 45301.112911214135
598, 45074.44684235471
178, 44994.549999790805
381, 44466.50312015036
173, 44289.907821187466
597, 44225.08416176009
