528, 100000.0
408, 99910.44182266714
105, 98677.48333670078
103, 98677.48333670078
83, 98669.55601574005
237, 98608.33567063395
104, 98598.3041479098
81, 97404.88842949473
1227, 96992.64354071788
78, 96973.7589057756
190, 96676.52981891787
1120, 96466.43510543025
1272, 95820.15057650296
519, 95574.7835851264
1011, 95382.41927201612
476, 95324.20310683745
641, 94642.45258214397
114, 94609.67356218197
947, 94498.11579076576
1256, 93907.4650569615
1019, 93730.5882535283
445, 93730.5882535283
1270, 93704.77761892139
99, 93534.85135251722
54, 93479.97880638199
872, 92798.91199639338
244, 92445.93784704126
689, 91988.41929287004
467, 91978.04538604426
469, 91917.86398779562
569, 91906.95179376773
468, 91837.78549623379
862, 91670.89773214691
466, 91490.01955373368
1132, 91386.13831567866
1383, 91367.48894161764
253, 91234.29054881743
313, 91147.5862155743
770, 91134.13944176827
617, 91095.24551642753
869, 90832.42578874996
38, 90565.33887875949
871, 90501.00533116181
1135, 89984.20305178236
655, 89891.74626691503
322, 89292.95038381535
717, 89208.87972689739
769, 89114.48335949137
345, 88919.26496333016
927, 88825.43456498257
1133, 88583.806404277
1356, 88179.60240368679
349, 87862.06152613957
713, 87824.05765905263
1370, 86832.52025105931
1369, 86832.52025105931
642, 84981.59168886549
1030, 84821.95449549532
820, 84794.07271114794
568, 84357.44086494188
306, 84197.36019923308
1225, 84100.3707193369
430, 84038.88996323517
255, 83438.99532877991
429, 83320.02454813926
48, 83261.57809996237
792, 83135.49916479466
17, 83057.64664600696
10, 83057.64664600696
640, 83018.63198166848
276, 82984.86725760774
786, 82935.86428219221
1123, 82892.78986544964
368, 82479.31914580824
240, 82378.78507847183
825, 82326.0783234023
1415, 82187.5656009155
527, 81640.04575791462
816, 81552.23143244915
1046, 81335.2086251818
870, 81131.00315707043
1183, 80886.8606194227
1384, 80828.32665945994
730, 80777.42661849078
332, 80672.1513236264
257, 80576.7564897867
1078, 80527.49434654666
1315, 80368.04629859848
365, 80368.04629859848
864, 80089.88629444032
833, 80041.38527672274
793, 80000.6686936879
195, 79971.27847235103
331, 79793.65205949607
768, 79753.56638329169
1326, 79146.34914332168
455, 78719.13201381003
1094, 78604.89927854047
1307, 78475.88680701643
498, 78426.53266057947
492, 78235.13321696264
934, 78123.19804918916
236, 77990.13241685455
579, 77819.90318469843
1418, 77799.51455962402
456, 77742.55126891656
1278, 77731.17855908342
98, 77637.39555236325
1184, 77630.72327366885
1122, 77475.64108543273
1304, 77357.58354336007
748, 77068.72911669232
1008, 77022.91357851059
184, 76846.44051495692
183, 76846.44051495692
761, 76767.97873648419
463, 76646.53603305631
266, 76632.55733291915
1063, 76500.58947290957
477, 76465.21623119451
817, 76159.47019301813
110, 76130.90409131823
446, 75840.79573233142
494, 75555.76935968942
956, 75503.611337128
360, 75465.17243635254
1032, 74992.90832629104
1328, 74410.44785312713
1279, 74410.44785312713
897, 74253.30227005768
889, 74168.05504800673
166, 73556.6047819021
1034, 73434.06059351572
530, 72743.96014952296
1273, 72729.6730401854
904, 72667.65500581563
902, 72667.65500581563
901, 72667.65500581563
900, 72667.65500581563
756, 72525.19392773468
1079, 72473.95866896168
193, 72473.95866896168
891, 72382.56604999801
1171, 72374.87378580844
438, 72315.6567804052
475, 72132.14285840104
51, 71989.74481856475
286, 71359.35815727679
315, 71190.1716227744
808, 70838.24033126004
258, 70836.69866261864
497, 70808.76290606
343, 70703.3759299527
125, 70547.35089022407
212, 70466.54546974832
211, 70419.64858781264
582, 70177.70077910984
670, 69690.23695042588
757, 69430.12922935584
1248, 69411.25495763318
1271, 69402.23762565976
1222, 69217.64115949655
165, 69090.81414416958
241, 68943.78909696203
777, 68918.02344131412
983, 68837.15333811876
741, 68734.87839829377
1388, 68607.56257529656
958, 68386.21296314022
152, 68332.298392507
1174, 68281.54572162556
150, 68281.54572162556
307, 68226.52046860156
370, 68210.99068102901
1283, 68159.45539799603
729, 68079.70917193255
1321, 68023.05221182755
728, 68014.18176253108
356, 67973.10010516904
465, 67856.1450094009
486, 67643.87891444968
326, 67333.90107634268
1405, 67080.27360235584
1119, 67040.33382652974
676, 67018.29720682692
311, 66925.6502337209
876, 66878.29783817613
496, 66553.07845011458
185, 66456.0723099144
281, 66422.39464249709
22, 66279.60843173235
13, 66279.59734916405
667, 66144.00996945614
1347, 66040.3441108319
384, 66004.95874812423
1329, 65989.43230769369
1301, 65885.52452829467
288, 65818.46365415493
70, 65759.97347145478
940, 65595.42534398007
832, 65595.42534398007
720, 65511.803151881795
325, 65477.57635754523
109, 65475.58012555911
1368, 65417.29677519303
235, 65415.958140511386
1235, 65372.132203141155
592, 65340.96989353029
120, 64936.50254651394
289, 64813.05744769914
295, 64761.011715469605
1417, 64626.89781972868
89, 64599.18421757898
1125, 64485.168845991844
665, 64400.908952156875
1350, 64344.2832124267
526, 64308.82843009772
892, 64262.66142211427
1411, 64254.57998505473
148, 64233.83120728111
213, 64134.58935969385
589, 64020.63233982843
824, 63982.810976191184
248, 63981.09760735194
71, 63802.41051636479
753, 63652.62384556428
929, 63410.46977056579
778, 63405.409787207645
73, 63259.23346296011
208, 63182.04473836293
119, 63101.4646321785
12, 63052.66463233036
981, 62758.44949601615
734, 62750.13450810939
1, 62580.942241344885
1025, 62412.482563408565
485, 62267.24320726982
1115, 62140.497378337175
484, 62132.545522504646
1406, 62091.59327100857
483, 62091.59327100857
1145, 62084.877963380444
490, 61805.07450757862
668, 61789.69468676475
458, 61765.3614990286
0, 61682.286036089616
379, 61473.00068687573
809, 61352.17525285691
807, 61352.17525285691
1360, 61316.6676623594
1284, 61300.39042359124
1316, 61274.464608700306
637, 61274.464608700306
980, 61193.19437044274
1324, 61175.4046866247
7, 60798.15356792393
1185, 60534.63050082777
552, 60509.77570674402
942, 59939.49417406497
174, 59852.97284092811
1150, 59786.14641716334
1026, 59345.06059957841
632, 59342.99070373281
520, 59340.84115267066
1371, 59307.315527786406
1249, 58780.71339152763
711, 58691.41475941912
314, 58690.695657760516
1367, 58658.65947204105
337, 58643.322104869796
224, 58614.91568526882
742, 58557.77305675958
1009, 58478.404246069185
1305, 58470.27400222399
588, 58329.61468197471
1303, 58280.89937239296
205, 58036.398906696406
67, 57982.38344005173
1124, 57975.31927554859
909, 57902.93918914896
1390, 57863.63444432642
1281, 57661.71856072505
310, 57473.44099088082
733, 57458.833256913174
94, 57354.15715574931
80, 57195.352415937865
47, 57050.022666995734
37, 56899.99504548747
482, 56887.29919032637
1037, 56845.72585355905
638, 56731.05966269778
225, 56731.05966269778
206, 56720.82919830257
743, 56606.195600465995
359, 56537.40004351585
938, 56462.69370601167
999, 56268.97134564021
259, 56087.64846377508
890, 56082.241324886614
1322, 55908.41464228535
1354, 55695.02186475853
1416, 55690.58826875596
710, 55662.29022643875
863, 55400.7758449528
566, 55329.34532550654
1000, 55306.0204385023
371, 55289.78496790722
113, 55219.96798869121
328, 55179.84750087068
132, 55178.23574447589
1214, 55080.00834957208
788, 55042.133893329636
787, 54918.23181722808
203, 54901.29882337403
386, 54808.79073619645
287, 54805.12810662693
207, 54780.65418678247
260, 54403.85978046489
1001, 54379.08470901765
1005, 54294.678549665885
223, 54111.147151727535
247, 54081.38828022796
948, 54078.869171401886
1177, 54024.18847574056
1181, 53935.90187046503
1180, 53935.90187046503
1179, 53935.90187046503
338, 53883.76712507042
1182, 53860.3223025566
1178, 53860.3223025566
234, 53855.783937762004
335, 53822.12178100737
577, 53757.98153436564
1412, 53706.34775028672
1221, 53504.708693844215
874, 53301.92681365673
31, 53174.42299518185
342, 53093.1672520497
1223, 53062.112217335045
1062, 53006.50197936764
819, 52989.64475746191
1247, 52944.87629853034
1087, 52901.026357610914
1277, 52872.27536175809
1282, 52660.577786382055
1250, 52647.705748878914
726, 52551.87003114066
630, 52538.63236731995
732, 52538.532025194254
657, 52467.79785066318
1163, 52295.103277501046
405, 52243.603039989925
666, 52195.79335178803
763, 52179.82692914957
59, 52157.22126733461
850, 52062.99530026274
457, 51782.83299667039
731, 51766.534430367676
1048, 51678.7477721841
493, 51647.03087990963
960, 51639.31760609848
1319, 51638.21005854121
290, 51622.501963244096
1376, 51565.89713293824
611, 51559.0326610781
1309, 51494.803538965905
563, 51272.27469016716
1134, 51256.75144051136
744, 51255.31122204021
567, 51226.91300375201
90, 51174.70638831954
875, 51157.635699111815
679, 51011.94437277223
214, 50970.02061125309
719, 50912.46705077624
357, 50886.75161997997
752, 50791.20013460284
1176, 50773.74789173954
591, 50708.502496691865
1083, 50698.73929978477
1091, 50687.69620688906
1090, 50687.69620688906
1051, 50478.773365345056
232, 50471.32157170927
1161, 50463.672694281755
402, 50443.49642630901
138, 50400.50269189966
1258, 50263.420298721496
245, 50234.40959101532
202, 50151.59958355521
623, 50077.680745819154
1333, 50042.12876803923
1121, 50037.166202259745
188, 49966.58485646736
549, 49926.12623635681
1164, 49918.47583169059
200, 49918.47583169059
1089, 49895.0010859105
849, 49857.25132884697
1238, 49788.45832928735
293, 49774.015898495854
844, 49707.32138350063
1231, 49667.63705819084
16, 49632.20784567398
718, 49585.14274490593
936, 49440.347412197545
628, 49426.31000426029
1165, 49345.987537644556
1175, 49323.59038560242
1143, 49238.08096533609
949, 49196.56564557565
127, 49150.36905438753
453, 49136.378490949115
452, 49136.378490949115
1325, 49125.28805227939
989, 49052.756318912994
403, 49052.756318912994
851, 49037.15805753995
1010, 48987.45267150486
97, 48924.777906115145
1099, 48846.27254868164
58, 48739.918051210625
199, 48683.14429570368
572, 48675.53972764086
857, 48643.48300355465
182, 48591.008809074636
826, 48518.48650471085
312, 48476.085313264564
837, 48469.17314287245
1294, 48436.21325746418
1358, 48427.80662374429
196, 48394.15779915895
1031, 48392.992713352345
50, 48391.775833922366
997, 48329.66050096362
873, 48329.66050096362
334, 48298.33729449613
531, 48197.90062290199
631, 48188.13583707158
888, 48164.27587358063
877, 48140.996133880435
576, 48128.06870090654
14, 48128.05765587754
680, 48045.666936072696
928, 48031.33409105706
1357, 48013.736147495365
18, 47965.62729805252
560, 47964.87582378186
147, 47914.43304338113
525, 47896.9382064345
789, 47887.453726293155
1343, 47870.78785952014
639, 47836.63916661176
614, 47733.58407727418
1260, 47710.34166880416
1259, 47621.508210574015
651, 47559.618655662445
126, 47546.07574868753
1069, 47434.379278381595
994, 47355.01950101938
140, 47339.411724588485
1038, 47163.49165559893
590, 47093.47676891551
537, 47078.915115483425
541, 47027.464520145775
573, 47016.91862148189
1377, 46976.16559124194
432, 46969.72719336933
946, 46946.634399578295
181, 46939.939784595656
275, 46891.67167799425
1366, 46771.47495151309
538, 46690.5652016804
814, 46576.770818976984
570, 46403.33076162093
935, 46340.95792082708
1331, 46336.23194914313
1073, 46289.01298996055
921, 46262.97708133691
1142, 46251.564907409986
300, 46211.033018023016
1402, 46188.54397578954
448, 46124.90634043668
602, 45951.60107811616
474, 45844.10826048628
393, 45836.87409789776
1330, 45753.28970139895
648, 45726.61630907426
931, 45723.82147570345
186, 45712.59652875195
36, 45712.59652875195
1378, 45661.44512317335
9, 45620.63547791557
49, 45609.85191998921
226, 45595.17141988634
652, 45545.885093272234
118, 45507.25492785749
375, 45475.60254776687
800, 45463.29465311912
926, 45319.4644163544
