564, 100000.0
1085, 99787.66745143784
562, 99726.13829546417
860, 99682.05142880355
451, 99610.53422276798
1234, 99605.80681818338
1086, 99579.99532723789
992, 99325.07656061639
673, 99306.57866577087
1399, 99271.71366400731
302, 99163.35415012452
866, 99053.67007655808
700, 98712.99713087383
1061, 97939.15067738209
1039, 97542.31696190363
1288, 97530.27960461141
1397, 97380.40431343917
1109, 97263.00426235973
1081, 97206.35778858779
1110, 96498.36342911124
1108, 96498.36342911124
1344, 96401.7503377534
607, 96083.9398760152
501, 95372.14203090814
815, 94711.6505853672
1317, 94641.73116673846
1101, 94598.8589616802
151, 94416.67124274102
1228, 94367.24919181447
865, 94367.24919181447
1404, 94324.30978521
139, 94242.1423016126
401, 94227.37974585623
1395, 94172.3888874069
1188, 94108.10806605806
674, 94099.48450090046
861, 94094.11869828013
1190, 94040.5470656949
124, 93857.81142526586
149, 93855.94251980592
794, 93333.73721854149
273, 92980.0936093161
852, 92486.05934318338
796, 92307.38343326835
264, 92127.80616941044
1056, 92075.89348756782
922, 91532.5487724652
831, 90992.16073491996
1106, 90854.01193890804
1105, 90854.01193890804
1102, 90854.00927915647
409, 90422.82191048708
391, 90365.86721854082
256, 90358.2250889652
155, 90208.97430814191
1400, 89958.89479821787
1088, 89903.795462061
1074, 89887.19189774562
1232, 89850.39714881533
437, 89719.46610949958
1018, 89626.39343683429
154, 89626.39343683429
571, 89055.19119440365
362, 88756.44508783643
709, 88620.83663824388
554, 88488.24916894073
555, 88164.14162475019
855, 87920.56405885136
454, 87899.45811668725
1059, 87772.87198579623
856, 87636.89451032682
854, 87636.89451032682
227, 87575.1814990758
442, 86954.20428767113
233, 86673.3660809004
1113, 86672.99358837167
1245, 86436.16036950216
1396, 85659.98411588876
1077, 85409.6114257695
274, 85112.42873192819
271, 85112.42873192819
1323, 84942.18589020881
168, 84252.81562862553
26, 83762.44929188049
434, 83567.58290377943
390, 83497.08090562731
72, 83230.90661569475
553, 83042.64129443257
1314, 82949.51922216704
419, 82831.99480025325
1080, 82758.2578753215
417, 82574.80298576721
167, 82574.01308183876
267, 82550.15993962288
654, 82229.71373974645
828, 82148.77222771604
481, 81934.90416386748
1162, 81920.70945890696
829, 81920.70945890696
1027, 81676.32202745974
410, 81599.2346993805
740, 81121.66699767481
739, 81049.61947466875
1060, 80946.29765112081
123, 80908.89388254678
993, 80879.05674054431
765, 80785.89449088358
515, 80785.89449088358
514, 80785.89449088358
502, 80754.35059019139
690, 80588.36139170008
141, 80565.82158703032
187, 80547.15336164326
932, 79827.96722398482
42, 79382.85885180614
133, 79316.61552734552
647, 79069.88369882088
903, 79064.0333664576
1410, 78902.95431133655
122, 78771.93858765892
1300, 78769.19912673696
574, 78708.89476078452
1015, 78489.7495751686
74, 77976.67265391341
1172, 77778.35551971706
968, 77768.88200154455
6, 77528.55750071391
269, 77399.77098869503
516, 77197.10641066992
1016, 77076.01843039237
1409, 76994.44800097788
1065, 76994.44800097788
85, 76994.44800097788
1408, 76966.53744817052
1407, 76955.35597837379
601, 76951.85972322345
86, 76854.27564461684
1029, 76411.37893875508
661, 76349.67938737212
441, 76077.04048607447
1017, 75986.02695598241
1035, 75866.91320638548
353, 75773.19457275132
783, 75435.13150454115
802, 75332.90035277307
801, 75332.90035277307
346, 75305.0407224812
145, 74780.44488347718
970, 74753.93018816304
1004, 74743.34826882316
1147, 74694.30145648564
464, 74694.30145648564
1373, 74668.81247967639
1003, 74621.12981372442
369, 74386.36367762992
919, 73904.94638368019
503, 73780.23636004732
5, 73744.66830617476
1199, 73631.86213486314
1334, 73589.0102906544
304, 73091.02110267803
19, 73042.09488716266
1191, 72992.21554735035
142, 72669.817973179
93, 72596.47758807898
1189, 72540.21987570745
1302, 72351.983882028
920, 72294.7184126356
565, 72163.79568390812
762, 71810.72362659176
772, 71663.44947382856
1066, 71588.71532390505
830, 71147.49889860045
776, 70987.37075732155
1287, 70750.1854044371
745, 70491.78433476127
420, 70424.6297360647
969, 70379.40445207809
415, 70221.65786744357
45, 70198.38994353641
43, 70172.11243768559
1155, 70114.96645378205
972, 69784.76309540686
967, 69784.76309540686
361, 69771.88383151506
701, 69767.50557267915
1346, 69524.66022245385
853, 69507.1402017599
583, 68388.42276422739
399, 67778.1620301988
222, 67448.19711228785
546, 67338.16561859194
367, 66872.15739263623
840, 66610.32015143242
1075, 66564.4358121936
1076, 66377.56589683266
238, 66351.36216034813
1414, 66302.76391586449
134, 66242.29396832641
558, 66107.34847893764
116, 66043.96140893562
1057, 65980.25525231108
347, 65978.09093224347
858, 65845.26670225408
1290, 65409.12353360784
827, 65333.16677470338
1040, 65052.65530703842
1313, 64759.18084505322
1136, 64735.77229037865
418, 64701.449313890604
471, 64678.42309461322
423, 64564.868540505486
424, 64550.56026161021
1028, 64375.516635482745
971, 64374.12409975579
846, 64246.88987998548
517, 64245.13602529767
659, 64150.29195706685
1342, 64090.08423067951
1382, 63991.42634357531
834, 63975.6034518294
1398, 63958.387672123885
1044, 63932.67567055655
540, 63756.78945799825
1204, 63585.73769331449
270, 63452.11161404759
268, 63452.11161404759
495, 63211.4502809092
1201, 63130.17143520764
433, 63100.23878246532
204, 63091.755947587146
488, 62927.091721593206
509, 62882.77672933533
309, 62745.88501351307
930, 62745.56192739426
277, 62547.34295405091
1274, 62520.966579734006
252, 62409.189040033976
868, 62135.28436780237
1200, 61979.936576003056
64, 61769.44575768116
1169, 61751.86724175956
645, 61657.08574658154
644, 61657.08574658154
63, 61657.08574658154
250, 61575.405712441665
61, 61434.65820293573
504, 61389.07284708998
500, 61299.046533830246
228, 61032.235618539366
1403, 61009.85407584073
398, 60902.792528067126
545, 60885.25708158662
1002, 60875.44814116071
600, 60830.89281218003
835, 60786.822495852946
397, 60775.78580677181
885, 60745.32390503659
172, 60689.92249286684
1224, 60675.63051268868
556, 60673.78123386812
759, 60614.78424111477
1401, 60606.785765929424
366, 60539.05041230196
444, 60529.26651806942
867, 60525.76622068878
781, 60479.553067717694
153, 60445.09638235668
1058, 60295.703671712385
699, 60222.18583771587
231, 59988.5798389626
30, 59686.017307982474
194, 59635.05508279884
619, 59634.00618912393
905, 59631.47428599378
899, 59631.47428599378
749, 59499.64957421216
192, 59492.70107041995
191, 59492.70107041995
220, 59453.03013809128
354, 59423.19859256123
1264, 59371.647073810076
1263, 59371.647073810076
299, 59327.334169961134
460, 59324.43369431946
209, 59257.08005699221
107, 59138.80783507841
249, 59066.50834491847
584, 59028.059807884136
380, 58956.94602246461
1043, 58877.69279509822
978, 58865.404384652385
330, 58862.4056036993
180, 58688.6539481501
604, 58646.74428305741
279, 58629.74174710175
450, 58341.18834610796
449, 58341.18834610796
278, 58293.267856202816
620, 58109.96094158322
478, 58079.65876550555
1170, 58059.106670536064
771, 57979.05866920894
305, 57862.79664975781
1173, 57837.51666555076
704, 57754.73824117383
702, 57754.73824117383
221, 57727.44887730562
594, 57579.796624779025
106, 57571.09807567156
1111, 57557.101167881534
622, 57547.54039928224
621, 57547.54039928224
782, 57432.82648815948
581, 57359.4077967933
216, 57324.80405288032
161, 57304.08490794245
160, 57300.4708301629
159, 57295.19706476125
210, 57039.33342924157
146, 57039.33342924157
1152, 56908.5928476593
1240, 56791.72376484488
1013, 56480.686339712294
1012, 56449.26223065869
618, 56429.503747029165
88, 56338.323652326595
170, 56277.01953587302
53, 56277.01953587302
218, 56267.3324507984
1137, 56208.98642742772
158, 56120.55857241851
157, 56120.55857241851
1067, 55922.14790387546
169, 55901.21727979871
56, 55898.29738802004
1310, 55886.07062029405
285, 55489.94873748131
1036, 55416.535547941014
557, 55276.73460027966
518, 55116.341644178676
780, 55099.44618639648
696, 55019.382437911634
705, 54921.6781662656
703, 54921.6781662656
534, 54900.68777896153
836, 54883.94416594925
459, 54865.06421740059
908, 54686.51265287187
29, 54540.45610038043
1217, 54320.47425147477
1216, 54320.47425147477
775, 53950.56770675435
131, 53946.79820738373
536, 53878.52259867054
535, 53878.52259867054
575, 53851.69695089919
421, 53768.53098971742
427, 53710.63467924137
1262, 53641.78853901013
395, 53576.986013521986
847, 53405.02863462946
1112, 52899.14661775245
915, 52792.93777878839
1306, 52761.92334588245
596, 52721.60034197437
512, 52710.42318942139
108, 52633.275491483
605, 52617.287961703005
643, 52517.25021090554
177, 52500.960081157755
977, 52462.885843011056
1413, 52356.347485043676
1052, 52299.45138618902
1255, 52298.80181467326
1348, 52289.020853445545
613, 52216.112244284566
272, 52089.24752632108
598, 51997.57616358861
178, 51891.280197532775
1362, 51752.61009326138
1285, 51650.44643778783
1193, 51635.19669603682
156, 51599.07040093154
217, 51556.29908889444
1149, 51533.95337781924
1286, 51480.007715447195
698, 51462.664219050144
544, 51371.73357810306
381, 51190.21098558813
461, 51147.623213076564
173, 50956.31309704636
597, 50870.52553589903
215, 50857.6508777287
790, 50818.35802297159
1363, 50800.723490003154
1236, 50786.384211962075
135, 50741.770151477016
800, 50505.58823030802
612, 50497.22355189848
102, 50439.507383373275
136, 50438.431193786746
1379, 50406.31817473355
1419, 50385.3370655201
226, 50343.827092231106
1378, 50263.276311343274
186, 50201.440650895755
36, 50201.440650895755
1330, 50152.45468120093
65, 50130.76394144547
62, 50130.76394144547
112, 50070.480917090455
137, 50065.44277533283
474, 50043.784325163746
4, 49999.78745549476
1299, 49968.73179807693
1084, 49910.83744863269
1082, 49910.83744863269
750, 49684.40980981495
751, 49621.65853377347
921, 49554.0168554607
15, 49472.97724104659
363, 49398.87138536981
570, 49393.989568127305
1020, 49371.2178904958
1318, 49321.71007496018
364, 49316.49867315464
845, 49286.90079343469
799, 49279.43213089873
798, 49279.43213089873
814, 49198.9776910413
633, 49164.84882456805
239, 49079.01800943145
21, 49079.01800943145
538, 49072.64438608111
692, 49053.36589116718
609, 49046.56585956435
275, 48852.4395122568
432, 48768.00672947273
350, 48697.038449739644
425, 48681.8134882362
348, 48678.29219202031
537, 48650.85314449028
416, 48493.808747630945
3, 48428.31799851745
2, 48428.31799851745
140, 48375.76550154027
396, 48357.19708968436
44, 48357.19708968436
291, 48271.42543412698
754, 48218.86484492365
1148, 48148.068066223546
1308, 48120.24278567463
712, 48041.903239972584
1144, 48026.82132755248
1343, 47833.183047040686
525, 47807.10225179588
1246, 47781.223919880336
811, 47774.511906136235
560, 47739.61052699979
18, 47738.866117968064
14, 47579.047789790144
576, 47579.036995316135
877, 47566.4095700634
411, 47563.524041156226
426, 47531.40510589751
414, 47531.40510589751
531, 47510.985585597475
1100, 47506.84825455973
352, 47491.80375374099
479, 47483.28171746509
334, 47413.79353303495
422, 47409.65892266267
413, 47409.65892266267
219, 47394.01098364664
955, 47369.59136494598
1031, 47322.926338914636
412, 47218.30428598794
826, 47203.5334073071
984, 47123.25289775909
480, 47110.536100360965
857, 47085.81874125162
1117, 46963.12200445075
636, 46895.34802410294
428, 46822.38481592121
1010, 46767.94908090582
987, 46663.10556521667
985, 46663.10556521667
949, 46578.93280824768
986, 46575.43682420468
1175, 46465.63532578278
382, 46424.96284272142
1103, 46338.90834719962
470, 46279.832262535776
16, 46195.034330728085
179, 46158.20649368875
1312, 46131.42202791345
812, 46118.0631162932
41, 45996.147630067244
189, 45951.995971354474
