588, 100000.0
1303, 99856.90376404996
1305, 99589.26962182607
337, 99091.23340035012
1367, 99047.47325548252
1124, 98963.1716337729
314, 98956.26668728319
1249, 98701.4131660277
733, 97467.64993829721
520, 97161.43055013976
632, 97155.66837197126
1150, 95990.78075210677
482, 95834.40267772692
174, 95819.01240083713
942, 95598.09733146649
638, 95391.82723328164
225, 95391.82723328164
206, 95362.90561936157
938, 94635.49923263708
1185, 94122.25132006202
7, 93492.17678325519
1322, 93088.67618120607
1324, 92613.93338008564
980, 92573.19067918009
1354, 92498.58637824372
1416, 92486.35794813115
1284, 92328.94015008895
1360, 92292.03890331382
863, 91689.79877362306
566, 91494.30743349365
0, 91475.90771381749
1000, 91430.54322379435
371, 91386.18037810306
458, 91293.80544379853
668, 91240.69647462014
490, 91207.18228497796
328, 91086.22713002149
132, 91081.83540051992
1214, 90814.49919203448
788, 90711.58504129799
1145, 90604.591682436
1115, 90486.39661278555
787, 90375.55314783096
203, 90329.70559610854
386, 90079.55376698104
287, 90069.66080515708
207, 90003.57724679685
1025, 89915.81412166085
1, 89568.45909004571
734, 89224.13990393686
1005, 88699.1814213003
119, 88523.32812637681
208, 88365.22740492914
247, 88131.35447035634
948, 88124.66488160971
1177, 87979.55485677772
778, 87931.99239956433
1181, 87745.65175255228
1180, 87745.65175255228
1179, 87745.65175255228
1182, 87545.79519262926
1178, 87545.79519262926
234, 87533.80546815417
753, 87460.91586185581
71, 87179.6939661641
213, 86567.046693298
148, 86386.89466313312
1411, 86349.39462028322
892, 86334.80409246217
1350, 86187.92169328134
665, 86086.53206157456
874, 86080.0189102985
1125, 85936.43174814392
31, 85747.9687522474
342, 85536.86797524171
120, 85147.75408348248
1087, 85039.25708341277
592, 84462.19552127371
1250, 84386.54800470505
1368, 84335.00065939223
109, 84238.33100493021
726, 84140.60265558684
630, 84106.67291952475
732, 84106.41576973186
657, 83925.28989543914
70, 83772.22120835732
1301, 83569.35215533129
1163, 83484.30621161399
1329, 83402.77662355785
405, 83353.13399369111
666, 83231.49944737206
763, 83190.90813736014
667, 83157.15761917338
59, 83133.46318361921
496, 82519.4912296124
457, 82186.35934437632
731, 82145.31086954173
311, 81953.8059449523
1048, 81924.47790462789
493, 81844.79997149846
1319, 81822.65081841798
676, 81815.30621275285
1405, 81723.13025613688
1309, 81463.17540625106
326, 81349.8205457147
486, 80901.91774232057
1134, 80869.01865212647
744, 80865.4336987095
567, 80794.76937638056
875, 80622.5737028672
728, 80378.52473200328
1321, 80366.13952803932
729, 80287.19920900658
679, 80261.31834108013
214, 80157.58354427868
370, 80105.38010852301
357, 79951.834977764
958, 79865.06285935997
1388, 79565.27184655792
591, 79512.69115596324
1091, 79461.54596926972
1090, 79461.54596926972
741, 79394.72314698271
983, 79258.7015862595
241, 79117.80321047429
232, 78931.07193559573
1161, 78912.36652530894
402, 78863.04058350659
138, 78758.00575085578
757, 78486.89186387835
1258, 78423.78203368971
245, 78353.18126981508
670, 78157.1310324677
202, 78151.90483369357
1333, 77886.39600663149
188, 77703.54957388953
549, 77605.74970198139
1164, 77587.26639952733
200, 77587.26639952733
582, 77552.98980578069
1089, 77530.57124027799
849, 77439.46164827382
1238, 77273.62487229808
211, 77259.64395353559
293, 77238.84115692867
212, 77203.27297829214
844, 77078.35585361022
1231, 76982.97695893286
497, 76796.63303377679
718, 76784.97481510881
936, 76438.31076346071
628, 76404.76182943708
315, 76352.97158686358
1165, 76212.99369170926
286, 76159.3098762073
1143, 75955.90351083851
127, 75747.37770490588
453, 75714.15385521097
452, 75714.15385521097
1325, 75687.8242974453
989, 75515.78672602095
403, 75515.78672602095
851, 75478.82515964292
51, 75454.1435909465
97, 75212.90396931476
1171, 75035.64073972931
1099, 75027.52861151773
1079, 74929.43264018408
193, 74929.43264018408
756, 74874.74541924527
58, 74776.90167565069
904, 74723.50816149332
902, 74723.50816149332
901, 74723.50816149332
900, 74723.50816149332
199, 74643.35200883554
572, 74625.47629451762
182, 74426.97361535017
312, 74157.68876749802
837, 74141.51396749965
1294, 74064.41989726233
1358, 74044.76543661502
196, 73966.13160650333
50, 73960.56738944886
1034, 73930.09664442153
997, 73815.5694861443
873, 73815.5694861443
166, 73806.30588019667
631, 73485.93664737121
888, 73430.46320514572
889, 73200.78132626125
680, 73155.12960984318
928, 73121.90607660513
897, 73117.93234153767
1357, 73081.12820853759
1328, 72966.1930412624
1279, 72966.1930412624
147, 72851.31572710403
789, 72788.9643867822
639, 72671.62706113262
614, 72434.056605049
1260, 72380.54977237922
1259, 72176.2925863001
651, 72034.22032919106
126, 72003.15691040606
360, 71979.7083459727
956, 71944.77292383018
494, 71897.47972668907
1069, 71747.30499056523
446, 71641.27243218145
994, 71565.89845910486
110, 71384.3142467249
1038, 71129.36752124695
590, 70970.23868046905
761, 70833.14050798595
541, 70820.42653871329
573, 70796.51275645841
1377, 70704.1525348924
946, 70637.27537756813
181, 70622.12046949175
1008, 70617.47641816239
1304, 70338.47971514009
1366, 70241.47554647781
1122, 70241.15787703407
1184, 70114.17049447134
579, 69960.56392144653
492, 69628.33643143387
498, 69477.43074716514
935, 69274.94830277139
1331, 69264.38762957555
1073, 69158.9304765686
1142, 69075.37080452878
300, 68985.00530218738
1402, 68934.89986427678
448, 68793.24574313211
602, 68408.44921009465
864, 68222.2289452736
393, 68154.49572578465
648, 67911.01759035319
1078, 67907.8817932931
931, 67904.85326734679
332, 67805.35067101859
730, 67731.15727045115
9, 67677.52043081597
1183, 67654.4089492508
49, 67653.79147312822
652, 67513.1454421128
870, 67484.55364541057
118, 67428.30023055997
375, 67358.83235251332
1046, 67343.91499949513
926, 67016.83385108905
1335, 66845.41818548084
1033, 66803.57741418034
1053, 66776.8458121933
1415, 66770.56445946786
585, 66769.40880043773
649, 66690.7875842202
1045, 66413.77568175702
1123, 66312.22943064125
489, 66226.28484522742
1226, 66196.31214991114
1153, 66142.6080040823
48, 66078.09418223637
894, 65933.78091342183
1327, 65910.61785280616
797, 65899.70408914855
57, 65895.64259250487
677, 65656.55222617574
616, 65649.28081129308
715, 65648.58509987062
1244, 65637.33522510015
1225, 65559.17106952488
998, 65510.46628558193
568, 65403.8012072615
385, 65188.83184386457
1030, 65127.277288381534
1254, 64762.06157872668
197, 64712.27342703024
907, 64707.21772397717
1014, 64570.81487380564
1095, 64439.4555770411
1205, 64298.2500304535
75, 64207.38216276129
671, 64170.08481540868
1207, 64003.16856089806
737, 63994.48334988755
723, 63918.09583416716
779, 63824.624093587176
1289, 63787.29134140395
82, 63787.29134140395
1353, 63692.54578908127
561, 63649.178132704496
979, 63575.12461731125
349, 63441.819947981334
472, 63409.913473715475
543, 63380.41435642798
101, 63378.37175205855
714, 63299.80308265046
1257, 63260.10030669808
100, 63242.47289620007
988, 63203.10340649332
610, 63186.8977879074
1131, 63114.78449280026
319, 63081.42806199913
1133, 63070.770530912436
447, 63021.89069678237
884, 62975.01932797885
736, 62968.4396635264
927, 62948.851411746175
317, 62933.106386452084
1047, 62870.83665737938
925, 62808.99064851797
769, 62804.48571810616
716, 62734.36181911078
322, 62716.14467299761
376, 62684.876344585806
859, 62636.501270203174
323, 62578.410732953846
1206, 62459.13653737217
655, 62424.08382229835
1239, 62275.8172826921
1209, 62269.61703103895
79, 62213.11952003551
603, 62179.75542817592
1208, 62156.27334514084
871, 62133.6096385881
38, 62103.322133646674
355, 61980.44424368999
869, 61978.35248901311
95, 61946.70469725405
617, 61856.58053541495
253, 61792.63293147465
1132, 61723.16971242788
843, 61689.49948146184
60, 61579.745632246675
1261, 61555.93872987313
569, 61487.832323895054
689, 61451.422046630265
341, 61449.96743828923
171, 61329.86843132089
244, 61248.925261721684
1359, 61167.8417256164
392, 61155.25394336293
1355, 61154.493187264234
1212, 61110.56018826831
329, 60816.69327318667
650, 60803.52735863224
54, 60803.31311480563
243, 60755.94112731719
1019, 60697.75360784655
445, 60697.75360784655
394, 60410.5709689851
406, 60404.33945984296
615, 60392.78338511018
947, 60380.17120328888
114, 60334.71399764605
641, 60321.39065987284
294, 60263.85564197774
1276, 60235.716692816255
810, 60127.398101327955
324, 60065.66195627724
407, 60053.783598366885
1011, 60024.59439600468
1068, 59966.471184833536
1252, 59939.556377089575
678, 59747.15423876332
78, 59411.062886598964
1227, 59403.976931263926
52, 59357.979639596124
81, 59250.394161730546
1375, 59182.30151923491
1104, 59020.510013775776
629, 58974.28841903455
974, 58873.35758124591
87, 58684.91192728238
499, 58588.459206357504
1291, 58513.26748664333
462, 58487.61817742201
408, 58360.12872227688
76, 58335.602976360446
528, 58329.61468197471
1114, 58121.97411050124
105, 57877.15553293011
103, 57877.15553293011
83, 57874.42831969123
237, 57853.36075785135
104, 57849.90761098715
945, 57694.251189607196
848, 57620.874579927506
1213, 57473.98100015566
1332, 57455.32808026647
944, 57426.969837691046
1292, 57183.354240826535
190, 57182.97598418342
1293, 57168.672862317595
1349, 57168.15094378912
803, 57137.37495349592
1120, 57109.4074251909
735, 57030.680997393945
436, 57020.66072056131
1072, 56910.434015193314
1272, 56882.277003120704
121, 56880.402242665215
937, 56848.48550563565
906, 56834.7505883549
262, 56803.28506599501
1194, 56803.23458594533
519, 56795.71873902154
476, 56707.13499476362
943, 56631.32573587033
115, 56517.43636270954
8, 56439.708262525535
439, 56278.09805678943
1256, 56202.72770171376
1071, 56167.574060161154
1070, 56167.57366407516
1270, 56130.063934095066
263, 56120.500016528684
99, 56069.04789117992
1107, 56017.888737598645
822, 55960.52171911976
838, 55913.06133904775
916, 55875.804210180126
872, 55803.76310066921
924, 55756.471393409105
982, 55755.021833111285
1295, 55654.35349432999
201, 55517.82741929732
467, 55505.87853795531
469, 55483.9563157113
468, 55454.76854839629
1339, 55397.80884171727
862, 55393.874864084195
466, 55327.777226215745
1383, 55282.94259850802
823, 55230.70112304265
313, 55202.35976273919
770, 55197.42724893586
1420, 55146.16254520436
542, 55087.24209962578
539, 55087.24209962578
261, 55028.64474498004
721, 54975.97354492571
627, 54944.37318175339
1135, 54773.476324182826
760, 54744.63064135464
722, 54733.454472718724
301, 54683.00090987796
893, 54504.19698970241
717, 54485.23408978829
1215, 54457.85923890363
959, 54451.638780467016
35, 54430.60808104875
941, 54426.89454828066
345, 54377.0629725974
1233, 54372.91506970904
1356, 54099.55270462118
378, 54065.21354529077
713, 53965.51634010759
1220, 53947.59991053896
952, 53697.75490861773
1370, 53589.49783119531
1369, 53589.49783119531
1055, 53552.47907110484
767, 53529.83864678602
578, 53365.46775295106
950, 53209.07250980439
292, 53129.19180979566
738, 53127.84557721919
911, 52953.915654377124
642, 52878.70524389133
820, 52806.04124512909
996, 52758.11947982535
336, 52684.41490481696
377, 52588.65636819522
306, 52574.00499079934
440, 52529.64467153999
265, 52514.58257062912
430, 52512.17488500041
296, 52500.61596135056
559, 52481.56391859847
66, 52453.41539005042
1154, 52441.359705649505
1275, 52302.30119898442
255, 52277.32036224618
755, 52240.75310621884
429, 52230.59419697289
792, 52158.02266291176
17, 52127.36821807166
10, 52127.36821807166
640, 52111.99813533576
276, 52098.69195901833
786, 52079.3734438783
368, 51898.97995781171
240, 51859.156673392856
825, 51838.26422347273
1151, 51789.318443193064
527, 51565.42105529211
1021, 51556.597705021486
