603, 100000.0
1208, 99939.27900856253
79, 99913.82646438162
1209, 99768.4513849497
1239, 99752.53916120977
355, 99485.49719048118
95, 99398.59986933612
1206, 99285.7684129805
323, 98985.86171841287
859, 98840.86336481122
843, 98738.03561953186
376, 98720.64359569568
716, 98598.15765009366
60, 98457.16750202666
925, 98414.37408763317
1261, 98396.32301293955
1047, 98262.917275159
341, 98125.8282775274
317, 98111.19240490269
736, 98025.44140778221
884, 98009.5002637286
447, 97896.18671285694
171, 97819.94447949983
319, 97752.87160784946
1131, 97672.87888740041
610, 97500.67663757053
988, 97462.11605010384
1359, 97408.40145924395
392, 97376.48293585665
1355, 97374.5541551014
100, 97368.64706853779
1257, 97326.89271227195
1212, 97263.21694714854
714, 97233.06406229659
101, 97048.26162533693
543, 97043.47265447566
472, 96974.39776378925
979, 96590.52563830363
329, 96520.91315755757
650, 96487.7547948706
561, 96420.08713630814
243, 96367.97908963323
1353, 96320.73622432367
1289, 96104.86178872574
82, 96104.86178872574
779, 96020.24126041368
723, 95809.45640475852
737, 95638.33812038683
1207, 95618.94657871094
394, 95501.9586409842
406, 95486.38587021614
615, 95457.51175256571
671, 95248.80486393652
75, 95166.74984670966
294, 95135.80621760522
1276, 95065.69867799921
1205, 94967.82549476995
810, 94796.17856144735
1095, 94661.45255853463
324, 94642.8160142039
407, 94613.32907173425
1068, 94396.78979844472
1014, 94379.40452104184
1252, 94330.11267687846
907, 94089.50142625057
197, 94078.81394970379
1254, 93973.78301625187
678, 93854.46602744753
385, 93089.466895511
52, 92897.69496199934
1375, 92468.11535179339
998, 92441.36165057335
1244, 92189.91640217308
715, 92167.73271654882
616, 92166.36143971988
677, 92152.0333515973
1104, 92073.75904737199
629, 91961.319179964
974, 91716.13451751525
57, 91685.12556859419
797, 91677.26404965662
1327, 91656.15061175599
894, 91611.39539218244
87, 91259.60883986623
1153, 91211.27052256292
1226, 91109.34003323171
489, 91052.62254744812
499, 91026.5729858597
1291, 90845.19951420942
462, 90783.38851575417
1045, 90700.58092742492
76, 90417.66820264293
649, 90188.97222963019
585, 90045.58441701678
1053, 90032.06198976688
1033, 89983.5153117708
1335, 89907.7119933207
1114, 89905.48494549889
926, 89599.4660809783
375, 88995.35264242478
945, 88886.16625127758
118, 88874.37888276183
652, 88727.40804958926
848, 88712.12091428223
49, 88485.65183457165
9, 88445.09270008636
1213, 88364.4150159741
1332, 88320.3307788561
944, 88253.3384719704
931, 88059.81980975237
648, 88049.45529914582
1292, 87679.29109788823
1293, 87644.77972927448
1349, 87643.55303457653
393, 87643.50614852968
803, 87571.23958494306
735, 87320.86484973897
436, 87297.37619542141
602, 87227.09621618893
1072, 87039.28144481184
121, 86969.0540670272
937, 86894.46180604448
906, 86862.37570170422
262, 86788.9000541721
1194, 86788.7822119202
448, 86609.37583803303
943, 86388.11295372165
1402, 86385.88898500327
300, 86307.3325959213
1142, 86166.30311898452
115, 86123.37327379399
1073, 86036.63115440568
8, 85943.01235355993
1331, 85873.97790152166
935, 85857.75059345017
439, 85568.84074466812
1071, 85313.59096655122
1070, 85313.59005274397
263, 85205.03397892124
1107, 84968.7299029905
822, 84836.81396665129
838, 84727.78387346856
916, 84642.26038136535
1366, 84418.09269132983
924, 84368.72747791794
982, 84365.40851097617
1295, 84135.13098304947
181, 83874.7765918602
946, 83853.41022308996
201, 83823.50962500366
1377, 83759.36147221438
573, 83630.11335592766
541, 83596.76840819085
1339, 83550.2113950218
590, 83388.98522890819
823, 83170.68568482633
1038, 83170.35965896849
1420, 82979.12859244637
542, 82845.79516717044
539, 82845.79516717044
261, 82713.33534504697
721, 82594.39270728578
994, 82581.36603198327
627, 82523.08738392801
1069, 82341.12893083082
760, 82073.32481310543
722, 82048.20770223174
126, 82006.70470721486
651, 81966.44743659407
301, 81934.88300244893
1259, 81783.26812449968
893, 81534.10589935092
1260, 81522.59075428791
614, 81454.82046776424
1215, 81430.4555866367
959, 81416.54804329046
35, 81369.53978938171
941, 81361.24109170525
1233, 81240.67543870662
639, 81156.4713991853
789, 81010.63331694256
147, 80933.54058773936
1357, 80651.78438258343
928, 80602.17857432409
680, 80561.8484341435
378, 80555.66260566538
1220, 80294.83634657339
888, 80230.55914493946
631, 80164.4401571316
997, 79775.81467509356
873, 79775.81467509356
952, 79742.60576939254
50, 79607.14507680103
196, 79600.6998254566
1358, 79509.82996253128
1294, 79487.17960532759
1055, 79422.6481433396
837, 79398.57430719808
312, 79380.0327902892
767, 79372.8600562529
182, 79073.78766285662
578, 79012.00419000392
572, 78850.95011550788
199, 78831.00258508824
58, 78682.59369200528
950, 78669.64828970713
292, 78495.1572878226
738, 78492.21873061129
1099, 78406.99755355436
97, 78205.56415460573
911, 78113.1614516755
851, 77920.11897223063
989, 77880.76692676482
403, 77880.76692676482
1325, 77698.62786313838
996, 77687.86260577806
453, 77670.90027091037
452, 77670.90027091037
127, 77635.96801854938
336, 77528.15132983933
1143, 77418.1286780103
377, 77320.96554187986
440, 77193.46284949526
265, 77160.94070243365
1165, 77152.85777179858
296, 77130.79176777878
559, 77089.67732603733
66, 77028.95821432256
1154, 77002.96226917264
628, 76957.3207663502
936, 76923.31479781562
1275, 76703.51145441839
718, 76575.403313239
755, 76571.20984464018
1231, 76379.48953086798
844, 76285.83133742813
293, 76129.27787772195
1238, 76095.51653475486
849, 75935.37998190387
1089, 75847.97886633105
1164, 75793.7962194258
200, 75793.7962194258
549, 75776.16584615475
188, 75683.15461738377
1151, 75605.24194432536
1333, 75510.49508162399
202, 75262.60204089573
1021, 75110.2911866672
624, 75077.85044355596
245, 75076.87200997306
1258, 75012.16626217504
1050, 74925.93808987545
138, 74708.91757915501
402, 74614.65014833899
1156, 74604.07155819534
1161, 74570.5491674124
232, 74553.8531993414
1049, 74475.78852089413
664, 74393.04218101538
344, 74326.94656097566
1091, 74086.6891646081
1090, 74086.6891646081
591, 74042.28422324825
1064, 73924.48742288031
431, 73899.3496869036
1098, 73859.81178322725
1022, 73779.32896829506
357, 73665.50593123598
214, 73491.69934419465
1054, 73465.48510477763
175, 73411.8979402531
679, 73404.71605863047
839, 73167.0767749056
280, 73109.39786303994
875, 73105.12891995873
567, 72964.12228721182
744, 72906.58754567671
1134, 72903.67378009575
1024, 72690.31099359826
1023, 72690.31099359826
1237, 72690.30746732977
522, 72496.46402202066
1309, 72427.45102225285
340, 72382.89740722511
1319, 72145.64670503962
493, 72128.43558509221
1048, 72066.66606461645
547, 71974.39338313474
548, 71955.15906079854
731, 71896.64196592772
457, 71865.22661530509
1129, 71784.79824485948
1127, 71723.85530831758
806, 71243.54696272383
1372, 71186.69164749775
59, 71156.37619121121
763, 71114.34504988072
666, 71084.71018881701
966, 71057.54814423481
707, 71042.07354723639
405, 70996.22740936057
880, 70917.05975639337
1163, 70901.34082663262
887, 70745.65051523602
657, 70586.34848653221
732, 70458.72986626418
630, 70458.54940038265
726, 70434.75552850777
896, 70408.82347559306
990, 70384.06767398678
1250, 70263.32999312661
746, 70220.41258469637
327, 70149.45784018675
669, 70084.02660807868
747, 69993.40663223085
1087, 69817.14211191093
1097, 69711.97702884338
198, 69629.02815651704
758, 69571.90009827145
995, 69567.06703946266
342, 69485.26913751269
31, 69346.58382727629
587, 69145.86288638056
874, 69130.92118980664
883, 68990.85882818316
599, 68859.97978456038
1096, 68562.30227776177
766, 68522.22376413825
282, 68407.84481151984
234, 68220.9811184855
1182, 68213.70017482317
1178, 68213.70017482317
1340, 68121.50229673498
1116, 68108.85156308119
1181, 68092.85462527261
1180, 68092.85462527261
1179, 68092.85462527261
1177, 67952.65830547742
948, 67866.34473394426
247, 67862.37779946104
1374, 67674.45805433473
1198, 67657.09431147928
1195, 67650.09992201929
1005, 67529.49716262959
586, 67239.72602128389
1387, 67201.54032871568
1386, 67109.67465670283
1197, 66897.45114046078
1196, 66826.19983882569
207, 66792.5244777695
511, 66758.95788074557
287, 66756.17698678386
386, 66750.74361847351
1298, 66682.11444328289
203, 66614.04353911255
787, 66589.13181789567
1311, 66529.0971700692
788, 66407.8769313734
1214, 66352.82961002708
658, 66212.09238595274
132, 66210.83908722604
328, 66208.51852051615
1380, 66134.51013021896
821, 66132.44918241412
371, 66050.93414168735
1000, 66027.77869187962
566, 65994.56428817123
1130, 65932.38667182384
863, 65893.22884177524
1146, 65892.46610883916
96, 65710.1520597577
660, 65657.66670719985
1093, 65621.63107496598
510, 65621.63107496598
774, 65586.03975578259
773, 65586.03975578259
1416, 65487.88729933164
1354, 65481.75759904097
316, 65385.505234667544
1322, 65189.219611161396
910, 64807.95963408884
1351, 64727.54158444815
32, 64510.06371473136
938, 64451.48793071566
1158, 64449.73493716626
1128, 64237.19957950157
784, 64153.30553748828
206, 64118.39978241056
638, 64105.33179495906
225, 64105.33179495906
383, 63972.08773131035
1007, 63960.69963010051
482, 63906.99774786038
951, 63380.32597502302
733, 63200.77641462094
117, 63084.62207380225
1242, 62993.78711511529
1241, 62993.78711511529
351, 62919.65921012556
881, 62659.54402999053
1124, 62587.482697747284
1303, 62235.209735023025
588, 62179.75542817592
953, 62102.30069639286
297, 62102.30069639286
1305, 62020.70677410716
1297, 61843.743595263324
1211, 61831.10734229149
337, 61827.18522395904
1367, 61810.146409912246
91, 61805.04198472962
314, 61774.6152624368
1249, 61675.20193852184
163, 61647.19186406962
1269, 61516.28947907896
1251, 61505.61316142251
92, 61404.83465254283
933, 61357.95782027643
917, 61215.26337749509
626, 61107.02651576558
520, 61070.3631570663
632, 61068.086647633965
1118, 61008.568412021
595, 61008.568412021
34, 60963.0425279049
1296, 60962.584998669714
1392, 60812.85350703268
339, 60792.26834591814
1268, 60738.40673322182
1150, 60605.796288308935
174, 60537.27918527073
942, 60449.024738063286
1352, 59936.48016074135
524, 59914.060874498864
1185, 59855.56220827822
913, 59773.15399092168
7, 59600.12975749162
443, 59519.50282902352
33, 59282.82937021697
284, 59280.993571771614
1324, 59242.00016085205
895, 59233.97219033864
980, 59225.326712373004
1284, 59125.25923462559
688, 59114.44586933719
1360, 59110.124532377784
686, 59013.76478777185
1336, 58831.71575955362
0, 58774.28006398178
458, 58699.05098938741
668, 58677.09072205368
1230, 58676.39338279423
490, 58663.22809235699
882, 58644.10087550709
389, 58549.33074406921
687, 58546.98437275992
1145, 58413.35401187463
1115, 58364.20389340252
973, 58313.23119820797
804, 58274.96162738283
387, 58251.970121203456
785, 58247.39051181413
1364, 58181.35062044728
1394, 58131.69371375158
1025, 58126.290855384366
1, 57980.93242773566
162, 57913.95670031241
388, 57865.7000735485
734, 57836.4514790688
625, 57831.82448855906
805, 57784.17962199649
918, 57779.543460073124
550, 57691.68766910975
608, 57623.14072010331
119, 57541.166341635915
208, 57474.324677070595
912, 57325.57425770898
1265, 57294.447060289356
778, 57290.73279183487
1126, 57260.23679249169
283, 57209.528051483685
965, 57151.69329861235
1267, 57148.44621950401
964, 57144.10674968342
963, 57144.10674968342
962, 57121.34332609623
753, 57090.38806676628
1141, 57063.83828615256
1138, 57063.83828615256
521, 56995.82552335052
71, 56970.429226869426
1140, 56905.71809517331
954, 56867.07841215246
1139, 56826.88179988692
914, 56732.77318428497
213, 56708.165846045755
1338, 56703.038101106904
1337, 56703.038101106904
1218, 56663.66137455718
1219, 56645.97606731129
