669, 100000.0
327, 99867.08802226887
747, 99815.60624277039
746, 99723.63350595089
990, 99395.42015424809
896, 99346.09224518084
1097, 99244.24728750302
198, 99076.21702294376
758, 98960.59063495924
995, 98950.81227177815
887, 98683.15270715908
880, 98351.55766776539
707, 98112.11834820971
587, 98100.82043791111
966, 98082.61928608699
1372, 97837.62188444119
883, 97789.11207158754
806, 97730.42987176086
599, 97526.37325004557
1096, 96930.33309960217
766, 96850.2473573928
1127, 96840.82071565556
1129, 96729.94239040883
282, 96621.90573012222
548, 96422.322928009
547, 96387.8056434969
1340, 96051.64154087918
1116, 96026.49236288056
340, 95664.77532044114
522, 95467.12215259926
1374, 95165.25185271408
1237, 95133.04787983253
1024, 95133.04183999663
1023, 95133.04183999663
1198, 95130.91936193198
1195, 95117.09171496045
280, 94424.65398712503
839, 94328.6129153733
586, 94307.82505843886
1387, 94232.72418559928
1386, 94052.18995726359
175, 93924.79043911071
1054, 93837.21822416103
1197, 93635.88647826888
1196, 93496.35459017566
511, 93364.78309544837
1022, 93330.11947835887
1298, 93214.55377927271
1098, 93201.64830962669
431, 93138.76738704281
1064, 93098.8674595993
1311, 92915.81415691557
344, 92468.31024606647
664, 92366.21626357242
658, 92298.64835657705
1049, 92238.97470385837
1380, 92147.9605822367
821, 92143.95950584483
1156, 92042.95640291696
1130, 91756.02912610966
1146, 91678.73165147488
1050, 91557.7052676326
624, 91331.8831968522
96, 91326.18563002891
1021, 91283.92131455344
660, 91224.83449777692
1093, 91155.28490091502
510, 91155.28490091502
774, 91086.62200667844
773, 91086.62200667844
316, 90700.29103148932
1151, 90563.38219990402
910, 89592.75460839106
1351, 89439.13856599471
755, 89215.23615797337
1275, 89036.30312560823
32, 89024.43732775678
1158, 88909.58660110015
1154, 88636.19163176171
66, 88601.77267887072
559, 88521.57409561265
1128, 88505.62237555627
296, 88467.42354366119
265, 88427.79402133291
440, 88385.1194550154
784, 88346.44350731028
377, 88218.55563993848
383, 88003.13975993308
1007, 87981.59024181862
336, 87950.39132589348
996, 87745.75305400966
911, 87209.4546651779
951, 86887.1616412316
738, 86741.77777560252
292, 86738.18935491361
950, 86526.11871889778
117, 86332.39735964095
1242, 86162.36827082478
1241, 86162.36827082478
578, 86115.71887693346
351, 86023.74580395724
767, 85691.11214752305
1055, 85633.1576979135
881, 85538.26630026991
952, 85264.2932196659
1220, 84641.85709584579
953, 84503.1637599746
297, 84503.1637599746
378, 84353.94612867144
1297, 84025.15560734116
1211, 84001.83104010807
91, 83953.72922089601
163, 83662.73807147912
1233, 83615.66433870269
941, 83488.32988466743
35, 83479.59340204252
959, 83430.17336729351
1269, 83421.82747542295
1215, 83415.57443267378
1251, 83402.19505783386
893, 83307.0884717083
92, 83216.99542475127
933, 83130.92391276552
301, 82892.80885732167
917, 82869.20673416338
722, 82777.1406732113
760, 82751.59100115875
626, 82670.97619355278
1118, 82490.87008948918
595, 82490.87008948918
34, 82407.66030653115
1296, 82406.8242808774
627, 82299.3410524814
721, 82228.5440483398
1392, 82133.46255681213
261, 82110.99060368934
339, 82095.91754607116
1268, 81997.72218801217
542, 81980.86823268753
539, 81980.86823268753
1420, 81850.7210657497
823, 81665.18917659919
1339, 81302.55849058309
201, 81045.4264774883
1295, 80756.23295287894
982, 80545.21201409654
1352, 80542.90293204901
924, 80542.18705043795
524, 80502.42316336115
916, 80294.47342443274
913, 80248.24293462388
838, 80217.6616181379
822, 80120.17431211987
1107, 80002.87343522
263, 79794.5081236341
443, 79791.71775549947
1070, 79699.53527883068
1071, 79699.53448133246
439, 79478.05448134878
33, 79366.94289411357
284, 79363.65254560496
895, 79279.39844514424
8, 79157.95394719677
688, 79065.43180583022
115, 79005.56163321955
686, 78885.42689430044
943, 78784.0787614845
1336, 78560.47102305992
1194, 78453.76952633484
262, 78453.67323208554
906, 78393.7297255778
937, 78367.61345622245
121, 78307.0411146499
1230, 78283.7546685206
1072, 78250.19344803803
882, 78226.28504184258
389, 78057.7485528125
687, 78053.57813937347
436, 78042.7590772393
735, 78023.99618769123
803, 77825.17654825734
1349, 77768.15230873873
1293, 77767.18650556826
1292, 77740.03585611933
973, 77638.66541041172
804, 77570.84177658845
387, 77530.10902884371
785, 77521.99686542153
1364, 77405.06297551087
1394, 77317.1954598137
944, 77294.2651033363
1332, 77242.95070618791
1213, 77209.2628404384
848, 76945.74761171204
162, 76932.49565908917
388, 76847.36395876505
945, 76815.2875621751
625, 76787.63032450948
805, 76703.65579132599
918, 76695.48693212682
550, 76540.76721469214
608, 76420.15849556841
1114, 76069.95440327507
912, 75897.6720459511
1265, 75843.11840884782
1126, 75783.18350288036
76, 75707.09729269192
283, 75694.38659508944
965, 75593.17327587382
1267, 75587.49270665075
964, 75579.90139086808
963, 75579.90139086808
962, 75540.08595128833
462, 75452.59005417534
1141, 75439.54960950148
1138, 75439.54960950148
1291, 75409.94583485849
521, 75320.72675613621
499, 75285.4246846151
1140, 75163.44338556292
87, 75126.75954764822
954, 75096.04640018122
1139, 75025.96490277397
914, 74862.01368758526
974, 74820.17220272057
1338, 74810.24687695412
1337, 74810.24687695412
1218, 74741.72127947553
1219, 74710.95419884093
629, 74657.79083228666
1104, 74583.84747318653
646, 74355.92624389166
1375, 74327.0724846738
400, 74117.71118916926
52, 74051.82111652012
505, 73951.73048453515
1393, 73914.17281753034
879, 73849.75716778517
878, 73849.75716778517
77, 73845.46627653584
23, 73668.87561420751
308, 73595.73630615797
678, 73454.91673637721
24, 73385.50209890753
1252, 73166.17446764254
1068, 73126.11067232535
407, 72996.69026258151
25, 72992.01489780557
324, 72979.14775304202
810, 72888.21989508218
1391, 72819.19958390019
1276, 72729.6774628476
294, 72688.697135329
615, 72502.00701563824
406, 72485.35919145534
394, 72476.38781683463
333, 72475.984346934
684, 72442.90559079338
321, 72168.86522273644
84, 72160.50947502299
1266, 72029.23850074424
243, 71985.45236486875
650, 71918.76389746908
329, 71900.35309610792
1092, 71861.24205156349
685, 71779.3493218932
975, 71752.89405646127
506, 71736.85010822682
976, 71708.86081057042
635, 71707.24254471019
634, 71707.24254471019
1186, 71623.0464834393
1212, 71493.89888168687
682, 71472.3443592797
1355, 71433.86183430765
392, 71432.82386324591
1359, 71415.65729250456
725, 71353.95763190195
171, 71196.05302887305
683, 71123.5385324317
341, 71034.88706178516
1341, 70899.1858340249
1261, 70893.80344554594
60, 70862.25207209951
1006, 70850.47730865974
843, 70717.470831475
681, 70690.6097631163
818, 70422.87779064028
95, 70382.47333578064
355, 70338.96956791136
1208, 70113.88220113363
603, 70084.02660807868
79, 70041.68922817524
529, 70017.02178278577
1209, 69970.21639943698
1239, 69962.38946786108
508, 69775.78075979739
1206, 69732.46123637141
842, 69690.3663516827
323, 69584.38928329822
859, 69512.70410400482
507, 69496.16399402566
376, 69453.22177551864
716, 69392.5740001661
724, 69385.46740585405
925, 69301.49150704057
372, 69282.42379964759
1047, 69226.3543658516
317, 69151.0155844602
675, 69120.44203095762
736, 69108.40561190573
884, 69100.48197702585
447, 69044.13692545371
319, 68972.81854941027
1131, 68932.98472441317
610, 68847.16830923606
988, 68827.9395603986
100, 68781.31145604882
1257, 68760.4733085159
957, 68754.30221328005
714, 68713.62753960292
841, 68693.77181287331
1210, 68657.89469954073
101, 68621.28375350515
543, 68618.8893870028
472, 68584.34595595267
404, 68393.66320073542
979, 68392.11382291342
561, 68306.62005018833
1353, 68256.74390183396
1289, 68148.26720611972
82, 68148.26720611972
779, 68105.70678632149
723, 67999.59635623099
737, 67913.35461065521
1207, 67903.57584157889
229, 67849.60347825837
230, 67826.41828945873
671, 67716.70008065205
75, 67675.21558613433
1205, 67574.55971933027
1095, 67419.29664450267
111, 67401.8661407695
143, 67395.55896522399
1014, 67276.10497850907
907, 67128.66905052953
197, 67123.22874802441
1254, 67069.74545022594
523, 66858.99704640055
991, 66806.93887052727
385, 66618.07774013857
998, 66285.50296056943
1244, 66156.11846107998
715, 66144.69398206152
616, 66143.9877308974
677, 66136.6079550632
1345, 66111.04395797534
57, 65895.76898898471
797, 65891.70797736372
1327, 65880.80047464668
894, 65857.67461744435
764, 65731.32952856352
1153, 65650.64003315932
1226, 65597.81727719304
489, 65568.41062017331
1365, 65498.37119028394
373, 65491.82547678739
1045, 65385.655890984315
649, 65119.358439313335
130, 65058.30379489021
585, 65044.57291198534
1053, 65037.51672545724
1033, 65012.17955918488
1335, 64972.60160875208
926, 64811.471352940345
1361, 64753.830249491926
375, 64494.790167622254
118, 64431.232442576795
652, 64353.952205631926
49, 64226.678793683466
1229, 64225.88771352815
9, 64205.30761483454
303, 64083.451527394
931, 64002.03371351301
648, 63996.558579813514
1243, 63831.860850768906
393, 63781.835437819456
602, 63561.01576427781
551, 63539.047553045304
1167, 63336.59863256245
448, 63232.386671348126
1402, 63113.179084795665
1042, 63096.09771604978
1203, 63093.26502903982
300, 63071.2377332323
1142, 62995.89032603035
1073, 62926.55231344245
1041, 62915.36341242305
1331, 62839.499175949575
935, 62830.80935629527
1366, 62056.342048246705
1202, 61827.27634444114
181, 61762.24214064127
946, 61750.655881379935
1320, 61716.09346319245
1377, 61699.63791603198
573, 61629.47635034715
541, 61611.365986248886
590, 61498.42877313817
1038, 61379.438730771086
994, 61058.05356877383
1069, 60926.62454780964
126, 60743.33516823367
651, 60721.24504416073
1259, 60620.659128910425
1260, 60477.31692865951
614, 60440.01239474309
639, 60275.59385677294
532, 60231.78716834576
789, 60195.11005698868
147, 60152.534729346444
1357, 59996.75438522817
928, 59969.29893951176
680, 59946.97094358298
888, 59763.34236367345
631, 59726.64730144829
997, 59510.653584270745
873, 59510.653584270745
128, 59473.18740636
50, 59416.7424532154
196, 59413.151891853035
1358, 59362.51383423601
1294, 59349.88714986543
837, 59300.47565716851
312, 59290.13229147475
182, 59119.116691912044
572, 58994.46788621935
199, 58983.30116898547
58, 58900.176509359815
1099, 58745.60423104943
97, 58632.45477866037
851, 58471.86404813409
989, 58449.70165152331
403, 58449.70165152331
1325, 58347.05122891145
453, 58331.41392466218
452, 58331.41392466218
127, 58311.7095092484
1143, 58188.732099989385
708, 58155.85946523233
1165, 58038.74571185762
628, 57928.023759759075
936, 57908.75382917406
718, 57711.36297248537
1231, 57600.01485690377
844, 57546.73434112255
293, 57457.60201183686
1238, 57438.36850277384
298, 57371.37160977363
849, 57347.08324103216
1089, 57297.22078300947
1164, 57266.2953926057
200, 57266.2953926057
549, 57256.230316549074
188, 57203.11180037081
1333, 57104.42173925703
144, 57059.87392259004
202, 56962.53662089775
245, 56856.08237581442
1258, 56818.96517345718
138, 56644.805268257915
402, 56590.59650745032
1161, 56565.22474773049
232, 56555.61749013488
1091, 56286.37836326699
1090, 56286.37836326699
591, 56260.744144684984
533, 56085.55634840769
357, 56042.93893527718
214, 55942.28636257803
679, 55891.871055628595
875, 55718.01267867434
567, 55636.06543341244
744, 55602.607000474505
1134, 55600.91221202649
1309, 55323.48505091535
1319, 55158.91169340951
493, 55148.850612486975
1048, 55112.73277849622
731, 55013.241131100054
457, 54994.84596440977
59, 54578.77467107425
763, 54554.04314758718
666, 54536.60162083159
405, 54484.50514205794
1163, 54428.604692848414
657, 54242.78403146482
732, 54167.38975134199
630, 54167.28309134661
726, 54153.21919227281
