69, 100000.0
1166, 69197.88869613672
68, 66608.35905223583
939, 58415.25851505272
374, 34912.644316448954
580, 28896.786972670452
1168, 26245.28591710712
254, 19791.644504827684
898, 18337.7051539047
923, 17739.479503943283
1160, 17098.366512798595
1157, 15798.17834750935
1253, 15742.944032524614
1187, 15665.633619012779
320, 15090.878242095576
487, 14757.018552076972
491, 14649.872659467692
28, 14505.07690348833
27, 14356.015079652903
672, 14057.162435140102
593, 13807.400975641607
318, 13672.21518959717
1385, 13660.552758065684
129, 13596.343191321852
533, 13419.649623846999
144, 13365.04488996845
298, 13348.069581709493
708, 13306.308325150645
128, 13239.211970056078
532, 13202.197282172508
1320, 13132.965046182502
1202, 13127.94140283543
1041, 13079.909676228352
1203, 13072.246740830218
1042, 13072.125147564773
1167, 13061.849472322767
551, 13053.27230069242
1243, 13040.98257181021
303, 13030.530952809757
1229, 13024.657509918334
1361, 13003.158115273996
130, 12990.949368122872
373, 12973.800750963448
1365, 12973.543909434587
764, 12964.442936360485
1345, 12949.7730521172
991, 12923.404446349352
523, 12921.458208207028
143, 12901.607132315521
111, 12901.376026132539
230, 12885.937270799966
229, 12885.100766320296
404, 12865.664920207173
1210, 12856.357519368523
841, 12855.100323171706
957, 12852.982763290702
675, 12840.267698467538
372, 12834.693324109367
724, 12831.163273063268
507, 12827.384863424653
842, 12820.790485311181
508, 12817.903892687375
529, 12809.796110909072
818, 12796.303955286718
681, 12787.503704240544
1006, 12782.286352531451
1341, 12780.702246626233
683, 12773.438858619525
725, 12766.035122664076
682, 12762.253046173946
1186, 12757.459906110686
635, 12754.792349970601
634, 12754.792349970601
976, 12754.741151254717
506, 12753.856055954688
975, 12753.349070751474
685, 12752.513673141546
1092, 12749.932276226395
1266, 12744.658367176611
84, 12740.557488467271
321, 12740.297050775653
684, 12731.794720204027
333, 12730.77353713113
1391, 12720.24236489942
25, 12714.983740323616
24, 12703.118647175785
308, 12696.840283511901
23, 12694.665925343956
77, 12689.436867057962
879, 12689.310173374872
878, 12689.310173374872
1393, 12687.410295885415
505, 12686.304358202713
400, 12681.432544128487
646, 12674.485016934661
1219, 12664.226804660253
1218, 12663.343183784495
1338, 12661.37820436559
1337, 12661.37820436559
914, 12659.896573709462
1139, 12655.219853402117
954, 12653.228053348028
1140, 12651.316643622276
521, 12646.871554515657
1141, 12643.527773997626
1138, 12643.527773997626
962, 12640.708182518807
964, 12639.593959189177
963, 12639.593959189177
1267, 12639.381673974132
965, 12639.22285384676
283, 12636.39774571257
1126, 12633.926460017328
1265, 12632.262241771097
912, 12630.750111005156
608, 12616.395115295461
550, 12613.113893716845
918, 12608.922259973624
805, 12608.701498203187
625, 12606.435273700079
388, 12604.826748469892
162, 12602.539320360725
1394, 12592.275753055737
1364, 12589.948138557718
785, 12586.860066520041
387, 12586.646236451441
804, 12585.57333992466
973, 12583.789774897588
687, 12572.957123454986
389, 12572.84891993093
882, 12568.4873591874
1230, 12567.005084043454
1336, 12559.903141036903
686, 12551.636859635726
688, 12547.09174995768
895, 12541.720204520501
284, 12539.61424345771
33, 12539.532105082251
443, 12528.994088539082
913, 12517.812177725866
524, 12511.649913786243
1352, 12510.672683233739
1268, 12476.289500181465
339, 12474.019324512346
1392, 12473.152974868997
1296, 12466.872562451872
34, 12466.853428564384
1118, 12464.951262807575
595, 12464.951262807575
626, 12460.849149002044
917, 12456.357942377312
933, 12450.466072732803
92, 12448.537709946315
1251, 12444.403970971991
1269, 12443.96700305213
163, 12438.624124234691
91, 12432.21750876635
1211, 12431.163381296637
1297, 12430.652733779309
953, 12420.258856360786
297, 12420.258856360786
881, 12398.207287031315
351, 12388.073896353933
1242, 12385.204407038162
1241, 12385.204407038162
117, 12381.69918748041
951, 12370.371478833029
1007, 12348.502070345887
383, 12348.07768417802
784, 12341.348641541279
1128, 12338.248784787836
1158, 12330.438704353173
32, 12328.232959472376
1351, 12320.322141655759
910, 12317.412914458373
316, 12296.76924145917
774, 12289.702346417846
773, 12289.702346417846
1093, 12288.45345624043
510, 12288.45345624043
660, 12287.190612823744
96, 12285.354241590905
1146, 12279.002355973558
1130, 12277.617070547745
821, 12270.704558610154
1380, 12270.63360724868
658, 12267.966524316349
1311, 12257.145240473901
1298, 12251.965421754745
511, 12249.374778826515
1196, 12247.11361667678
1197, 12244.723499483853
1386, 12237.640039272324
1387, 12234.590206707762
586, 12233.325384554393
1195, 12219.839005364944
1198, 12219.610818372166
1374, 12219.044579291027
1116, 12204.989618237132
1340, 12204.583466500888
282, 12195.437785136644
766, 12191.809726232475
1096, 12190.541823463378
599, 12181.179016472724
883, 12177.092581387853
587, 12172.276423332709
995, 12159.316461629145
758, 12159.168823826993
198, 12157.425529282606
1097, 12154.900271192975
747, 12146.384897988175
669, 12143.660036665779
327, 12141.69771250765
746, 12139.574582303661
990, 12134.696780244474
896, 12133.961238922408
887, 12124.013391231028
880, 12118.99347204623
707, 12115.350179063485
966, 12114.90024454349
1372, 12111.154234712754
806, 12109.510094554953
1127, 12095.74211962818
1129, 12094.010589188476
548, 12089.188416259489
547, 12088.645651386549
340, 12077.197741900007
522, 12074.04188902869
1237, 12068.681820950667
1024, 12068.681723747144
1023, 12068.681723747144
280, 12057.206508157427
839, 12055.639161408515
175, 12049.018388188988
1054, 12047.576065886404
1022, 12039.177752170666
1098, 12037.037442084047
431, 12035.987981377317
1064, 12035.32142534863
344, 12024.721083181828
664, 12022.992932234489
1049, 12020.834449536685
1156, 12017.499108025871
1050, 12009.18895773901
624, 12005.295498734953
1021, 12004.466421035118
1151, 11991.919354511632
755, 11967.972165180072
1275, 11964.7465804976
1154, 11957.493099734005
66, 11956.866483454389
559, 11955.40478824968
296, 11954.416546835177
265, 11953.692649234792
440, 11952.912501238128
377, 11949.86124861057
336, 11944.92781081589
996, 11941.145541068368
911, 11931.160600157078
738, 11922.36634273314
292, 11922.298549376688
950, 11918.283446602003
578, 11910.465009299845
767, 11902.308044920826
1055, 11901.189301235992
952, 11894.038126848216
1220, 11881.849471917896
886, 11881.68002382812
378, 11876.159269965203
1233, 11861.414377847052
941, 11858.848644511489
35, 11858.6723620462
959, 11857.674581176347
1215, 11857.379637475644
893, 11855.185107570709
301, 11846.759472188405
722, 11844.394102315227
760, 11843.870857336186
627, 11834.562957447491
721, 11833.097927154759
261, 11830.660571414839
542, 11827.95563634666
539, 11827.95563634666
1420, 11825.242825894498
823, 11821.362781474341
1339, 11813.73535289469
201, 11808.291608404237
1295, 11802.133723023551
982, 11797.616572340627
924, 11797.551672567344
916, 11792.222885197458
838, 11790.564816138542
822, 11788.456538790899
1107, 11785.913962454648
263, 11781.38179102539
1070, 11779.30932837402
1071, 11779.309310953633
439, 11774.45986278323
8, 11767.410229943593
115, 11764.036983169288
943, 11759.114604452716
1194, 11751.72970040719
262, 11751.727539795294
906, 11750.381675653742
937, 11749.794760335266
121, 11748.43222703952
1072, 11747.151846962883
436, 11742.466361540317
735, 11742.041505445206
803, 11737.528859492239
1349, 11736.230954427003
1293, 11736.208958263485
1292, 11735.59041244446
944, 11725.382157404574
1332, 11724.200631219008
1213, 11723.424235809596
848, 11717.331183942637
945, 11714.301548593872
1114, 11696.824262696142
76, 11688.210322152981
462, 11682.126740761534
1291, 11681.10400558995
499, 11678.11201572707
87, 11674.28747781994
974, 11666.858566384724
629, 11662.903052048996
1104, 11661.097020501351
1375, 11654.801883125541
52, 11648.012919926256
678, 11633.143395564
1252, 11625.877285678345
1068, 11624.865280050082
407, 11621.589757488686
324, 11621.145019501448
810, 11618.836931271702
1276, 11614.80093330875
294, 11613.7552953981
615, 11608.979220536536
406, 11608.552317490896
394, 11608.322194678436
243, 11595.655949470627
650, 11593.924182064891
329, 11593.445615404604
1212, 11582.827712448612
1355, 11581.25076842947
392, 11581.223485361485
1359, 11580.7721657029
171, 11574.98255616653
341, 11570.71453808378
1261, 11566.965013434721
60, 11566.12477539973
843, 11562.261094343012
95, 11553.270300853477
355, 11552.097478794578
1208, 11546.009910101464
603, 11545.200001467623
79, 11544.050504052282
1209, 11542.107317625327
1239, 11541.894319447645
1206, 11535.619363490885
323, 11531.56002775368
859, 11529.589623727456
376, 11527.95206308159
716, 11526.280007119312
925, 11523.764283873026
1047, 11521.68482190696
317, 11519.595998110772
736, 11518.412924655979
884, 11518.192789456314
447, 11516.626191653693
319, 11514.640223361544
1131, 11513.529500259261
610, 11511.132965394389
988, 11510.595295114856
100, 11509.290450271581
1257, 11508.706837380445
714, 11507.393754500592
101, 11504.800996121863
543, 11504.733691670881
472, 11503.76225777308
979, 11498.341374537617
561, 11495.92232546562
1353, 11494.508750709205
1289, 11491.428397670383
82, 11491.428397670383
779, 11490.217604813895
723, 11487.193405416621
737, 11484.729688920603
1207, 11484.450005101338
671, 11479.09225700664
75, 11477.89955943563
1205, 11475.00060521212
1095, 11470.514841753495
1014, 11466.36261303367
907, 11462.07196140729
197, 11461.913339771181
1254, 11460.352803779793
385, 11447.091280191004
998, 11437.230876560683
1244, 11433.372639357773
715, 11433.0313622718
616, 11433.010261624473
677, 11432.789753960165
57, 11425.571079777172
797, 11425.448984988156
1327, 11425.120988056678
894, 11424.425278851764
1153, 11418.178893880948
1226, 11416.579978171369
489, 11415.688932918953
1045, 11410.136485575593
649, 11401.999823454822
585, 11399.704885127328
1053, 11399.488127696492
1033, 11398.709481080987
1335, 11397.492193180004
926, 11392.523705663076
375, 11382.699194582998
118, 11380.717840079627
652, 11378.304358517513
49, 11374.31916004589
9, 11373.648708643708
931, 11367.253241636976
648, 11367.0805191805
393, 11360.287490022276
602, 11353.262270260133
448, 11342.732619430142
1402, 11338.890839057636
300, 11337.536335103221
1142, 11335.099260860254
1073, 11332.852329577048
1331, 11330.025576358441
935, 11329.743051708869
1366, 11304.30357719368
181, 11294.506495406025
946, 11294.118971738548
1377, 11292.411167899769
573, 11290.058768476161
541, 11289.450847839986
590, 11285.653225901517
1038, 11281.639731932926
994, 11270.735766936721
1069, 11266.24962678708
126, 11259.9669020408
651, 11259.207618832936
1259, 11255.744575652816
1260, 11250.793286708382
614, 11249.501588715304
639, 11243.792972308729
789, 11240.989326564888
147, 11239.503751759006
1357, 11234.053524713358
928, 11233.090566329573
680, 11232.306917027547
888, 11225.844036614919
631, 11224.548670580727
997, 11216.897640559862
873, 11216.897640559862
50, 11213.557000650362
196, 11213.429105887908
1358, 11211.624056327095
1294, 11211.17357504902
837, 11209.409229279201
312, 11209.039594854425
182, 11202.91292137965
572, 11198.429217046189
199, 11198.026793145067
58, 11195.027279328477
1099, 11189.43134242678
97, 11185.319888490912
851, 11179.462489751375
989, 11178.652092707913
403, 11178.652092707913
1325, 11174.89205407321
453, 11174.318327657908
452, 11174.318327657908
127, 11173.595026361589
1143, 11169.071879548812
1165, 11163.534379609777
628, 11159.43166984804
936, 11158.71634463372
718, 11151.366742686427
1231, 11147.202913063124
844, 11145.205908097516
293, 11141.858468032446
1238, 11141.13503887341
849, 11137.696198306003
1089, 11135.814083409745
1164, 11134.645442974414
200, 11134.645442974414
549, 11134.264874191165
188, 11132.254632808228
1333, 11128.511767092039
202, 11123.112420530366
245, 11119.047138969985
1258, 11117.626824057432
138, 11110.942495881602
402, 11108.855193708212
1161, 11107.877152452107
232, 11107.506623781022
