690, 100000.0
141, 99965.29626327536
502, 99745.58935775448
765, 99697.50631680782
515, 99697.50631680782
514, 99697.50631680782
123, 99510.81430430031
1060, 99454.29251261266
739, 99298.76348187483
740, 99190.83238694549
932, 98831.82423236832
133, 98049.22139623052
1162, 98021.7815067291
829, 98021.7815067291
481, 98001.46641064451
828, 97697.24428340806
654, 97583.00960070213
1080, 96848.98532437853
1314, 96588.3568572878
74, 96009.75331615903
1172, 95709.2798104187
6, 95331.3091103897
269, 95136.65998387912
516, 94830.65127626027
274, 93812.37637266517
271, 93812.37637266517
1029, 93647.72186722346
661, 93555.06421972673
1077, 93453.96510429558
1396, 93156.03735279599
1035, 92831.23082308154
353, 92690.95287906146
1245, 92255.11295748425
145, 91209.74938731824
1004, 91154.56790222377
1147, 91081.6288705665
464, 91081.6288705665
1373, 91043.73172265285
227, 90991.98068419138
1003, 90972.85211168166
369, 90624.16481092788
919, 89910.63856701613
362, 89750.87805154138
503, 89726.12945061704
5, 89673.53103779207
1199, 89506.78455736772
1334, 89443.47119580921
19, 88636.79974813673
1074, 88623.53668795586
256, 88170.37023972836
142, 88089.18457931797
93, 87981.4420341931
1302, 87622.59539805262
831, 87575.01471712423
920, 87538.62008727956
796, 86390.32611754654
852, 86234.40713866072
830, 85862.20314300255
273, 85809.29282993183
794, 85510.27999495975
1190, 84925.48298626894
745, 84909.0282665371
674, 84877.47435603647
1188, 84870.45945475528
139, 84761.7418250132
1404, 84695.38420271882
1228, 84660.79399367735
865, 84660.79399367735
45, 84483.71100885219
43, 84445.65329278573
1317, 84441.08592546229
815, 84385.50402578802
501, 83868.0086954856
701, 83860.39215173577
1344, 83087.64267493154
1039, 82258.63111257252
1061, 81978.51333078466
700, 81444.09204313467
866, 81213.63961087273
302, 81140.05515811563
673, 81044.41362759635
992, 81032.09774488029
399, 81002.65076058784
860, 80796.04505643607
562, 80767.10443311992
1085, 80726.7912317308
564, 80588.36139170008
546, 80374.99968012112
451, 80335.2320961181
1234, 80332.1572150159
1086, 80315.36745794787
1399, 80114.70738102123
840, 79340.21324540365
1075, 79275.12373608754
1076, 79010.2151808212
1288, 78976.67881551625
238, 78973.09120851872
1414, 78904.2547267635
1397, 78878.37376924993
134, 78818.62946812443
1109, 78801.32946717377
1081, 78764.14234056394
558, 78627.6540507573
1057, 78447.92616669345
1110, 78298.66548992199
1108, 78298.66548992199
607, 78025.60104084986
1101, 77043.4321810507
151, 76922.54679774193
401, 76796.85631235653
1395, 76760.32459889428
1313, 76727.79728207899
861, 76708.31427499712
1136, 76694.93873508334
418, 76646.76757012616
471, 76614.45631918198
124, 76551.19170242673
149, 76549.94847096232
423, 76455.17440376141
424, 76435.11163363507
1028, 76189.80160406671
659, 75874.52666654305
1382, 75652.38598451385
834, 75630.27195082117
1398, 75606.21348392457
1044, 75570.28622751075
264, 75396.43880867989
1056, 75361.6661322832
922, 74997.28992478446
270, 74899.76298682782
268, 74899.76298682782
1106, 74541.15278241996
1105, 74541.15278241996
1102, 74541.15099204058
409, 74250.65492309825
391, 74212.24681643328
155, 74106.3993550405
1400, 73937.5478216674
309, 73917.69489378361
1088, 73900.32274451863
1232, 73864.23912668297
437, 73775.73089115754
1018, 73712.78665983137
154, 73712.78665983137
571, 73325.97866626091
868, 73071.77008376548
709, 73031.25438074346
554, 72941.18801768072
555, 72720.82273717494
64, 72566.33849446641
855, 72555.02404097523
454, 72540.65006171828
1059, 72454.41459580699
645, 72411.3152858328
644, 72411.3152858328
63, 72411.3152858328
856, 72361.73300137349
854, 72361.73300137349
250, 72298.6831141626
61, 72104.72226103251
504, 72041.93523575664
500, 71917.98494418358
442, 71895.65594127015
233, 71703.55774022416
1113, 71703.30280610014
228, 71551.00372787987
1403, 71520.24449684352
398, 71373.16225040941
545, 71349.08034777107
1002, 71335.6105044712
600, 71274.43557717139
835, 71213.94171025233
397, 71198.7943676813
172, 71080.98317671413
556, 71058.8424782681
759, 70977.9344280681
1401, 70966.9674496216
366, 70874.1130619751
444, 70860.7038322181
1058, 70540.81585327472
1323, 70514.63631652456
699, 70440.21284705076
168, 70038.90329702703
26, 69699.70230214193
194, 69638.26652106481
619, 69636.83623522364
905, 69633.38373206618
899, 69633.38373206618
434, 69564.72221475464
390, 69515.8608882648
749, 69453.69545938856
192, 69444.22775444198
191, 69444.22775444198
72, 69331.26449436307
1264, 69279.34460614747
1263, 69279.34460614747
460, 69215.06742740516
553, 69200.58019701345
209, 69123.40044260026
419, 69054.24288793592
417, 68875.4023396383
167, 68874.85278842856
249, 68864.22393015231
267, 68858.25688133706
1043, 68607.70923383645
330, 68586.95277130768
180, 68351.16340529385
604, 68294.32437528437
1027, 68249.18258805746
410, 68195.3490472997
993, 67691.60810479063
620, 67567.5041097968
1170, 67498.75926002448
187, 67458.95981127014
305, 67233.5707724062
1173, 67199.4420850496
704, 67087.72267970565
702, 67087.72267970565
594, 66851.78817125128
782, 66653.75568731983
42, 66640.3762881298
216, 66508.30636275509
161, 66480.41862395861
160, 66475.5544462119
159, 66468.45667555956
647, 66419.6743192536
903, 66415.54615504725
1410, 66301.84569812777
122, 66209.31127740636
1300, 66207.37591370377
574, 66164.76688114497
210, 66124.35014156584
146, 66124.35014156584
1015, 66009.83862435525
1152, 65948.70916624661
1240, 65791.81207745765
968, 65499.23768695881
88, 65184.08848363064
170, 65102.03617645982
53, 65102.03617645982
218, 65089.073091792096
1016, 65007.0628680288
1409, 64949.02823150064
1065, 64949.02823150064
85, 64949.02823150064
1408, 64929.16638760543
1407, 64921.20874337643
601, 64918.72044935498
158, 64892.74849475359
157, 64892.74849475359
86, 64849.255334704205
1067, 64627.60959280402
169, 64599.65678925654
441, 64294.99606884677
1017, 64229.978075694984
285, 64051.06854949009
1036, 63953.27514458423
783, 63835.91597731797
802, 63762.69143792287
801, 63762.69143792287
346, 63742.73128235961
518, 63553.80304944614
696, 63424.920407095284
970, 63347.419072932156
705, 63295.11757055215
703, 63295.11757055215
459, 63219.93658332284
908, 62982.98216305736
304, 62149.20355647016
1191, 62077.75189423823
775, 62008.78795877308
575, 61878.21193477
421, 61768.43214866146
1189, 61750.520122993235
427, 61692.0383456008
1262, 61601.22816198753
565, 61477.53664159599
762, 61221.10459683932
772, 61114.031191813665
1066, 61059.672096486174
776, 60621.666089020044
915, 60484.40340022263
1287, 60448.607419218904
512, 60376.11872406274
108, 60274.92165928922
420, 60210.79541580243
969, 60177.734008370484
643, 60122.80871714975
177, 60101.45961575185
415, 60062.36701542058
1155, 59984.29638741812
1413, 59912.0209941525
1255, 59836.67970800595
1348, 59823.87642555982
972, 59742.45491385377
967, 59742.45491385377
361, 59733.015446513324
613, 59728.46076869552
272, 59562.52398916061
1346, 59551.72313357935
853, 59538.86845481057
1362, 59122.76985595255
1285, 58989.47316265558
1193, 58969.58268806486
156, 58922.469260068356
217, 58866.70196190206
1149, 58837.5717643158
1286, 58767.262158071
698, 58744.662094871244
583, 58716.12140102911
544, 58626.206938170086
461, 58334.511507371375
222, 58021.69387757826
1236, 57865.08882457077
135, 57807.17833459503
367, 57594.9068268487
612, 57490.00066839446
102, 57415.204665954545
136, 57413.81022648918
1379, 57372.204558594975
1419, 57345.02536374788
65, 57015.497058292174
62, 57015.497058292174
116, 56979.50690418045
112, 56937.53191177426
137, 56931.01715599492
347, 56930.47018526851
4, 56846.135549367784
858, 56831.549465392985
1299, 56805.99628866633
1084, 56731.1863943917
1082, 56731.1863943917
1290, 56506.34768251942
827, 56449.651621236604
750, 56438.82885052633
751, 56357.870115174024
1040, 56240.11528253916
15, 56166.15943578661
363, 56070.66503925581
1020, 56035.040065559486
1318, 55971.27443186235
364, 55964.56319584991
845, 55926.450713853934
799, 55916.834470003254
798, 55916.834470003254
633, 55769.35243341341
971, 55732.25264360213
239, 55658.93867662881
21, 55658.93867662881
846, 55636.86113725892
517, 55635.54586330487
692, 55625.94954266743
609, 55617.20534202764
1342, 55519.22932081766
540, 55268.94374927054
350, 55168.18302408376
425, 55148.64366017792
348, 55144.12474112097
1204, 55140.35820331399
416, 54907.496453987835
495, 54858.672613098366
3, 54823.55179141354
2, 54823.55179141354
1201, 54797.44456637281
433, 54774.890800781395
204, 54768.498609653536
396, 54732.4244612064
44, 54732.4244612064
488, 54644.37189642615
291, 54622.57210353968
509, 54610.95189289766
754, 54555.28031715523
930, 54507.43250114829
1148, 54464.67173563275
1308, 54429.06938480057
277, 54357.78453542473
1274, 54337.861989221936
712, 54328.86319216862
1144, 54309.57642667157
252, 54253.409994890666
1246, 53995.72905944043
811, 53987.157710386935
1200, 53928.72640869586
1169, 53755.97857525145
411, 53717.88239588654
426, 53676.917400200706
414, 53676.917400200706
1100, 53645.60203364994
352, 53626.41906487298
479, 53615.55346824282
422, 53521.70536953896
413, 53521.70536953896
219, 53501.763545046124
955, 53470.646431300636
412, 53277.9583636775
984, 53156.97639153813
480, 53140.795115668916
885, 52991.60896860155
1117, 52953.30209659502
1224, 52938.564058539196
636, 52867.15210638945
867, 52824.44696861416
781, 52789.24255455016
428, 52774.44133616753
153, 52762.98957047974
987, 52572.18055954149
985, 52572.18055954149
986, 52460.9289861549
231, 52414.804432391415
382, 52270.10093002895
30, 52183.67111035229
1103, 52161.0383501951
470, 52086.19676029307
220, 52005.48690420145
354, 51982.659664567145
179, 51932.188445651984
299, 51909.28432245203
1312, 51898.28632517751
812, 51881.379280268004
107, 51764.89834018392
41, 51727.13952311617
584, 51680.026617236115
189, 51671.30676369802
380, 51625.507680976356
978, 51555.30377865862
813, 51549.43342811933
435, 51547.44366407603
961, 51393.317796783325
279, 51374.4476887791
176, 51295.879539942645
46, 51259.74109985165
513, 51161.94081209609
450, 51152.75613367829
449, 51152.75613367829
11, 51146.2741034065
473, 51135.18372022035
1192, 51123.2589458914
278, 51115.91332422397
20, 51113.56859201303
478, 50951.59304459228
771, 50874.15432731209
246, 50809.5735185257
242, 50799.216387497094
662, 50759.46091889507
221, 50680.328948526585
663, 50653.65667128455
106, 50559.78154852113
1111, 50548.98596026019
622, 50541.611526806686
621, 50541.611526806686
581, 50396.43995405341
358, 50317.21557709362
795, 49752.977510762
1013, 49716.84518401455
1012, 49692.49517624392
618, 49677.1830015523
251, 49589.49330134654
1137, 49506.20222227912
55, 49382.48962085537
697, 49279.93243710435
56, 49265.03404715348
1310, 49255.53667733127
695, 49162.94646926653
791, 48929.421947809926
39, 48920.377301097215
557, 48781.59819154425
780, 48643.47349245696
656, 48573.750373338764
534, 48488.497724376524
836, 48475.43642044605
694, 48467.29532458543
691, 48453.73692511386
40, 48396.9414276191
29, 48207.28385070618
606, 48177.07663298574
1381, 48141.097086453214
1217, 48035.343387728215
1216, 48035.343387728215
131, 47742.904070144854
536, 47689.421149965965
535, 47689.421149965965
395, 47453.02954432781
847, 47318.08619008274
706, 47303.96856386697
1280, 47288.2109023107
693, 47268.29975765647
1112, 46920.52093787899
1306, 46812.53096473589
596, 46780.786112311034
605, 46698.63933063623
977, 46576.9792318193
1052, 46448.114604139606
598, 46209.855264523954
178, 46125.8863322078
381, 45571.11505214231
164, 45508.17302919354
1389, 45394.15984912375
173, 45385.65531067318
597, 45317.586919401045
215, 45307.36932145555
