705, 100000.0
703, 100000.0
459, 99812.47094522661
696, 99677.70610706745
518, 99361.03597537542
908, 99223.10483633837
1036, 98400.10150904291
285, 98169.48390701308
169, 96908.15962329028
1067, 96845.32253326738
775, 96826.60934876474
575, 96508.60489398894
158, 96255.9829995901
157, 96255.9829995901
421, 96241.82816182476
427, 96056.49504355912
1262, 95836.51978684045
218, 95827.24970007806
170, 95799.16586267008
53, 95799.16586267008
88, 95622.04310115319
1240, 94343.65311554608
1152, 94022.89103087617
210, 93668.17258579207
146, 93668.17258579207
915, 93160.34553917778
159, 92986.2630723842
160, 92972.37579461207
161, 92962.86280240258
216, 92908.38644318153
512, 92903.70660556732
108, 92664.31350781106
782, 92626.02905339019
643, 92305.28467308593
177, 92254.97266285309
594, 92246.29394276059
1413, 91809.3714803452
704, 91800.8112514738
702, 91800.8112514738
1255, 91632.56896076773
1348, 91602.54716257725
1173, 91592.44562667285
305, 91529.11895286501
613, 91379.02641179372
1170, 91042.17987485776
272, 90991.20286467977
620, 90917.41388334814
1362, 89968.91325721663
1285, 89660.60565823624
604, 89633.83200871767
1193, 89614.66223892424
180, 89536.11136343594
156, 89505.90292426232
217, 89377.28313675923
1149, 89310.14845343292
1286, 89148.25171173867
330, 89134.70720591118
1043, 89099.67545233759
698, 89096.2547384622
544, 88824.05743351873
249, 88670.7299864525
209, 88244.69449783016
461, 88156.18173206302
460, 88095.74784227615
1264, 87991.83966326322
1263, 87991.83966326322
192, 87727.2862064763
191, 87727.2862064763
749, 87712.1816557489
905, 87427.26771793581
899, 87427.26771793581
619, 87421.82589593776
194, 87419.57184148308
1236, 87088.51541829672
135, 86957.40828582145
612, 86241.67325176722
699, 86187.79751381539
102, 86073.46564961034
136, 86070.33179282464
1058, 86037.66173461621
1379, 85976.8623487966
1419, 85915.8392681534
444, 85566.5276903399
366, 85546.9834253692
1401, 85412.09253923054
759, 85396.21199599175
556, 85279.3877651074
172, 85247.52044143228
65, 85178.2644433974
62, 85178.2644433974
397, 85078.68523775628
835, 85057.06651890912
112, 85004.37268449692
137, 84989.85294236653
600, 84970.9288130036
1002, 84884.14669496528
545, 84865.08228339048
398, 84831.03744378114
4, 84800.82289370727
1299, 84711.53001297156
1403, 84624.19215244232
228, 84581.16932249535
1084, 84545.2749572985
1082, 84545.2749572985
500, 84074.03132447346
504, 83905.26889166661
750, 83897.60559586114
61, 83820.26103405705
751, 83718.83179385649
250, 83559.6662635967
645, 83409.71884663112
644, 83409.71884663112
63, 83409.71884663112
15, 83296.48728441472
64, 83204.97021784176
363, 83086.62940444265
1020, 83008.42837127509
1318, 82868.57470428407
364, 82853.86422457482
845, 82770.35692272903
799, 82749.29564254635
798, 82749.29564254635
868, 82550.26577369068
633, 82426.71874212606
239, 82185.75194284486
21, 82185.75194284486
692, 82113.84489201025
609, 82094.79179811207
309, 81496.62679461432
350, 81120.21784892556
425, 81077.97833378302
348, 81068.21149584313
416, 80557.83093377294
3, 80377.26522915876
2, 80377.26522915876
270, 80335.2885347119
268, 80335.2885347119
396, 80181.54107863428
44, 80181.54107863428
291, 79946.00160710255
754, 79801.935012881
1148, 79608.208561773
1044, 79577.96489917919
1398, 79538.16482395073
1308, 79532.17005851485
834, 79511.55631008478
1382, 79487.12893843674
712, 79318.39855866338
1144, 79277.29540644363
659, 79243.36514650386
1028, 78902.36892770085
424, 78640.99359875469
423, 78619.76741809142
1246, 78610.31812072969
811, 78592.1521736861
471, 78452.04740060892
418, 78418.19649154386
1136, 78367.83700303012
1313, 78333.55906898309
411, 78022.79098771028
426, 77936.40003060705
414, 77936.40003060705
1100, 77870.39932898132
352, 77829.98622073255
479, 77807.10125973688
422, 77609.61381062394
413, 77609.61381062394
219, 77567.6897608121
955, 77502.29977820232
412, 77098.14258022683
984, 76845.05394102765
480, 76811.24238534007
1057, 76618.38715808623
558, 76447.7175444873
1117, 76420.13448024441
134, 76268.04554063626
636, 76240.83801492033
1414, 76188.0433217285
238, 76123.97440513963
1076, 76089.51257684173
428, 76048.17556024759
1075, 75845.43378070978
840, 75785.94996164883
987, 75628.8912914506
985, 75628.8912914506
986, 75398.87067191444
382, 75005.31174090046
546, 74865.27673863122
1103, 74780.94464480065
470, 74627.2133442072
399, 74328.81873314189
179, 74311.46727099309
1312, 74242.06988232418
812, 74207.47587235327
41, 73892.32873271745
189, 73778.44805217253
813, 73530.23146226603
435, 73526.18310805596
961, 73213.00456670116
176, 73015.4244607024
46, 72942.2256309469
513, 72744.34720573021
11, 72712.68037928297
473, 72690.26742268335
1192, 72666.17436027812
20, 72646.59640319987
701, 72075.051818147
246, 72034.05153346217
242, 72013.23602244562
662, 71933.36780745901
663, 71721.06814821587
43, 71648.26974263659
45, 71620.8957658321
745, 71318.04732351085
358, 71048.42789192105
830, 70659.19990669342
795, 69928.63874915626
251, 69606.10920935865
920, 69562.90662321764
1302, 69509.96946441455
93, 69285.79147446589
142, 69219.11942318716
55, 69198.95184895027
697, 68997.73822982913
19, 68884.70294242434
695, 68768.62458299845
1334, 68405.24977125028
1199, 68368.2639933963
791, 68312.5714181787
39, 68294.93991309375
5, 68271.29583502871
503, 68240.83989953465
919, 68134.49926557789
369, 67730.3838130556
656, 67621.27817890028
1003, 67536.91762479433
1373, 67497.90627281924
1147, 67477.09146795787
464, 67477.09146795787
1004, 67437.11484501832
694, 67415.14084092605
145, 67406.9447061194
691, 67388.91340441027
40, 67279.10454734768
606, 66854.95997330791
1381, 66785.69723311788
353, 66620.17696883238
1035, 66547.90030868644
661, 66180.83460878405
1029, 66134.54565494841
516, 65557.0342683673
269, 65411.58513995203
6, 65319.88519217642
706, 65185.35783494442
1280, 65155.44044702274
1172, 65143.61219901836
693, 65117.64519332542
74, 65005.14199575754
133, 64102.36768656856
932, 63772.22166026643
141, 63309.02871448413
690, 63295.11757055215
502, 63193.09848305905
765, 63173.79567236813
515, 63173.79567236813
514, 63173.79567236813
123, 63098.78395259584
1060, 63076.05352475362
739, 63013.45819664972
740, 62969.97734327695
1162, 62496.79279442074
829, 62496.79279442074
481, 62488.533902525014
828, 62364.70696497792
654, 62318.13819000933
1080, 62017.964160010495
1314, 61910.9879428077
164, 61823.54253004637
1389, 61613.31280458358
653, 61212.39639253844
274, 60758.57843722622
271, 60758.57843722622
1077, 60608.03508098443
1396, 60482.58735713188
1245, 60101.51915883121
227, 59562.857281187295
362, 59028.534859363324
1074, 58538.78606610587
256, 58340.72389665963
831, 58079.46689514508
796, 57556.020448047806
852, 57486.771693769355
273, 57297.53963588878
794, 57164.065762718084
1190, 56902.126623233315
674, 56880.56997281874
1188, 56877.41949528948
139, 56828.57111476011
1404, 56798.73538920167
1228, 56783.17682703446
865, 56783.17682703446
1317, 56684.25503208127
815, 56659.20290354595
501, 56425.43352628446
1344, 56071.126497919424
1039, 55692.35478781029
1061, 55563.81227694267
700, 55317.78630706703
866, 55211.375412361274
302, 55177.35721834054
673, 55133.112489190375
992, 55127.4126120004
860, 55018.058621048236
562, 55004.63752966707
1085, 54985.93733943916
564, 54921.6781662656
451, 54803.9934574236
1234, 54802.562436722015
1086, 54794.74802783467
1399, 54701.27496874596
1288, 54168.32687092164
1397, 54122.06334127644
1109, 54085.78006667993
1081, 54068.25918268219
1110, 53848.507990236074
1108, 53848.507990236074
607, 53719.21439662388
1101, 53251.82637701571
151, 53194.04577725507
401, 53133.909007459886
1395, 53116.41898556414
861, 53091.50953326278
124, 53016.195168669066
149, 53015.598865163796
264, 52459.75169012338
1056, 52442.91526627023
922, 52266.20501552063
1106, 52044.258894769744
1105, 52044.258894769744
1102, 52044.258022002345
409, 51902.48133653126
391, 51883.71125388947
155, 51831.953220976255
1400, 51749.29495966667
1088, 51731.05684185565
1232, 51713.37271079349
437, 51669.97397891238
1018, 51639.091196813
154, 51639.091196813
571, 51448.96150423206
709, 51303.69197548347
554, 51259.22867268293
555, 51150.30260424931
855, 51068.21950220115
454, 51061.09804372109
1059, 51018.3559071051
856, 50972.38520878448
854, 50972.38520878448
442, 50740.67917101305
233, 50644.921819924595
1113, 50644.794639923144
1323, 50048.898019383436
168, 49808.768796883
26, 49636.97874798415
434, 49568.483459690586
390, 49543.67006982725
72, 49449.835425611374
553, 49383.31888186299
419, 49308.74972619083
417, 49217.49508262746
167, 49217.214461818185
267, 49208.73938669141
1027, 48896.89330070862
410, 48869.2545940842
993, 48610.02818136102
187, 48489.93926867757
42, 48065.54314144277
647, 47950.62194893679
903, 47948.47035914343
1410, 47889.18069267635
122, 47840.88646255509
1300, 47839.87598560902
574, 47817.62513796969
1015, 47736.65308581254
968, 47469.04504859943
1016, 47210.00486422006
1409, 47179.3894296562
1065, 47179.3894296562
85, 47179.3894296562
1408, 47168.90812803162
1407, 47164.70830422916
601, 47163.39499389963
86, 47126.72050328167
441, 46833.32530058686
1017, 46798.81819810755
783, 46589.270644436314
802, 46550.255529149144
801, 46550.255529149144
346, 46539.61626772751
970, 46328.533884483004
304, 45684.38422938792
1191, 45645.76451575534
1189, 45468.594234380245
565, 45320.415901387554
762, 45180.90649084567
772, 45122.56356206269
1066, 45092.92350882606
776, 44853.59009588478
1287, 44758.779987523616
420, 44628.264711119446
969, 44610.09891944178
415, 44546.66935579096
1155, 44503.70986602644
972, 44370.44974805889
967, 44370.44974805889
361, 44365.242758852866
1346, 44265.15626355212
853, 44258.053609997594
583, 43801.81418785282
222, 43414.1969936146
367, 43174.81087298505
116, 42828.06320458908
347, 42800.35338259057
858, 42744.418881002166
1290, 42560.19361352269
827, 42528.02197617847
1040, 42408.98416400439
971, 42119.55975274656
846, 42065.05357115864
517, 42064.30171220446
1342, 41997.7765894351
540, 41854.39987021313
1204, 41780.61668997981
495, 41618.69201795048
1201, 41583.442460374434
433, 41570.45325944148
204, 41566.771389455076
488, 41495.23393341797
509, 41475.95975085967
930, 41416.2214098863
277, 41329.767074717114
1274, 41318.24885355631
252, 41269.40044830147
1200, 41081.25876216135
1169, 40980.93788777859
885, 40535.19574165301
1224, 40504.150413411786
867, 40437.31211583715
781, 40416.67924598853
153, 40401.28849919049
231, 40196.82591651555
30, 40060.74889710395
220, 39955.6537370663
354, 39942.177901053765
299, 39898.842916654794
107, 39813.48670352191
584, 39763.262027653
380, 39730.979198842506
978, 39689.38553174775
279, 39582.11363062362
450, 39450.38409453283
449, 39450.38409453283
278, 39428.466711333895
478, 39330.62635527283
771, 39284.4675123267
221, 39168.793691638784
106, 39096.75030980612
1111, 39090.29468501349
622, 39085.88450804813
621, 39085.88450804813
581, 38999.0072442861
1013, 38590.796993143435
1012, 38576.12439311707
618, 38566.89607852181
1137, 38463.76319044405
56, 38318.02395890889
1310, 38312.27815780233
557, 38024.924168755744
780, 37940.94583545284
534, 37846.597230932595
836, 37838.63951503493
29, 37675.056953928324
1217, 37569.957815837166
1216, 37569.957815837166
131, 37390.826382553976
536, 37358.014354311956
535, 37358.014354311956
395, 37212.79578977859
847, 37129.75818636953
1112, 36884.52191599119
1306, 36817.75521003056
596, 36798.115884748375
605, 36747.26840224548
977, 36671.89276324115
1052, 36591.96211445629
598, 36443.92925509102
178, 36391.68162239464
381, 36045.4772924232
173, 35929.34807428731
597, 35886.67610636458
