720, 100000.0
325, 99920.27258438768
940, 99805.78438045435
832, 99805.78438045435
235, 99776.85043524952
1235, 99674.92781565829
288, 99293.82427163946
384, 98872.3798282051
1347, 98793.08601571676
289, 98380.99459915931
13, 98262.46694977868
22, 98262.44259098142
295, 98261.12696361168
1417, 97952.70519806104
281, 97950.27700037863
89, 97889.0544952979
185, 97877.13283099401
526, 97223.8733835406
876, 96975.42151169156
1119, 96636.73801023813
589, 96566.67313873452
824, 96480.6487901936
248, 96476.75297133588
929, 95185.1407904877
465, 94990.52193373683
73, 94844.76888252373
356, 94762.27306609352
1283, 94402.44316748518
12, 94381.17660712148
307, 94274.09411894534
1174, 94169.23483421288
150, 94169.23483421288
152, 94072.87346087207
981, 93723.48367958526
777, 92984.91611598388
165, 92672.21509809542
485, 92632.18804013522
1222, 92445.01542096019
484, 92334.40030867384
1406, 92243.98802549874
483, 92243.98802549874
1271, 92117.78017250473
1248, 92101.89884737067
379, 90885.30166342622
809, 90621.4446636104
807, 90621.4446636104
1316, 90452.00300726647
637, 90452.00300726647
125, 90174.99906049225
343, 89921.35632049985
258, 89706.62612719228
808, 89704.15382224217
552, 88795.51259687684
475, 87711.75930293581
438, 87441.93229592075
891, 87344.3043133433
1273, 86844.1627218134
530, 86823.80096623675
1026, 86309.74545894572
1371, 86229.9303184639
711, 84934.04154851193
224, 84773.93187465075
742, 84654.45615163843
1009, 84488.68148473406
1032, 83823.48616363246
205, 83569.13019055992
67, 83457.17836214362
909, 83292.68954235062
1390, 83211.38247693327
1281, 82794.45436480807
817, 82412.50090130107
310, 82406.8324949653
94, 82161.82307579328
477, 82057.45529602739
1063, 82016.75788319524
266, 81865.61274283484
463, 81849.66572923094
80, 81836.32083564824
184, 81622.92199690276
183, 81622.92199690276
47, 81539.11996462617
748, 81373.62843661389
37, 81232.99295519947
1037, 81122.42820055163
98, 80749.13197165472
1278, 80647.9299871131
456, 80635.69142331104
743, 80635.49901169982
1418, 80574.50087675486
359, 80495.97112629339
236, 80371.05713116493
934, 80230.2307714269
999, 79952.93007148521
1307, 79861.6339345711
1094, 79728.46667857387
455, 79611.28796506068
259, 79587.33967654798
890, 79576.45279506317
1326, 79179.05049372694
710, 78733.58993335634
768, 78580.51726396939
331, 78541.64090242652
195, 78370.30173472514
793, 78342.09700698944
833, 78303.09048694439
1315, 77992.9677142369
365, 77992.9677142369
113, 77851.50858561337
257, 77797.41175353702
1384, 77564.32749012913
816, 76909.20522723156
527, 76831.26842043435
260, 76239.13063418302
825, 76233.42493756671
1001, 76190.48633054951
240, 76188.2864392794
368, 76102.49579901178
786, 75717.9095132742
276, 75677.1110005288
223, 75665.54127658004
640, 75649.05299679335
17, 75616.68663980653
10, 75616.68663980653
792, 75552.27390759885
429, 75400.5192270972
255, 75303.35407991019
338, 75221.67843988509
335, 75101.59760158029
577, 74976.77225715271
1412, 74876.3715176625
430, 74821.33373404796
306, 74696.16591708687
1221, 74485.01664751576
820, 74232.72445654245
642, 74089.60208203783
1223, 73630.03782544407
1062, 73523.00441989022
819, 73490.57637617178
1247, 73404.4945434151
1277, 73265.01529999933
1282, 72859.14899064453
1370, 72737.84063446242
1369, 72737.84063446242
713, 72056.3718088338
1356, 71818.78459170544
850, 71720.1886342531
345, 71335.48845200607
717, 71150.17865447518
960, 70918.6438360412
290, 70886.93206233873
1376, 70780.24049867973
611, 70767.30793875737
1135, 70664.57023692271
563, 70228.20414189043
90, 70045.28411126658
770, 69971.2279897261
313, 69963.30331158133
1383, 69834.2905167678
466, 69762.87833374222
862, 69658.0745825143
468, 69562.02062485334
719, 69554.9128057074
469, 69516.14812098206
467, 69481.76583714061
752, 69328.77610027477
1176, 69296.26385936316
1083, 69156.62116582398
872, 69020.55993601582
1051, 68747.97900035641
99, 68619.00168202004
1270, 68527.83487879483
1256, 68419.83729747173
623, 68006.15677909466
1121, 67931.4614873475
476, 67686.88982179148
519, 67561.11257645662
1272, 67439.03830901465
16, 67187.22369734172
1120, 67122.54069774762
190, 67021.19661264964
1175, 66622.9204141468
949, 66391.37606722128
104, 66127.6704149221
237, 66123.15891864152
83, 66095.65937395563
105, 66092.10267005017
103, 66092.10267005017
1010, 66011.10785119091
528, 65511.803151881795
408, 65473.35473043889
857, 65388.05332423059
826, 65162.38980782509
1031, 64936.22939645693
334, 64765.90990194675
531, 64585.43655156368
877, 64483.29906143756
576, 64460.107122484755
14, 64460.08730940429
81, 64387.97577893852
1227, 64207.579820832136
78, 64199.30359781368
18, 64169.045617011725
560, 64167.70067760024
525, 64046.16917413367
1343, 63999.42060445246
1011, 63497.960688780775
641, 63169.1675232365
114, 63154.563102928754
947, 63104.83424308941
140, 63053.20131507605
1019, 62761.634974875735
445, 62761.634974875735
54, 62649.172644312464
537, 62591.907006733585
432, 62399.05404780437
275, 62261.369084063364
244, 62183.03033167581
689, 61975.69133872511
569, 61938.70116763202
538, 61907.32129327134
814, 61707.42637026311
1132, 61701.72051298587
253, 61632.46142457264
617, 61568.97613399383
869, 61448.80595241843
570, 61403.365532627264
38, 61326.45397960855
871, 61296.948085043245
921, 61157.84634829033
655, 61016.84533007145
322, 60740.36200637789
769, 60657.728527896215
927, 60523.66923627229
474, 60427.96696801742
1133, 60411.38987171417
1330, 60270.27487868176
186, 60199.682030520606
36, 60199.682030520606
1378, 60111.00314989148
349, 60074.84770235955
226, 59996.200883912396
800, 59768.07134358978
1363, 59359.96378760972
790, 59335.90439662133
215, 59282.42577677708
597, 59264.94192902442
173, 59148.929411500925
381, 58836.869607835506
1030, 58637.86985486228
568, 58415.50144774414
1225, 58292.11477373825
178, 57937.192652971484
48, 57887.902333025806
598, 57805.256420591235
1123, 57709.39748521274
1052, 57436.69994452635
1415, 57366.7001069323
977, 57240.86509323457
605, 57058.182678596626
1046, 56950.12685309367
596, 56936.02412460147
1306, 56889.071523416635
870, 56849.93633674962
1112, 56730.39847500347
1183, 56729.952972584906
730, 56676.10161232165
332, 56624.25560815391
1078, 56552.94907475927
864, 56336.77149335844
847, 56159.892073711235
395, 55970.98440194545
536, 55645.64238052356
535, 55645.64238052356
131, 55573.001810286696
498, 55508.645372112296
492, 55412.695205528864
579, 55204.06529124877
1217, 55181.95659078257
1216, 55181.95659078257
1184, 55108.79824511292
1122, 55030.60156591285
1304, 54971.01289989553
29, 54956.780173499734
1008, 54801.80427469437
761, 54672.6246772721
836, 54612.38268331073
534, 54595.81443661174
780, 54400.66645733582
110, 54348.7264855591
557, 54228.94438852055
446, 54200.71658238662
494, 54054.98445400211
956, 54028.28252294757
360, 54008.59728237244
1310, 53655.0229705203
56, 53643.75776589766
1328, 53466.22065570467
1279, 53466.22065570467
897, 53385.04018823158
1137, 53360.708275945246
889, 53340.9615684945
618, 53163.48157071966
1012, 53145.95597666332
1013, 53118.13209256716
166, 53023.964236338106
1034, 52960.255972389445
904, 52560.46841291533
902, 52560.46841291533
901, 52560.46841291533
900, 52560.46841291533
756, 52485.8977439588
1079, 52459.05906237602
193, 52459.05906237602
1171, 52407.12546173092
581, 52363.70073087795
622, 52207.889375208615
621, 52207.889375208615
51, 52204.89373647296
1111, 52200.02301266166
106, 52188.5156893492
221, 52060.69588513396
286, 51872.590478805025
771, 51857.74189970945
315, 51783.132090074454
478, 51777.52643915858
278, 51608.93192334441
497, 51581.034131180015
450, 51571.42930281452
449, 51571.42930281452
212, 51399.19868832775
211, 51374.24303649498
279, 51348.03815042262
582, 51245.35025200669
978, 51168.630783590896
380, 51099.66313795602
584, 51046.36118328782
670, 50984.93426139923
107, 50963.82740065629
757, 50845.57739362861
299, 50824.646057230275
354, 50754.50124951204
220, 50732.75878455732
241, 50584.26164409336
30, 50564.3292914609
983, 50526.833826378555
741, 50471.71001150671
1388, 50403.02881118175
231, 50349.19445495455
958, 50283.459423783584
370, 50188.66185788653
729, 50117.55246322849
1321, 50086.841533665494
728, 50082.03208145945
153, 50032.042331760065
781, 50008.4595214599
867, 49976.90732590347
486, 49880.96274700208
1224, 49875.18939726561
885, 49828.19736923656
326, 49712.20403174554
1405, 49573.82091546151
676, 49539.96409416771
311, 49489.32190896564
496, 49285.29938543794
1169, 49170.76411896437
667, 49060.60735545279
1200, 49027.113020655226
1329, 48975.51437269204
1301, 48918.25670663242
70, 48849.01058104366
252, 48761.817853662884
1274, 48693.79828656935
109, 48691.90522687802
277, 48677.81061428549
1368, 48659.66497378974
592, 48617.4214260428
930, 48558.425829726344
509, 48476.563770280634
488, 48450.26053009085
120, 48393.14441547472
204, 48353.09563591948
433, 48348.114352871205
1201, 48330.556210354625
495, 48283.0269466898
1125, 48142.03826898218
665, 48095.06032379754
1204, 48066.90919599175
1350, 48063.47193044249
892, 48017.914850650406
1411, 48013.40261700156
148, 48001.81631726492
540, 47969.62239968526
213, 47946.37262766824
1342, 47782.66275756891
71, 47760.47793812464
517, 47696.83937030889
846, 47695.872714984725
753, 47676.494673665205
971, 47625.99071722518
778, 47537.66805978472
208, 47412.001019678275
119, 47366.61152772546
1040, 47261.28463108474
734, 47168.37461886558
827, 47114.320842169
1290, 47074.89901787061
1, 47072.71164492415
1025, 46977.33544665445
858, 46851.55230483463
1115, 46823.077551450086
1145, 46791.49169150853
347, 46784.53617966294
116, 46751.47216647271
490, 46632.3816477533
668, 46623.625668337096
458, 46609.77020750511
0, 46562.446357071516
1360, 46353.80031895774
367, 46345.165081691404
1284, 46344.497330745435
980, 46283.201068244074
1324, 46273.023605519404
222, 46072.46664501964
7, 46056.85855138235
1185, 45905.47345076874
583, 45643.81688863936
942, 45562.41298117442
174, 45512.40251757031
1150, 45473.752251695565
632, 45216.92084063583
520, 45215.67284053374
853, 45158.716144980135
1346, 45151.32386521641
361, 45047.66334705489
972, 45042.296208890264
967, 45042.296208890264
1155, 44905.79607761614
1249, 44889.735147029285
415, 44862.14147282414
314, 44837.21696831867
1367, 44818.517229351826
337, 44809.56299804956
969, 44797.993658483545
420, 44779.689457145214
1305, 44708.45778567883
1287, 44649.0523874265
588, 44626.17223040955
1303, 44597.65208426592
776, 44555.1040927012
1124, 44418.496019325146
1066, 44321.43086012166
772, 44292.833624163664
762, 44236.760300388516
733, 44114.6835217314
565, 44103.83295703623
1189, 43964.40277214179
1191, 43800.020735730985
482, 43777.00825656157
304, 43764.520006514205
638, 43684.42607315611
225, 43684.42607315611
206, 43678.359759845975
938, 43525.12759712228
1322, 43195.01402801049
970, 43189.254513631764
1354, 43067.52591204821
1416, 43064.87478192045
346, 43007.41023828335
802, 42998.328656896236
801, 42998.328656896236
783, 42965.09391931126
863, 42891.36960002184
566, 42848.542526545796
1000, 42834.5523918978
371, 42824.812878087105
1017, 42788.407290696836
441, 42759.601593991254
328, 42758.82842809334
132, 42757.86061195396
1214, 42698.85368444084
788, 42676.08919174196
787, 42601.56848273595
203, 42591.3783024074
386, 42535.682564438684
287, 42533.47656260946
207, 42518.73422572922
86, 42517.92394060171
601, 42488.11604356607
1407, 42487.05025955013
1408, 42483.64275516703
1409, 42475.14383624819
1065, 42475.14383624819
85, 42475.14383624819
1016, 42450.35989894491
968, 42243.07887701547
1005, 42225.38565989866
247, 42096.26873530077
948, 42094.74242457526
1177, 42061.60399950477
1015, 42033.38458121287
