753, 100000.0
71, 99632.53080950347
778, 99391.19466336435
208, 98843.43384654587
213, 98833.16343010077
119, 98646.36243883045
148, 98598.41034637837
1411, 98549.5620731806
892, 98530.55779240771
1350, 98339.2928105423
665, 98207.32048586718
1125, 98012.0249604053
734, 97790.43149745409
1, 97380.1418909027
120, 96987.44955029128
1025, 96972.85260585486
1115, 96317.83054171737
1145, 96184.27048129057
592, 96098.97845019797
1368, 95934.35478027126
109, 95809.28444457399
490, 95514.36143888636
668, 95477.63478006927
458, 95419.54804358038
0, 95221.42301412622
70, 95206.78873316616
1301, 94944.84498212705
1329, 94729.89268102494
667, 94413.15380487296
1360, 94352.90476235845
1284, 94314.36827868485
980, 94060.85587296827
1324, 94018.83045665186
496, 93592.02985360536
7, 93130.71166071016
311, 92865.02010190902
676, 92687.22602520772
1405, 92568.94276442776
1185, 92513.79885277478
326, 92090.26119874134
486, 91516.6965121752
942, 91130.95881642953
174, 90931.10942410411
728, 90847.51725694606
1321, 90831.69601719655
1150, 90776.9571118666
729, 90730.87015101443
370, 90498.74129762985
958, 90192.1374230117
1388, 89809.98946331978
632, 89759.20739163298
520, 89754.28972752411
741, 89592.75398492937
983, 89419.58317458887
241, 89240.28395560311
1249, 88479.04311459704
757, 88438.42326908275
314, 88275.24352416076
1367, 88202.789809262
337, 88168.11660312621
670, 88019.96178007955
1305, 87777.53830490784
588, 87460.91586185581
1303, 87351.43601430363
582, 87254.47061562908
211, 86883.31777488251
212, 86812.0351853586
1124, 86666.77068912453
497, 86298.21178405236
315, 85738.37604803647
733, 85517.64648526286
286, 85494.25400256355
51, 84606.63458687486
482, 84257.74789406327
1171, 84080.80019417762
1079, 83947.46585129356
193, 83947.46585129356
638, 83915.44823108459
225, 83915.44823108459
206, 83893.06618077164
756, 83878.82889759171
904, 83689.07648089045
902, 83689.07648089045
901, 83689.07648089045
900, 83689.07648089045
938, 83329.59862478338
1034, 82695.11714921784
166, 82540.26429189579
1322, 82127.94323030402
889, 81783.68387276665
897, 81680.28127109664
1354, 81668.28973428698
1416, 81658.75707307148
1328, 81490.96881365361
1279, 81490.96881365361
863, 81037.16374441165
566, 80884.4206650721
1000, 80834.58345856341
371, 80799.90533199022
328, 80565.3315982205
132, 80561.89578954289
1214, 80352.67692262663
788, 80272.09787881342
360, 80262.45372489814
956, 80219.0180633156
494, 80160.22554903243
787, 80008.84725948551
203, 79972.91243636052
446, 79841.87603147227
386, 79776.77240698662
287, 79769.01293339048
207, 79717.17576812395
110, 79522.85517870104
761, 78839.43983965364
1005, 78692.19997616413
1008, 78572.35916231947
247, 78244.94628979228
948, 78239.67332560585
1304, 78227.1192237034
1177, 78125.27050287389
1122, 78106.76214566606
1184, 77949.77409201808
1181, 77940.77538547237
1180, 77940.77538547237
1179, 77940.77538547237
1182, 77783.04796856531
1178, 77783.04796856531
234, 77773.5830873783
579, 77759.962992728
492, 77349.74831589499
498, 77163.56232356827
874, 76623.79383557933
31, 76360.57900198923
342, 76193.12418648892
1087, 75798.03892634067
864, 75618.36672856689
1250, 75279.04883413797
1078, 75232.35951815691
332, 75106.53827005069
726, 75083.26490201477
630, 75056.24558324055
732, 75056.04079779476
730, 75015.51725632627
1183, 74921.38441103125
657, 74911.76476265046
870, 74713.13614739312
1163, 74560.21886759589
1046, 74540.79343877464
405, 74455.57362861867
666, 74358.50583551385
763, 74326.1060959612
59, 74280.2481210073
1415, 73838.98826328175
457, 73523.20648331597
731, 73490.35391830903
1048, 73313.55400180306
1123, 73278.88389915066
493, 73249.73887450936
1319, 73231.997002335
48, 72993.0747239317
1309, 72943.90962862977
1134, 72467.1627857358
744, 72464.28403748128
567, 72407.53456895222
1225, 72360.37951442065
875, 72269.2036184449
568, 72171.14742564502
679, 71978.79520330898
214, 71895.35430776457
1030, 71834.58626584784
357, 71729.79097518204
591, 71376.12407583691
1091, 71334.90802549497
1090, 71334.90802549497
232, 70907.09802101784
1161, 70892.00204758525
402, 70852.19065905834
138, 70767.39929188743
1258, 70497.43809676064
245, 70440.38226746242
202, 70277.66420857504
1333, 70062.8894938718
188, 69914.89628490656
549, 69835.70984856985
1164, 69820.7420740253
200, 69820.7420740253
349, 69789.5399896888
1089, 69774.82589223802
849, 69701.02413311893
1238, 69566.6463529655
293, 69538.45375935103
844, 69408.345819674
1133, 69340.78727609494
1231, 69330.99511590172
927, 69193.45102028585
718, 69170.35781403282
769, 69019.06182599287
322, 68912.38775591554
936, 68888.91455855213
628, 68861.66408374245
1165, 68705.85303426997
655, 68559.92805625006
1143, 68496.84679545098
127, 68327.21978777573
453, 68300.18512802152
452, 68300.18512802152
1325, 68278.75878918076
871, 68209.7045434204
38, 68173.20545955727
989, 68138.72296937137
403, 68138.72296937137
851, 68108.62871336806
869, 68022.642934006
97, 67892.02974365231
617, 67875.98991225938
253, 67798.99870597644
1099, 67740.94901405947
1132, 67715.38439555337
58, 67536.57299621057
569, 67432.2396809653
199, 67427.61451947126
572, 67413.02749262766
689, 67388.45159842742
182, 67250.99897141216
244, 67145.01438330194
312, 67031.06100509554
837, 67017.84537609832
1294, 66954.84801042714
1358, 66938.78536771111
196, 66874.51354360464
50, 66869.96510166458
997, 66751.41414014541
873, 66751.41414014541
54, 66609.85448796728
1019, 66483.1920513182
445, 66483.1920513182
631, 66481.73888217959
888, 66436.33294575046
680, 66210.87107387891
928, 66183.6544924289
1357, 66150.24622306309
947, 66102.37324339687
114, 66047.89574276264
641, 66031.93006307825
147, 65961.90057285316
789, 65910.78038186308
639, 65814.55621219568
1011, 65676.44490100759
614, 65619.64332165354
1260, 65575.72744662757
1259, 65408.02667505957
651, 65291.328945864036
126, 65265.80780528281
1069, 65055.52611432843
78, 64942.641197838326
1227, 64934.17440686659
994, 64906.34544566404
81, 64750.70925558847
1038, 64547.07320295221
590, 64416.005999086745
541, 64292.56292136377
573, 64272.85384878386
1377, 64196.72160792061
946, 64141.583549124334
181, 64129.08748193236
1366, 63815.06270005208
408, 63688.963003131495
528, 63652.62384556428
105, 63114.19730211029
103, 63114.19730211029
83, 63110.954226953916
237, 63085.90259409045
104, 63081.796582585695
935, 63016.295300506485
1331, 63007.556518628524
1073, 62920.27926846882
1142, 62851.10751103783
300, 62776.28482664995
1402, 62734.78989352954
448, 62617.44935272806
602, 62298.48038625527
190, 62289.60266502157
1120, 62202.31759415349
393, 62087.79538736833
1272, 61932.9662616337
648, 61885.669679215185
931, 61880.55063832439
519, 61830.368076581886
476, 61725.39777223429
9, 61691.70894430938
49, 61671.99121707092
652, 61555.09539814095
118, 61484.55679774699
375, 61426.7909507593
926, 61142.24986144341
1256, 61128.23597300131
1270, 61042.28760285193
1335, 60999.537065957666
99, 60970.13146945738
1033, 60964.69264556055
1053, 60942.42893676446
585, 60936.234662791234
649, 60870.743816218564
872, 60656.57145643625
1045, 60639.88768692602
489, 60483.54157539712
1226, 60458.54062699055
1153, 60413.73979455652
467, 60304.788183643235
469, 60278.91228880096
468, 60244.46325040042
894, 60239.47308650186
1327, 60220.137582895106
797, 60211.02684663754
57, 60207.636270135634
862, 60172.60319485437
466, 60094.6174281911
1383, 60041.7281120508
677, 60007.97773730523
616, 60001.903595886695
715, 60001.322430631866
1244, 59991.924656688025
313, 59946.68686616435
770, 59940.87012071274
998, 59885.92334893559
385, 59617.033892043226
1135, 59441.25284907909
1254, 59259.89959034324
197, 59218.20930540713
907, 59213.975589964095
717, 59101.94165104347
1014, 59099.7287597248
1095, 58989.66759064782
345, 58974.683936844376
1205, 58871.31427726965
75, 58795.12895673683
671, 58763.85290098228
1356, 58648.403188321885
1207, 58623.84610621402
737, 58616.55940447863
723, 58552.46479213578
713, 58490.91165495971
779, 58474.01778976283
1289, 58442.68055696421
82, 58442.68055696421
1353, 58363.13703475565
561, 58326.72116094075
979, 58264.52874029126
472, 58125.735710058565
543, 58100.94731195834
101, 58099.230820284596
1370, 58049.4432292492
1369, 58049.4432292492
714, 58033.19906286917
1257, 57999.82632459837
100, 57985.008235048044
988, 57951.91067176999
610, 57938.28576383415
1131, 57877.64931925392
319, 57849.597684141394
447, 57799.52264915362
884, 57760.09507564393
736, 57754.559960194965
317, 57724.83434901875
1047, 57672.44058582323
925, 57620.3948462164
716, 57557.58060886158
376, 57515.92244718813
859, 57475.19380656628
323, 57426.278532627584
1206, 57325.81997477204
642, 57216.3367779284
1239, 57171.35804546406
1209, 57166.13250750934
820, 57131.27218766052
79, 57118.51278669784
603, 57090.38806676628
1208, 57070.592040792035
355, 56922.3244916792
95, 56893.86583361183
306, 56859.76574804859
430, 56787.45108553225
843, 56676.83504395451
60, 56584.17953699575
1261, 56564.0779300561
255, 56512.89848471229
341, 56474.58466165321
429, 56458.297909346846
792, 56373.51211529994
171, 56373.13025326155
17, 56337.70405680651
10, 56337.70405680651
640, 56319.75124193082
276, 56304.209835267306
786, 56281.64725105419
1359, 56236.2062532085
392, 56225.566240568056
1355, 56224.92318869725
1212, 56187.785318024056
368, 56071.02629315194
240, 56024.545914880975
825, 56000.163253515486
329, 55939.26021692388
650, 55928.121211798454
243, 55887.857716155035
527, 55681.88476659171
816, 55641.02129105883
394, 55595.48281671621
406, 55590.20505305356
615, 55580.41742997027
294, 55471.19953997008
1276, 55447.357396952124
810, 55355.562480306864
324, 55303.23225411099
1384, 55303.091479875286
407, 55293.162665892916
1068, 55219.13600428376
1252, 55196.313203356316
257, 55185.206667687184
1315, 55087.22968309555
365, 55087.22968309555
678, 55033.11577255513
833, 54933.56007398303
793, 54914.378381325405
195, 54900.52876316809
331, 54816.75750585041
768, 54797.83635655108
52, 54702.76030822994
1375, 54553.52253677741
1326, 54510.48941001861
1104, 54416.02007269173
629, 54376.726719324295
455, 54307.49814426406
974, 54290.90790111724
1094, 54253.10488815754
1307, 54191.61516460256
87, 54130.616236200825
499, 54048.54274457838
934, 54023.1974571002
1291, 53984.5461250921
462, 53962.71276309532
236, 53959.53334282688
1418, 53868.21714388223
456, 53840.90194777079
1278, 53835.44700036933
76, 53833.28303718486
98, 53790.445043130494
1114, 53651.30580730575
748, 53516.85257227491
184, 53409.57105811217
183, 53409.57105811217
463, 53312.930842241934
266, 53306.16735064995
945, 53286.645657927365
1063, 53242.27863375083
477, 53225.14223245806
848, 53224.04606288923
1213, 53098.690564928605
1332, 53082.769114919145
817, 53076.823925009
944, 53058.56204920227
1292, 52850.53279713804
1293, 52837.99172196503
1349, 52837.5458815859
803, 52811.25490416223
735, 52720.092948802114
436, 52711.53005205754
1072, 52617.32004621039
121, 52591.64732480344
937, 52564.360997083684
906, 52552.61800046543
262, 52525.7141861504
1194, 52525.671022632836
1032, 52507.59012622301
943, 52378.64496631416
115, 52281.20348995422
8, 52214.68397576113
439, 52076.33445075364
1071, 51981.68409392394
1070, 51981.683754674734
263, 51941.362472280205
1107, 51853.45255975473
822, 51804.294217700066
838, 51763.61930948855
916, 51731.68528991041
924, 51629.38087688844
982, 51628.13796485349
1295, 51541.80912793049
201, 51424.69336030664
530, 51395.07505655874
1273, 51387.942938379296
1339, 51321.70309046347
891, 51214.41428652828
438, 51180.90847204779
823, 51178.25001678836
1420, 51105.653887474415
475, 51088.918064303914
542, 51055.04726797617
539, 51055.04726797617
261, 51004.710290927214
