762, 100000.0
772, 99714.63649441465
1066, 99570.00453880783
565, 99323.28507949063
1189, 98618.9316082197
776, 98410.51255097169
1287, 97955.2641106986
1191, 97795.6306757138
304, 97618.82596980843
420, 97332.30734693598
969, 97245.94197471652
415, 96945.02940238739
1155, 96741.79961205227
972, 96114.30164428378
967, 96114.30164428378
361, 96089.8720860084
1346, 95621.59359469524
853, 95588.45548425482
970, 94802.24243112656
346, 93930.46481109069
802, 93887.15570033687
801, 93887.15570033687
783, 93728.84715024773
583, 93485.36730419123
1017, 92892.0625507407
441, 92756.40588740163
222, 91737.25811071055
86, 91626.61941485688
601, 91488.30130691415
1407, 91483.35987497476
1408, 91467.56314080789
1409, 91428.17601917748
1065, 91428.17601917748
85, 91428.17601917748
1016, 91313.42177944136
367, 90674.90325581383
968, 90359.67762188034
1015, 89405.61657031557
116, 89158.87824093632
574, 89122.96616580048
1300, 89045.77431417954
122, 89042.27368021631
347, 89038.87245275907
1410, 88875.45805977812
858, 88797.14184747785
903, 88671.97181304637
647, 88664.6143655874
42, 88274.35180311023
1290, 88005.77772682246
827, 87868.32987935664
1040, 87361.68314543038
187, 86877.88791589961
993, 86495.04037701745
971, 86142.32565374313
846, 85914.64596624808
517, 85911.50965033544
410, 85686.2794636181
1342, 85634.46762426199
1027, 85601.44094126449
540, 85040.46895914694
1204, 84736.42443498503
267, 84662.17775234782
167, 84637.10312354125
417, 84636.27327151592
419, 84367.77308366608
553, 84150.35907660058
495, 84073.02278127812
72, 83957.91605199121
1201, 83929.30348388704
433, 83876.4065291089
204, 83861.41867638286
390, 83688.8002630163
434, 83618.09367240165
488, 83570.74516203077
509, 83492.60333093736
26, 83423.89758967648
930, 83250.87749993274
168, 82943.10515696833
277, 82902.29249261698
1274, 82855.96158046958
252, 82659.76192730211
1323, 82285.67561147547
1200, 81908.4230786408
1169, 81510.58326866069
1113, 80724.07875832843
233, 80723.75564671887
442, 80481.66486456852
856, 79905.5355986752
854, 79905.5355986752
1059, 79792.82613075523
885, 79765.96208939557
454, 79688.49855625453
855, 79671.15952368491
1224, 79645.83384628683
555, 79472.19703971184
867, 79387.80963731256
781, 79308.32387898848
153, 79249.08363068229
554, 79210.67368366673
709, 79104.73191882695
571, 78761.83185430555
231, 78466.18835787335
1018, 78320.37798694137
154, 78320.37798694137
437, 78249.4437962849
1232, 78150.12147745339
1088, 78109.7695276447
1400, 78068.22594990481
30, 77949.33311769813
155, 77880.86058820089
391, 77764.29774022549
409, 77722.1696084817
220, 77552.42207546176
354, 77501.67019214953
1102, 77406.40337928219
1106, 77406.40144861848
1105, 77406.40144861848
299, 77338.68264133026
107, 77018.61842716881
922, 76920.583883968
584, 76830.88720964278
380, 76710.45276793472
978, 76555.5515603465
1056, 76541.01488174919
264, 76505.1786906125
279, 76157.44286431503
450, 75671.28600992874
449, 75671.28600992874
278, 75590.68750492008
149, 75353.00772634918
124, 75351.80310827417
478, 75231.89154039265
861, 75200.18302421285
1395, 75150.26473081564
401, 75115.28241012791
771, 75063.18491082618
151, 74995.42403781903
1101, 74880.87533038073
221, 74641.98894396676
106, 74380.79850601555
1111, 74357.43629621141
622, 74341.48034350848
621, 74341.48034350848
581, 74027.82058301626
607, 73975.82208805383
1110, 73732.0299645774
1108, 73732.0299645774
1081, 73323.97621059777
1109, 73291.77799569187
1397, 73225.25601241221
1288, 73140.73995184724
1013, 72570.67569356832
1012, 72518.80565783642
618, 72486.19984095437
1399, 72191.04371627668
1137, 72122.73847009617
1086, 72028.88507894747
1234, 72015.38649162266
451, 72012.91551557822
564, 71810.72362659176
1085, 71701.16282439664
562, 71669.3900607657
860, 71646.61745831696
56, 71612.02214068807
1310, 71591.95619310484
992, 71462.01701998396
673, 71452.44116150371
302, 71378.26383344445
866, 71321.41680943001
700, 71144.62798382356
1061, 70741.77905318866
557, 70595.06113156826
1039, 70534.50889125666
780, 70306.15390823418
534, 69982.86889511702
836, 69955.66439773697
1344, 69936.17145957107
29, 69398.57993972265
501, 69392.69443827872
1217, 69042.80647782318
1216, 69042.80647782318
815, 69042.36898676028
1317, 69005.20611476885
1228, 68859.17227184515
865, 68859.17227184515
1404, 68836.3062579519
139, 68792.53489479856
1188, 68721.08939188751
674, 68716.49081374399
1190, 68685.05591464971
131, 68440.25234673788
536, 68330.3998852141
535, 68330.3998852141
794, 68307.24213285696
273, 68117.63115972125
852, 67852.10112306818
395, 67846.13261868145
796, 67755.88151421557
847, 67570.61880466228
831, 67044.55436437906
1112, 66762.80569135808
256, 66699.75911216931
1306, 66544.37963447162
596, 66480.25163234031
1074, 66442.74448848811
605, 66314.47633695131
977, 66069.41127438538
362, 65822.88658128872
1052, 65810.41745685
598, 65333.135100653424
227, 65170.9626377539
178, 65165.4131324338
1245, 64538.076733645146
1396, 64104.37556852323
381, 64063.599654005324
1077, 63964.053534193365
274, 63797.228364588686
271, 63797.228364588686
173, 63697.687874795316
597, 63563.69155220919
215, 63543.59164480253
790, 63482.26335993479
1363, 63454.747064982286
800, 62994.933787577844
226, 62743.47736003542
1378, 62618.41018059557
1314, 62574.22187199014
186, 62522.467868858126
36, 62522.467868858126
1080, 62465.31973007005
1330, 62446.50391239643
474, 62278.11544524984
654, 62163.72956846771
828, 62117.46034493006
481, 61995.09823567973
1162, 61986.97139987054
829, 61986.97139987054
740, 61528.39123640877
921, 61521.417209256746
739, 61486.935024791346
1060, 61427.45249339946
123, 61405.9100587288
765, 61335.03556736247
515, 61335.03556736247
514, 61335.03556736247
502, 61316.85102422373
570, 61274.95496114554
690, 61221.10459683932
141, 61208.095803559605
814, 60975.13080525301
932, 60781.277113231416
538, 60781.20110054821
133, 60484.37487334391
275, 60443.74146966734
432, 60314.54126230631
537, 60135.446581765376
140, 59715.71471163949
74, 59702.04517936779
1172, 59585.721483288864
6, 59439.00386962802
269, 59363.2755394186
516, 59243.98684527404
1343, 58891.10779726393
525, 58851.579603008075
1029, 58780.12604944445
560, 58749.335018569356
18, 58748.207669945186
661, 58743.607974004386
14, 58506.363033243724
576, 58506.34671113851
877, 58487.254202258286
1035, 58457.402892098784
531, 58403.48135003269
353, 58401.74544522351
334, 58256.68457637132
1031, 58119.565164327316
826, 57939.58268341598
145, 57810.22925433261
1004, 57788.05666226809
857, 57762.3327720703
1147, 57758.7337891189
464, 57758.7337891189
1373, 57743.49163345008
1003, 57714.97153690638
369, 57574.43202174759
919, 57285.61016368636
1010, 57284.700135412844
503, 57210.653497066545
5, 57189.26497097929
1199, 57121.39935396548
1334, 57095.606921417806
949, 57001.37486588115
1175, 56831.794508399136
19, 56765.827433709084
142, 56540.72140293578
93, 56496.31403588618
16, 56427.51242978299
1302, 56348.130036096256
920, 56313.3902617766
1121, 55913.0447315887
623, 55862.542812680425
830, 55614.86378905734
1051, 55371.74728217844
745, 55213.39478867075
1083, 55109.46803897665
45, 55033.23591736499
1176, 55021.113223816676
43, 55017.08433560109
752, 55000.63366403661
719, 54859.13694144298
701, 54768.06077665865
90, 54557.88846302998
563, 54447.42828813017
611, 54127.740956744994
1376, 54120.17752477395
290, 54057.96600960669
960, 54039.538558668384
850, 53583.22180970146
399, 53534.5905966754
546, 53259.71801973492
1282, 52964.63888297324
840, 52803.36925775918
1075, 52774.531152407755
1277, 52752.20251091051
1247, 52680.1286628627
1076, 52656.99910544289
238, 52640.5072990065
819, 52635.881449350316
1062, 52619.259097168724
1414, 52609.91396818302
134, 52571.834285816534
1223, 52564.572746602615
558, 52486.80343491204
1057, 52406.65496415674
1221, 52137.33132530468
1412, 51947.28098499849
577, 51899.06536690506
335, 51839.42414086352
338, 51782.365218160434
1313, 51633.36274281074
1136, 51618.48063154756
418, 51596.65567586453
471, 51582.01136194518
223, 51574.09789017924
423, 51509.76155773719
424, 51500.65417905547
1028, 51389.170853795054
1001, 51333.02771692102
260, 51310.97000731084
659, 51245.54773251545
1382, 51144.11892557173
834, 51134.01115819486
1398, 51123.01246475105
1044, 51106.58355345242
270, 50799.034332710944
268, 50799.034332710944
113, 50605.578059640466
309, 50345.377143179205
710, 50239.707851478895
868, 49951.51703073853
890, 49902.435195327824
259, 49898.154826854465
999, 49755.51456966759
64, 49714.809537694426
645, 49641.99968999327
644, 49641.99968999327
63, 49641.99968999327
250, 49589.038152176276
359, 49547.50317203347
61, 49497.712915263684
743, 49494.78724766831
504, 49468.1170296177
500, 49409.64316893728
1037, 49313.10170480348
37, 49272.334703144305
228, 49236.14840024424
1403, 49221.581391268875
47, 49160.38534859443
398, 49151.87189417042
545, 49140.44977552812
1002, 49134.05994176286
600, 49105.030283238935
835, 49076.30856571434
397, 49069.114425605425
80, 49052.98179464479
172, 49013.12820870563
556, 49002.60007703028
759, 48964.110136468014
1401, 48958.89078164708
94, 48936.77311708104
366, 48914.6798841522
444, 48908.292361567175
310, 48850.26601695064
1058, 48755.69051412519
1281, 48715.06684293424
699, 48707.609684861265
1390, 48571.872670455916
909, 48544.2121104856
67, 48488.51378600153
205, 48450.80335753607
194, 48322.81792797564
619, 48322.12922149416
905, 48320.466747976214
899, 48320.466747976214
749, 48233.872284521625
192, 48229.305859361346
191, 48229.305859361346
1264, 48149.71904586044
1263, 48149.71904586044
1009, 48146.99361129553
460, 48118.66203242276
742, 48093.32457693796
209, 48074.34056975326
224, 48054.84861113129
711, 48003.55254643481
249, 47948.83347658438
1043, 47824.33253414272
330, 47814.2459261826
180, 47699.53408685168
604, 47671.846045132996
1371, 47599.25469585255
1026, 47574.96925004004
620, 47316.55876451226
1170, 47282.83599999989
305, 47152.55489118403
1173, 47135.76594108592
704, 47080.77210140874
702, 47080.77210140874
594, 46964.45374946095
782, 46866.63281463751
552, 46852.00588082534
216, 46794.67608901981
161, 46780.868800612676
160, 46778.460182611474
159, 46774.94535839889
210, 46604.276232642784
146, 46604.276232642784
1152, 46516.95995446054
1240, 46438.845846119
1316, 46403.61198198148
637, 46403.61198198148
809, 46359.14289600827
807, 46359.14289600827
379, 46290.39328358404
88, 46135.24227500636
170, 46094.124178515754
53, 46094.124178515754
218, 46087.62534221291
158, 45989.1086587501
157, 45989.1086587501
1406, 45945.707551290005
483, 45945.707551290005
484, 45923.30982370162
1067, 45855.784665365965
485, 45850.001400128225
169, 45841.71019666893
981, 45587.26817582567
285, 45564.773865884046
1036, 45515.262299427864
12, 45433.27305728636
73, 45326.6220894113
518, 45312.56042430307
929, 45249.29416841886
696, 45247.006090560695
705, 45180.90649084567
703, 45180.90649084567
459, 45142.586522926526
908, 45021.63947189897
248, 44963.13432862175
824, 44962.28819131351
589, 44943.62996061099
526, 44802.67847671445
89, 44662.82186796589
1417, 44649.584055899446
295, 44585.79285837458
289, 44561.15732639991
775, 44521.649116228626
575, 44454.296042180016
421, 44397.60801325205
427, 44358.12637187889
1262, 44311.1583402348
1235, 44300.673052350896
235, 44280.569242111145
325, 44252.38004841418
720, 44236.760300388516
940, 44198.713215991156
832, 44198.713215991156
288, 44098.02308196935
384, 44014.70102486703
1347, 43998.980098778375
13, 43893.417362262866
22, 43893.41250178059
281, 43831.014214056064
185, 43816.36175087898
915, 43730.32957590864
512, 43673.69767704874
876, 43634.72939870174
108, 43620.7217115458
1119, 43566.0272454278
643, 43540.9991053156
