777, 100000.0
165, 99638.42856161576
1222, 99375.83605327758
1271, 98997.79459477954
1248, 98979.45265527436
152, 98771.52390632004
1174, 98665.51882394533
150, 98665.51882394533
307, 98550.66896610297
1283, 98410.8006349198
356, 98022.78578351736
465, 97779.75076498197
125, 96757.50358196198
343, 96465.5389195967
258, 96218.45963346306
808, 96215.61537588897
1119, 96094.7012402023
876, 95762.13102907746
185, 94898.79649493961
281, 94830.13711320123
22, 94539.36625980493
13, 94539.34371191573
1347, 94053.32234768536
384, 93981.56694880172
475, 93927.16376955173
438, 93617.8084937628
288, 93603.92533047569
891, 93505.91173199881
940, 93153.47047384645
832, 93153.47047384645
720, 92984.91611598388
1273, 92932.94878677856
325, 92915.97838510045
530, 92909.63213154428
235, 92791.94645152955
1235, 92703.78827004459
289, 91583.50088494859
295, 91479.61643012008
1417, 91212.23927604542
89, 91157.04475236221
526, 90579.9393782633
589, 90009.22792296838
824, 89934.48549553318
248, 89931.10039147285
1032, 89482.26961446609
929, 88807.78619230934
73, 88511.42485485696
12, 88107.54716426654
817, 87876.17254721018
981, 87534.11792691886
477, 87472.6050360593
1063, 87426.3604795409
266, 87254.64042953863
463, 87236.52503368257
184, 86979.00026113127
183, 86979.00026113127
748, 86695.97279957839
485, 86581.46574170972
484, 86321.2557139534
1406, 86242.230884994
483, 86242.230884994
98, 85987.46843909654
1278, 85872.71959430372
456, 85858.84404542438
1418, 85789.47296937481
236, 85558.87996439016
934, 85399.30466921961
379, 85053.45649026344
1307, 84981.80545799807
1094, 84831.03142611904
809, 84822.33189643286
807, 84822.33189643286
455, 84698.3865286476
1316, 84673.86466561086
637, 84673.86466561086
1326, 84209.31459116784
768, 83532.64067284712
331, 83488.71132792499
195, 83295.13486188602
793, 83263.27467465478
552, 83220.54991230137
833, 83219.21510876824
1315, 82869.01594394339
365, 82869.01594394339
257, 82648.27827297771
1384, 82385.27015461167
816, 81646.56776093128
527, 81558.73941195327
1026, 81033.27407380703
1371, 80962.91551469301
825, 80885.3835914142
240, 80834.56991119374
368, 80738.0030892115
786, 80305.27176041417
276, 80259.3814456267
640, 80227.823440165
17, 80191.421410257
10, 80191.421410257
792, 80118.9828389634
429, 79948.34900660258
255, 79839.11771109996
711, 79819.45078047493
224, 79678.02754600166
742, 79572.4749406593
1009, 79425.98921530857
430, 79297.4901264217
306, 79156.9121757614
820, 78636.65860525402
205, 78612.80772320509
67, 78513.73352894577
642, 78476.0690990347
909, 78368.13702266074
1390, 78296.15589830288
1281, 77926.91896178934
310, 77583.43984356314
94, 77366.23476039898
80, 77077.55442175428
1370, 76961.1440530956
1369, 76961.1440530956
47, 76813.85725580723
37, 76542.12370983676
1037, 76443.95186590737
713, 76198.65777025389
743, 76011.41756699137
1356, 75933.01951424185
359, 75887.4211269383
999, 75404.5939182937
345, 75392.97299008834
717, 75186.01381874838
259, 75079.33096247933
890, 75069.64239268788
1135, 74643.96271050429
710, 74319.09683544945
770, 73870.75941418216
313, 73861.92688609153
1383, 73718.15008614364
466, 73638.57831644909
113, 73532.6628577416
862, 73521.81602967753
468, 73414.81903800284
469, 73363.72624178478
467, 73325.43369989285
872, 72811.97797625567
99, 72365.23422681149
1270, 72263.84860244734
1256, 72143.76467863191
260, 72092.56288820828
1001, 72049.06460451541
223, 71579.46066896101
476, 71329.33566286412
519, 71189.6712070546
338, 71182.11641251555
335, 71074.57723827276
1272, 71054.1452845196
577, 70962.76954199161
1412, 70872.82482061346
1120, 70702.89450677551
190, 70590.45963075117
1221, 70522.1036076308
1223, 69755.2131339086
1062, 69659.14134854468
819, 69630.03145890484
104, 69599.93173086962
237, 69594.9340303469
83, 69564.47163227588
105, 69560.531819465
103, 69560.531819465
1247, 69552.7512825867
1277, 69427.51325769383
1282, 69062.9449044072
528, 68918.02344131412
408, 68875.47420376577
850, 68038.7455879907
81, 67675.4017319515
1227, 67476.14324679085
78, 67467.00301440252
960, 67316.9623976385
290, 67288.38921787043
1376, 67192.24765749341
611, 67180.59291206097
563, 66694.56364625704
1011, 66692.87783774288
90, 66529.56669038386
641, 66330.26012962007
114, 66314.15766355547
947, 66259.33066915983
719, 66087.03001658338
752, 65882.84761212488
1019, 65881.06482452745
445, 65881.06482452745
1176, 65853.48635238882
54, 65757.1563174809
1083, 65727.36181004507
1051, 65358.13322592456
244, 65243.80625739007
689, 65015.59107827153
569, 64974.88437827261
1132, 64714.15000258213
623, 64687.30646771398
253, 64637.96720348397
1121, 64619.72024443688
617, 64568.14273284223
869, 64435.9924327219
38, 64301.46864451881
871, 64269.03134229415
655, 63961.175803664446
16, 63945.91875042681
322, 63657.432040376225
769, 63566.676919550926
1175, 63434.542144331215
927, 63419.466814436295
1133, 63296.19718955686
949, 63224.59464350767
349, 62926.844254017444
1010, 62879.64360188769
857, 62314.047175923224
826, 62109.06933230429
1031, 61903.57338762127
334, 61748.77199421956
531, 61584.7004865867
877, 61491.82661265657
576, 61470.736223356405
14, 61470.71820534767
1030, 61351.97780927342
18, 61205.989553027066
560, 61204.76595201395
568, 61108.590669908524
525, 61094.18905951105
1343, 61051.6491627427
1225, 60973.57807443228
48, 60531.463423405854
1123, 60336.31026492675
140, 60190.00022209423
1415, 59961.805092868184
537, 59769.50912481085
432, 59593.631877373446
1046, 59506.83965887218
275, 59468.03660379222
870, 59397.45996694592
1183, 59266.4948169487
730, 59207.72262567429
332, 59151.1437493921
538, 59144.96218745882
1078, 59073.335400435055
814, 58962.48195211886
864, 58837.499919217684
570, 58684.809793846194
921, 58460.50974265285
498, 57934.81183224872
492, 57830.29869942201
474, 57793.24131208726
1330, 57648.98412380054
579, 57603.104327426736
186, 57584.39493926214
36, 57584.39493926214
1378, 57503.248546729505
1184, 57499.38497737872
1122, 57414.26213898166
226, 57398.18229151642
1304, 57349.4025265728
800, 57189.34799797526
1008, 57165.259626653766
761, 57024.71170610844
1363, 56815.586633086845
790, 56793.54519579613
215, 56744.54929030192
597, 56728.530162412186
110, 56672.43478057542
173, 56622.22641539212
446, 56511.51656507009
494, 56353.11137959218
381, 56336.19362244363
956, 56324.091349742834
360, 56302.69793715802
1328, 55713.517435780755
1279, 55713.517435780755
897, 55625.374803527484
889, 55577.520644193835
178, 55510.83095863049
598, 55389.70253657764
166, 55233.468665806984
1034, 55164.343804064294
1052, 55051.21461694656
977, 54871.28347400274
904, 54730.72349078075
902, 54730.72349078075
901, 54730.72349078075
900, 54730.72349078075
605, 54703.39070784413
756, 54649.872281008684
1079, 54620.775492024164
193, 54620.775492024164
596, 54591.097140124744
1171, 54564.47587404471
1306, 54547.93094403236
1112, 54402.032086920626
51, 54345.286446888116
286, 53985.26978224961
315, 53888.38284071616
847, 53877.178236845335
395, 53703.291629823434
497, 53669.55292365169
212, 53472.72241337728
211, 53445.71317699126
536, 53403.7077976647
535, 53403.7077976647
131, 53336.79909823761
582, 53306.230730684656
670, 53024.50538557736
1217, 52976.489233486755
1216, 52976.489233486755
757, 52873.79248867746
29, 52768.918606165316
241, 52591.271239496054
983, 52529.19873648676
741, 52469.62184054347
836, 52451.31738202957
534, 52436.03425166112
1388, 52395.39955673441
958, 52266.20258788131
780, 52255.99530974952
370, 52163.78925497287
557, 52097.526436890126
729, 52086.977126992286
1321, 52053.80593296083
728, 52048.61133834827
486, 51831.475360339406
326, 51649.2846425923
1310, 51567.6128824946
56, 51557.207071874
1405, 51499.923170141126
676, 51463.38531644501
311, 51408.736529284346
1137, 51295.69490517946
496, 51188.61651364428
618, 51113.4117622561
1012, 51097.21153222086
1013, 51071.490968977094
667, 50946.277576983135
1329, 50854.523816942106
1301, 50792.791108133504
70, 50718.14036501752
109, 50548.80305985996
1368, 50514.05778968244
592, 50468.53464017994
581, 50373.69421435735
622, 50229.48428680162
621, 50229.48428680162
120, 50226.89619514704
1111, 50222.20277422171
106, 50211.55084999825
221, 50093.220588713906
1125, 49956.45243889092
665, 49905.86854267522
771, 49905.28910468649
1350, 49871.85756728752
478, 49830.99586059201
892, 49822.80957888848
1411, 49817.951776094764
148, 49805.47829747177
213, 49745.79234013782
278, 49674.82027460167
450, 49640.07495511906
449, 49640.07495511906
71, 49545.71173732442
753, 49455.33867010281
279, 49433.06894850207
778, 49305.97558462456
978, 49266.771991485184
380, 49202.832705514724
208, 49170.79882009398
584, 49153.41255191622
119, 49121.98105917917
107, 49076.881873857805
299, 48947.8031118963
734, 48908.81194767015
354, 48882.73992277874
220, 48862.57123736214
1, 48805.96680529407
30, 48706.311543091506
1025, 48703.44529032798
1115, 48537.66319889975
231, 48506.665536871915
1145, 48503.7225770932
490, 48332.77619234959
668, 48323.370082467874
458, 48308.48611842211
0, 48257.6518081968
153, 48212.233180415904
781, 48190.33434410079
867, 48161.034016719335
1224, 48066.56650513157
1360, 48033.57335960496
1284, 48023.58398238014
885, 48022.9193328881
980, 47957.76881831755
1324, 47946.84166017757
7, 47714.79444685063
1185, 47552.33340252213
1169, 47411.9687566101
1200, 47278.39645767101
942, 47184.31546911657
174, 47130.68324626857
1150, 47089.23679798177
252, 47031.64143335826
1274, 46968.36006576784
277, 46953.485175214
930, 46842.398925244364
632, 46813.888289739916
520, 46812.55058071474
509, 46766.21600798888
488, 46741.73561573178
204, 46651.29624500618
433, 46646.659409827094
1201, 46630.31511703855
495, 46586.06960498796
1249, 46463.27304742547
314, 46407.01076322284
1367, 46386.97900378264
1204, 46384.844607709536
337, 46377.38715147829
540, 46294.24121061416
1305, 46269.09165441147
588, 46180.96682846108
1303, 46150.425435279634
1342, 46120.08926538771
517, 46040.12934074482
846, 46039.22867049007
971, 45974.11354343778
1124, 45958.603528803586
1040, 45634.1776230001
733, 45633.43492834569
827, 45497.14428103032
1290, 45460.38122574742
482, 45272.20410376167
858, 45252.05804756357
347, 45189.5365713419
638, 45173.19681434275
225, 45173.19681434275
206, 45166.71000453932
116, 45158.687851370945
938, 45002.876662711074
367, 44779.48198231029
1322, 44650.05763154149
222, 44524.84689286153
1354, 44513.849405733185
1416, 44511.017227345554
863, 44325.688664436166
566, 44279.95088747608
1000, 44265.01058775252
371, 44254.60978982041
328, 44184.14935097157
132, 44183.115937938426
583, 44124.3858528155
1214, 44120.11256929217
788, 44095.80782470011
787, 44016.25105727866
203, 44005.37294988366
386, 43945.920311588015
287, 43943.56561238576
207, 43927.829764002454
853, 43670.884009757385
1346, 43663.970771410124
1005, 43614.7871064055
361, 43567.01990384438
972, 43561.99976594841
967, 43561.99976594841
247, 43477.04721288726
948, 43475.41913448573
1177, 43440.07213992369
1155, 43434.31152702712
415, 43393.46971709881
1181, 43382.9718310133
1180, 43382.9718310133
1179, 43382.9718310133
1182, 43334.060869593945
1178, 43334.060869593945
969, 43333.450414123894
234, 43331.12303435542
420, 43316.323228699606
1287, 43194.07323290543
776, 43106.14213218199
874, 42971.864881860754
31, 42888.954834916956
1066, 42887.382878572564
772, 42860.605708904724
342, 42836.077713129605
762, 42808.09791684432
1087, 42710.91767790679
565, 42683.60584089985
1189, 42552.99760891543
1250, 42545.6374465803
726, 42483.029380744585
630, 42474.37797033615
732, 42474.31238904181
657, 42428.07022448078
1191, 42398.98210128542
304, 42365.71532158922
1163, 42315.07159199855
405, 42281.34604744213
