786, 100000.0
276, 99928.85046536828
640, 99879.9336849119
17, 99823.52008602687
10, 99823.52008602687
792, 99711.29659317041
429, 99447.14277544236
368, 99337.00941715778
255, 99278.18895686658
240, 99191.21627362298
825, 99114.81066490847
430, 98442.08504798725
306, 98225.52711693326
527, 98122.12994476735
816, 97995.30679784236
820, 97425.69460692983
642, 97179.31643916677
1384, 96951.92390464288
257, 96590.201609808
1315, 96290.44640266232
365, 96290.44640266232
833, 95821.90571250439
793, 95763.55741538417
195, 95721.44746509644
331, 95467.07620410106
768, 95409.70196751755
1370, 94866.87457832684
1369, 94866.87457832684
1326, 94541.98052547076
455, 93933.03210039156
1094, 93770.42298768267
713, 93710.97988301585
1307, 93586.8846840567
1356, 93309.53204877363
934, 93085.72807522245
236, 92896.87223353387
1418, 92626.54885084399
456, 92545.81574410782
1278, 92529.70009288662
345, 92495.36110452224
98, 92396.83949196916
717, 92184.05152049364
748, 91592.52556125549
1135, 91370.52743985319
184, 91278.73139129781
183, 91278.73139129781
463, 90996.82684042605
266, 90977.12442863593
1063, 90791.18736194193
477, 90741.36834208603
817, 90311.11965516547
770, 90214.6556262474
313, 90201.48268962445
1383, 89987.15024046286
466, 89868.60947866502
862, 89694.76692277935
468, 89535.57012862264
469, 89459.58702137126
467, 89402.65514729448
1032, 88675.4030484876
872, 88640.52652170385
99, 87979.31775872466
1270, 87829.5058457208
1256, 87652.18158796086
476, 86452.87988031078
519, 86247.79756785267
1272, 86048.95490101907
530, 85548.0591331897
1120, 85534.34655776613
1273, 85528.30055014523
190, 85369.84769856403
891, 85048.68286999955
438, 84956.32300734399
475, 84703.15830171468
104, 83925.37386004128
237, 83918.10723499201
83, 83873.81974446916
105, 83868.09246479957
103, 83868.09246479957
528, 82935.86428219221
808, 82924.52043089156
258, 82922.40781844454
408, 82874.25354980867
343, 82739.76947734952
125, 82526.18017806883
81, 81142.91396475898
1248, 80975.75382507748
1271, 80963.48172566021
1227, 80856.62675274926
78, 80843.50244796969
1222, 80712.37265245816
165, 80539.97701077563
777, 80305.27176041417
1011, 79734.50199820437
152, 79511.11388172717
1174, 79442.405494728
150, 79442.405494728
307, 79367.93179475404
1283, 79277.18937427457
641, 79216.75074208186
114, 79193.78489022618
947, 79115.6051198722
356, 79025.19412190218
465, 78867.15862218617
1019, 78576.90564691702
445, 78576.90564691702
54, 78400.70302362234
1119, 77767.24842010302
244, 77672.05788321704
876, 77549.29449863319
689, 77348.83187897669
569, 77291.2233472337
185, 76982.15159416971
281, 76936.96413775672
1132, 76922.553684752
253, 76814.93953693642
22, 76745.45939175706
13, 76745.44453288245
617, 76716.34898751741
869, 76529.86557228952
1347, 76424.85020232576
384, 76377.46556081896
38, 76340.18021551443
871, 76294.46420868495
288, 76127.86130893222
655, 75861.01277661732
940, 75829.63854713118
832, 75829.63854713118
720, 75717.9095132742
325, 75672.19132603171
235, 75589.90400390388
1235, 75531.39184289136
322, 75434.11073975726
769, 75306.70355242693
927, 75100.18447838626
1133, 74927.38697619164
289, 74786.03758925475
295, 74716.7512696445
1417, 74538.28988902771
89, 74501.42638221855
349, 74410.37327276381
526, 74115.49821615178
589, 73732.96578288148
824, 73682.80298529245
248, 73680.53074244004
929, 72924.79793315558
73, 72724.84434372248
12, 72451.96517009848
1030, 72218.27606148874
981, 72063.76432584008
568, 71881.27622736889
1225, 71694.5384481531
485, 71416.84565875858
484, 71239.71075010214
1406, 71185.8785871459
483, 71185.8785871459
48, 71084.05998105006
1123, 70815.08390024141
379, 70373.99539582654
1415, 70299.75563638323
809, 70215.6919479811
807, 70215.6919479811
1316, 70113.92436168606
637, 70113.92436168606
1046, 69675.20324207227
870, 69525.29585781595
1183, 69345.92889922233
730, 69265.47963065836
332, 69188.05826944261
552, 69114.49266445269
1078, 69081.62797423505
864, 68759.3299516818
1026, 67599.11895635702
1371, 67550.14843195002
498, 67529.71133818857
492, 67387.75600353527
579, 67079.4607758166
1184, 66938.85003113691
1122, 66823.51249848047
711, 66752.29991477524
1304, 66735.66832162772
224, 66653.3622281542
742, 66579.48170050762
1008, 66486.44708882617
1009, 66476.89738638252
761, 66296.40392870585
205, 65906.30072936362
67, 65836.6515054409
110, 65820.73810610265
909, 65734.24554892642
1390, 65683.59463823558
446, 65603.77397277326
1281, 65423.53788796702
494, 65390.392210031154
956, 65351.32125060338
360, 65322.52247750809
310, 65181.267336173776
94, 65027.88620735759
80, 64823.81953988341
47, 64637.200857210744
1328, 64530.77190071659
1279, 64530.77190071659
37, 64444.68220989401
897, 64412.55220016875
1037, 64375.07597366001
889, 64348.39346576611
743, 64068.0621488653
359, 63979.94791678567
166, 63887.63102900652
1034, 63795.16588356777
999, 63636.41077767431
259, 63404.5950941038
890, 63397.68523700634
904, 63215.957995136865
902, 63215.957995136865
901, 63215.957995136865
900, 63215.957995136865
756, 63108.11842755595
1079, 63069.32113323006
193, 63069.32113323006
1171, 62994.2700780387
710, 62861.55437823479
51, 62702.30407837207
113, 62297.9936420252
286, 62223.53769933765
315, 62094.85944304059
497, 61804.484455756174
212, 61543.607879758565
211, 61507.83280819364
582, 61323.16818107903
260, 61261.22554793207
1001, 61229.81308970758
670, 60950.627176313
223, 60890.323723111294
757, 60751.57403174158
338, 60602.55285726529
335, 60524.58703389671
577, 60443.48939311588
241, 60378.890971263536
1412, 60378.22215577358
983, 60297.088525712104
741, 60218.60180723087
1221, 60123.49130522781
1388, 60120.85804294582
958, 59950.81515065989
370, 59816.1113995319
729, 59715.131698107216
1321, 59671.53726013965
728, 59664.711126385904
1223, 59565.19064381387
1062, 59495.12340867546
819, 59473.887368099335
1247, 59417.49791473655
486, 59379.55444750276
1277, 59326.07600918475
326, 59140.558399117625
1282, 59059.67312262921
1405, 58944.809789581996
676, 58896.94937333329
311, 58825.38402029034
496, 58537.34785149406
850, 58309.07020933702
667, 58220.648315027225
1329, 58100.85257808867
1301, 58020.28764578374
70, 57922.90110967685
960, 57778.15430498015
290, 57757.103776536555
109, 57702.1409602129
1376, 57686.25544590332
611, 57677.66491886853
1368, 57656.87043294074
592, 57597.57044852576
563, 57319.044704268716
120, 57283.05690883716
90, 57197.13339134926
1125, 56931.55453993034
719, 56869.737050615986
665, 56865.86839300092
1350, 56821.7135925347
892, 56758.05174358829
1411, 56751.747506806096
148, 56735.5607741165
752, 56718.47308994963
1176, 56696.71073218813
213, 56658.12239991777
1083, 56603.19741583226
71, 56398.72000051635
1051, 56329.15130243291
753, 56281.64725105419
778, 56088.285972882535
208, 55913.42877241314
119, 55850.31320989501
623, 55830.1591173926
1121, 55779.80674838677
734, 55574.91210025073
1, 55442.15961098241
1025, 55309.90055243114
16, 55277.02932820846
1115, 55096.19120372573
1145, 55052.46274318326
1175, 54894.49037219555
490, 54832.344178237836
668, 54820.23850837781
458, 54801.08413094446
949, 54737.19709590659
0, 54735.67671924509
1010, 54478.454062349745
1360, 54447.58015312759
1284, 54434.74521656445
980, 54350.199858032276
1324, 54336.16595763584
857, 54053.38616497034
7, 54038.345634304154
826, 53899.08463415167
1185, 53830.0638495845
1031, 53744.25789223481
334, 53627.53642505193
531, 53503.74116768857
877, 53433.62758760315
576, 53417.70188332784
14, 53417.68827701725
942, 53358.94377522045
174, 53290.36648287023
1150, 53237.38460449536
18, 53217.66541101196
560, 53216.74036198464
525, 53133.12369480308
1343, 53100.94512578404
632, 52885.70967416344
520, 52884.00246280435
140, 52447.906273193854
1249, 52438.67998716615
314, 52367.02710966581
1367, 52341.52103244364
337, 52329.30890145112
1305, 52191.47447176733
537, 52128.344472583245
588, 52079.3734438783
1303, 52040.53537561959
432, 51994.51198328871
275, 51898.879522667354
1124, 51796.75430908576
538, 51652.64341147549
814, 51513.41265215354
733, 51384.09666885665
570, 51301.34231398141
921, 51129.85013362149
482, 50926.5420773208
638, 50801.293251586285
225, 50801.293251586285
206, 50793.08952307715
474, 50618.70238115313
938, 50585.99031241158
1330, 50508.00433160892
186, 50458.418548230824
36, 50458.418548230824
1378, 50396.10211160676
226, 50315.3840965463
800, 50154.83711320764
1322, 50140.631795308036
1354, 49968.929536764175
1416, 49965.360697359865
1363, 49867.13766324576
790, 49850.1570094505
215, 49812.40494561758
597, 49800.06024491922
863, 49731.94833848758
173, 49718.118604517644
566, 49674.380441698064
1000, 49655.57895827147
371, 49642.491081805936
328, 49553.846689085614
132, 49552.54683546169
381, 49497.4508359646
1214, 49473.313525697646
788, 49442.75511184034
787, 49342.756758680276
203, 49329.08699291164
386, 49254.3914141515
287, 49251.43350103894
207, 49231.667512318265
178, 48859.17478275681
1005, 48838.80589507101
598, 48765.3113512404
247, 48666.15928503056
948, 48664.119391791326
1177, 48619.83603475221
1181, 48548.31788044831
1180, 48548.31788044831
1179, 48548.31788044831
1052, 48502.75372758558
1182, 48487.07470763985
1178, 48487.07470763985
234, 48483.39666192197
977, 48363.02870092768
605, 48232.55398229862
596, 48145.23425424029
1306, 48111.6568366481
874, 48034.06721075552
1112, 47998.120981666834
31, 47930.49606473188
342, 47864.46659735508
1087, 47708.2512146441
847, 47589.09573816278
1250, 47502.124866664955
395, 47453.37851146803
726, 47424.09302711108
630, 47413.31240705089
732, 47413.23068741075
657, 47355.61648388919
536, 47219.31545064741
535, 47219.31545064741
1163, 47214.89017160936
405, 47172.905892571944
131, 47166.99853214011
666, 47133.923049836914
763, 47120.902879213216
59, 47102.467273724724
1217, 46885.005587451466
1216, 46885.005587451466
457, 46796.916857722084
731, 46783.605405602066
29, 46722.35216714179
1048, 46711.89393849702
493, 46685.97917593973
1319, 46678.77144814213
1309, 46561.556979846384
836, 46473.19419083476
534, 46461.19591100676
1134, 46366.84504558523
744, 46365.66651060615
567, 46342.42687504766
780, 46319.79328129714
875, 46285.723597481236
557, 46195.24016929072
679, 46166.42792626499
214, 46132.087717014874
357, 46063.86527631089
591, 45917.75427877786
1091, 45900.69301538794
1090, 45900.69301538794
1310, 45778.11534659565
56, 45769.914710903235
232, 45723.18627499549
1161, 45716.9087635376
402, 45700.349036450636
138, 45665.057655954835
1137, 45563.69950764567
1258, 45552.4958740681
245, 45528.66707822072
202, 45460.63446384002
618, 45419.82126660248
1012, 45407.0287021124
1013, 45386.716519772504
1333, 45370.66638668689
188, 45308.55954588421
549, 45275.290141458296
1164, 45268.99859583456
200, 45268.99859583456
1089, 45249.69229529064
849, 45218.64227121284
1238, 45162.04723079792
293, 45150.16379881085
844, 45095.27831741042
1231, 45062.61407464423
718, 44994.69736125334
936, 44875.43826344571
628, 44863.87307577031
581, 44834.77838765112
1165, 44797.68506349427
622, 44720.50256907778
621, 44720.50256907778
1111, 44714.73059433892
1143, 44708.73568962839
106, 44706.286600803585
127, 44636.406718644284
453, 44624.867631730296
452, 44624.867631730296
1325, 44615.72007065765
221, 44612.4574084241
989, 44555.88545357882
403, 44555.88545357882
851, 44543.015642262966
771, 44463.338667022326
97, 44450.27086015163
478, 44404.35512924303
1099, 44385.45905291578
58, 44297.625429474705
278, 44280.30037899459
450, 44252.68965424105
449, 44252.68965424105
199, 44250.72411261785
572, 44244.44115325105
182, 44174.58894697344
279, 44088.10322162533
312, 44079.586367132164
837, 44073.871054513715
1294, 44046.61621390665
1358, 44039.66415102155
