81, 100000.0
1227, 99565.54499414662
78, 99545.64527674246
1011, 97869.50647414161
408, 97490.00913826024
528, 97404.88842949473
641, 97090.60512430547
114, 97056.10866534383
947, 96938.71051622786
105, 96149.69187620367
103, 96149.69187620367
83, 96142.16548132616
1019, 96131.19467241669
445, 96131.19467241669
237, 96084.04032588236
104, 96074.51580258553
54, 95867.60178144622
244, 94780.37141578263
689, 94299.51480973781
190, 94248.9536182002
569, 94213.90425215577
1120, 94049.26661816468
1132, 93666.69463327811
253, 93507.18014334602
1272, 93434.86119669041
617, 93361.12639380185
519, 93201.54332074674
869, 93085.08924060372
476, 92963.23726978876
38, 92804.61088791907
871, 92737.05784007504
655, 92097.4267169081
1256, 91615.31277702513
322, 91468.98763752857
1270, 91422.3890619712
769, 91281.72539119459
99, 91260.63270322948
927, 90978.47037095492
1133, 90725.00333110106
872, 90559.91167710364
349, 89968.09462676125
467, 89778.01115961645
469, 89720.67340535643
468, 89644.37593660592
862, 89485.35780881305
466, 89312.99339959142
1383, 89196.2209761446
313, 88986.63366578202
770, 88973.81688872365
1135, 87877.424560144
717, 87137.8319554058
345, 86861.48749707444
1030, 86783.14111501856
568, 86296.96048109376
1356, 86155.5275785308
1225, 86027.95234060497
713, 85816.08643640249
48, 85150.4693951534
1370, 84869.12643389785
1369, 84869.12643389785
1123, 84764.79728263912
1415, 84027.50217077917
1046, 83136.76131258265
642, 83100.10260949883
870, 82923.42133224834
820, 82920.78627937342
1183, 82668.38895739976
730, 82554.08472146069
332, 82444.13069838335
306, 82350.05917158214
1078, 82293.05504223729
430, 82198.46010787899
864, 81836.1020118242
255, 81624.46310689229
429, 81510.60700235506
792, 81334.00058516918
17, 81259.4840363685
10, 81259.4840363685
640, 81222.14000760265
276, 81189.82049983546
786, 81142.91396475898
368, 80705.84310023591
240, 80609.58341021073
825, 80559.1155565549
498, 80100.2108426848
527, 79902.09805691817
492, 79900.5654272128
816, 79817.98078068568
579, 79467.51771892647
1184, 79270.25246898356
1384, 79124.40614273441
1122, 79108.55738525462
1304, 78985.47487023873
257, 78883.31492558133
1315, 78683.27437518022
365, 78683.27437518022
1008, 78636.6030602949
761, 78370.89258055709
833, 78370.13884373372
793, 78331.10440159393
195, 78302.92787522715
331, 78132.62750409797
768, 78094.19294272558
110, 77707.05100457845
1326, 77511.88843370935
446, 77404.82984875418
494, 77107.94929867014
455, 77102.08845263004
956, 77053.62701729833
360, 77013.59410872488
1094, 76992.49737122307
1307, 76868.71924626465
934, 76530.29737918644
236, 76402.59830155892
1418, 76219.65263286153
456, 76164.978527754
1278, 76154.06265867429
98, 76064.0444362969
1328, 75915.45795658145
1279, 75915.45795658145
897, 75751.89828716134
889, 75663.17744244693
748, 75518.11190091592
184, 75304.66578851006
183, 75304.66578851006
463, 75112.6922116076
266, 75099.26734539567
166, 75026.93250610666
1063, 74972.52320179962
477, 74938.54866344258
1034, 74899.44451177759
817, 74644.86605830642
904, 74102.31235293015
902, 74102.31235293015
901, 74102.31235293015
900, 74102.31235293015
756, 73954.17634154676
1079, 73900.90293106888
193, 73900.90293106888
1171, 73797.88063315034
1032, 73523.90081057994
51, 73397.50015875857
286, 72742.33027820992
315, 72566.53047347313
497, 72170.27226631103
212, 71814.80104150857
211, 71766.09303010792
582, 71514.82104882106
530, 71360.92664304441
1273, 71347.17758101177
891, 71013.11095905045
670, 71008.67160598833
438, 70948.70841678594
475, 70772.0582028723
757, 70738.64816114864
241, 70233.87024800027
983, 70123.20960227404
741, 70017.0803890019
1388, 69884.97484821014
958, 69655.31962719392
808, 69526.06847970572
258, 69524.58339567384
370, 69473.542116342
343, 69396.14954241502
729, 69337.36057074678
1321, 69278.59190648828
728, 69269.39100360562
125, 69245.83449151435
486, 68885.33266339901
326, 68563.89953519004
1405, 68300.9394199596
676, 68236.68800199052
1248, 68150.94587764783
1271, 68142.25301003546
311, 68140.64418296695
1222, 67964.28973633744
165, 67842.01009489114
496, 67754.46101356254
777, 67675.4017319515
667, 67330.53767580079
1329, 67170.37118818102
152, 67110.52145563877
1301, 67062.71412264935
1174, 67061.56681815449
150, 67061.56681815449
307, 67008.48949578001
1283, 66943.79650666322
70, 66932.64092325268
356, 66764.02065126214
465, 66651.18580245336
109, 66638.03694822453
1368, 66577.66664944917
592, 66498.60962134453
120, 66079.72943618857
1119, 65863.92291753326
876, 65707.5171533694
1125, 65612.4212934776
665, 65525.19178309321
1350, 65466.57259086407
892, 65382.08055349923
1411, 65373.715134456426
148, 65352.237411746304
185, 65299.900253493615
281, 65267.383923041736
213, 65249.512346113246
22, 65129.51516715422
13, 65129.504465861566
71, 64905.71480168594
1347, 64898.46782930341
384, 64864.295238387815
753, 64750.70925558847
288, 64684.18147631304
778, 64494.90927570886
940, 64468.7518036717
832, 64468.7518036717
720, 64387.97577893852
325, 64354.912908495244
235, 64295.388600187376
208, 64263.81607147377
1235, 64253.0507857338
119, 64180.45485940306
734, 63817.04161855001
289, 63712.87430105801
295, 63662.57980965462
1, 63642.055091053226
1417, 63532.972274703825
89, 63506.18874207086
1025, 63467.842179544146
526, 63225.55392666747
1115, 63186.60172052316
1145, 63129.09475917484
589, 62946.96428738855
824, 62910.40050226575
248, 62908.74408660919
490, 62839.82194834081
668, 62823.922901481725
458, 62798.768490718394
0, 62712.8918048281
929, 62357.00146343538
1360, 62334.99107027546
1284, 62318.168764078975
73, 62210.74273962624
980, 62207.38679730568
1324, 62189.00263678053
12, 62010.95390222561
7, 61799.18664963211
981, 61726.35814056775
1185, 61526.93383224138
485, 61251.11405472341
484, 61120.77211794239
1406, 61081.142323891836
483, 61081.142323891836
942, 60912.22531681142
174, 60822.87505823954
1150, 60753.86652439002
379, 60482.4222509572
809, 60365.45571046442
807, 60365.45571046442
632, 60296.303446764796
520, 60294.08427953824
1316, 60290.22305478222
637, 60290.22305478222
1249, 59715.90401690403
314, 59623.0014291091
1367, 59589.93965213362
337, 59574.11148471248
552, 59549.75455948167
1305, 59395.53489717405
588, 59250.394161730546
1303, 59200.12935538263
1124, 58884.85984555924
1026, 58421.35938090459
1371, 58384.7798007784
733, 58352.11547581301
711, 57787.79446010355
482, 57762.76373167059
224, 57713.63134275962
742, 57658.23166525572
638, 57601.685126854405
225, 57601.685126854405
206, 57591.13827774875
1009, 57581.280987679405
938, 57325.03907154929
205, 57152.68362409504
67, 57100.29986888433
909, 57023.25279003185
1390, 56985.13284939896
1281, 56789.291133276965
1322, 56753.78554002621
310, 56606.6587563854
1354, 56533.90339387756
1416, 56529.335239381086
94, 56490.942112061224
80, 56336.87519563287
863, 56230.75084329958
47, 56195.870000005256
566, 56157.165471014545
1000, 56133.13755509232
371, 56116.41291461625
37, 56050.29544221317
328, 56003.16692829577
132, 56001.50671688589
1037, 55997.6342247046
1214, 55900.32899556419
788, 55861.318390011926
743, 55765.1832335481
787, 55733.705109879986
203, 55716.26559092913
359, 55698.4155107166
386, 55620.9930823586
287, 55617.2211004231
207, 55592.01667296978
999, 55437.8760202705
259, 55261.86149935882
890, 55256.612401161576
1005, 55091.60449826994
247, 54872.019679325545
948, 54869.42637871681
710, 54848.890173032705
1177, 54813.136119515206
1181, 54722.254250152124
1180, 54722.254250152124
1179, 54722.254250152124
1182, 54644.45639904251
1178, 54644.45639904251
234, 54639.784933035364
113, 54419.35102167067
874, 54069.770317135866
31, 53938.57103522549
342, 53854.964961032645
1087, 53657.28097684997
260, 53626.56637346662
1001, 53602.494034098905
1250, 53396.68367137868
223, 53342.1363727924
726, 53298.10435043814
630, 53284.488117568704
732, 53284.38490624347
657, 53211.62953942291
338, 53121.160133587655
335, 53061.24638204801
1163, 53034.01199156855
577, 52998.90574910416
405, 52981.0468541049
1412, 52948.719152770376
666, 52931.878561192934
763, 52915.4587047281
59, 52892.21130219659
1221, 52752.7185813296
457, 52507.23600456963
731, 52490.47831299304
1048, 52400.22127132954
493, 52367.61289425841
1319, 52358.5442403397
1223, 52322.42573054022
1062, 52268.35431100082
819, 52251.963241575206
1309, 52211.114589188444
1247, 52208.43205933261
1277, 52137.83543531133
1134, 51966.409385092615
744, 51964.92901101265
567, 51935.73923995837
1282, 51931.96687292671
875, 51864.53282516973
679, 51714.79324274488
214, 51671.706748916826
357, 51586.13123194011
591, 51402.9576005358
1091, 51381.57764251312
1090, 51381.57764251312
850, 51350.71501110399
232, 51159.251396450876
1161, 51151.392604118504
402, 51130.6627767594
138, 51086.49021278374
1258, 50945.65605614449
960, 50938.50489685883
290, 50922.14250487805
245, 50915.852700599
1376, 50867.06234521785
611, 50860.382658857154
202, 50830.782677574
1333, 50718.33006995877
188, 50640.73235215557
549, 50599.17508852689
1164, 50591.317041150774
200, 50591.317041150774
563, 50581.3224238218
1089, 50567.205360496504
849, 50528.431988949604
90, 50486.363655665125
1238, 50457.77564551209
293, 50442.94235690737
844, 50374.444378212625
1231, 50333.68813319487
718, 50248.96834748106
719, 50231.11395693376
752, 50113.06734896274
936, 50100.275955033794
1176, 50096.07794030202
628, 50085.86135874967
1083, 50023.05680452973
1165, 50003.38271034836
1143, 49892.58511716403
1051, 49808.90256569222
127, 49802.527994556986
453, 49788.163750514155
452, 49788.163750514155
1325, 49776.77716914714
989, 49702.310336536044
403, 49702.310336536044
851, 49686.29630474031
97, 49570.92465515173
1099, 49490.33368088988
623, 49418.343407013046
58, 49381.15915890712
1121, 49378.88827250776
199, 49322.88259476474
572, 49315.07686844916
182, 49228.31207118805
312, 49110.35786959862
837, 49103.26364815565
1294, 49069.436037407824
1358, 49060.80818101354
196, 49026.27427116984
50, 49023.829675443565
16, 48984.47291962611
997, 48960.08221522595
873, 48960.08221522595
631, 48814.846866602486
888, 48790.36240329442
1175, 48683.83384480284
680, 48668.653729293095
928, 48653.94683610976
1357, 48635.88978981873
949, 48560.078774795125
147, 48533.99923812051
789, 48506.31788974466
639, 48454.182174289104
1010, 48356.33044615201
614, 48348.45208921593
1260, 48324.6071914371
1259, 48233.47375012732
651, 48169.98439785641
126, 48156.09169995086
1069, 48041.5141663691
857, 48021.13632315977
994, 47960.11160484861
826, 47899.31377937956
1031, 47776.998512003585
1038, 47763.668038512296
590, 47691.86122927109
334, 47684.735196108355
541, 47624.16198397394
573, 47613.34679972161
531, 47586.83170553783
1377, 47571.55373450356
946, 47541.269468322804
181, 47534.404201154204
877, 47531.36014720133
576, 47518.75801268616
14, 47518.74724555125
1366, 47361.65320102924
18, 47360.39688613846
560, 47359.664256286414
525, 47293.42908645433
1343, 47267.933409560595
935, 46920.25407169886
1331, 46915.40921140821
1073, 46867.003069764294
1142, 46828.61434160912
300, 46787.06521952217
1402, 46764.01215954582
140, 46749.78420098721
448, 46698.780028836634
602, 46521.14380846709
537, 46495.71890377873
393, 46403.55889721538
432, 46389.216325883455
275, 46313.076739751945
648, 46290.561365313195
931, 46287.69717180046
9, 46181.95340156692
49, 46170.90288070272
538, 46116.89215673072
652, 46105.353782007
118, 46065.769163066245
375, 46033.33534763288
814, 46005.873586071575
926, 45873.35057382568
570, 45836.65150029525
1335, 45792.96942170642
1033, 45773.32950566589
1053, 45760.77772720647
585, 45757.28512855815
649, 45720.34774283669
921, 45699.699839015986
1045, 45589.98503067903
489, 45501.5575614278
