819, 100000.0
1062, 99940.02016268703
1247, 99840.68203954327
1223, 99742.93105026566
1277, 99582.82306049399
1282, 98834.48950299379
1221, 98215.73562427486
1412, 97543.4770666051
577, 97373.6116798917
335, 97163.87568733339
338, 96963.61525698607
850, 96750.26838348588
223, 96235.91321600557
1001, 95399.92498345741
260, 95323.76925975985
960, 95297.29154660669
290, 95240.03909959075
1376, 95047.54725041664
611, 95024.22797485256
563, 94054.73831367533
90, 93726.93307701085
113, 92917.62754745714
719, 92851.0031913904
752, 92448.45675811447
1176, 92390.65364134527
1083, 92142.59001629282
710, 91691.57496295196
1051, 91418.58035212208
890, 90574.33394997325
259, 90560.23399855873
623, 90111.48790824845
999, 90091.48786303066
1121, 89980.38809888724
359, 89411.81053350322
743, 89240.28986853962
16, 88679.24839289003
1037, 88651.38507823806
37, 88519.72052508887
47, 88159.05044842411
80, 87814.24838670074
1175, 87698.81533595826
94, 87442.52021738735
949, 87298.04360168734
310, 87166.7021104156
1281, 86737.1660338527
1010, 86641.75766099141
1390, 86284.25388559629
909, 86197.00449848849
67, 86021.5497052464
205, 85902.93545213409
857, 85571.55189006384
826, 85185.48642381564
1009, 84952.51496256204
1031, 84799.3943616134
742, 84785.57204375902
224, 84666.06353159093
334, 84509.17430001798
711, 84506.96165151375
531, 84202.15965028695
877, 84028.63791268771
576, 83989.26025605187
14, 83989.22661903837
18, 83495.79505821913
560, 83493.51797959003
525, 83287.87505236553
1371, 83261.9682168875
1343, 83208.83443062518
1026, 83187.68800419224
140, 81616.42183883314
552, 81002.11655291945
537, 80845.19077768955
432, 80523.7445969781
275, 80294.60498627793
538, 79706.73324301327
1316, 79671.11976621495
637, 79671.11976621495
809, 79540.12371581746
807, 79540.12371581746
814, 79375.67473180986
379, 79337.9562549247
570, 78873.27639829252
921, 78468.63802134623
1406, 78330.79036286137
483, 78330.79036286137
484, 78265.71300869064
485, 78053.02518269971
981, 77294.67224305346
474, 77271.14120098419
1330, 77013.47775310489
186, 76898.25279926874
36, 76898.25279926874
12, 76853.00036411373
1378, 76753.61315975031
226, 76566.54038532964
73, 76548.32737468265
929, 76328.0393026784
800, 76195.384609984
1363, 75533.35229002629
248, 75517.31915185573
824, 75514.93235606243
790, 75494.40054334859
589, 75462.3164712716
215, 75407.85036646794
597, 75379.56359602144
173, 75191.98414368337
526, 75065.79223917695
381, 74688.40686657524
89, 74674.01030721523
1417, 74637.01246827215
295, 74458.93134361107
289, 74390.24952228996
1235, 73667.13922930986
235, 73611.56483839691
325, 73533.69571803858
720, 73490.57637617178
940, 73385.629112976
832, 73385.629112976
178, 73244.60229879522
288, 73108.46508740631
598, 73033.86606494362
384, 72879.7380127012
1347, 72836.64622582194
13, 72547.81581500487
22, 72547.80253710998
1052, 72446.52671907861
281, 72377.50057580267
185, 72337.55577894486
977, 72135.24087601759
605, 71845.36048794391
876, 71843.83890864714
1119, 71657.78319889728
596, 71651.78758223413
1306, 71577.44341745667
1112, 71326.43678528862
465, 70748.6121530189
356, 70621.91982036036
847, 70426.92332172484
1283, 70421.87576461487
307, 70350.42754990692
1174, 70292.01875595727
150, 70292.01875595727
152, 70238.31438594351
395, 70130.09623012168
777, 69630.03145890484
536, 69620.07882111653
535, 69620.07882111653
131, 69506.40941442699
165, 69454.53657642378
1222, 69326.84075257173
1271, 69142.64461836558
1248, 69133.69693808837
1217, 68895.77193825733
1216, 68895.77193825733
29, 68545.1220907793
125, 68042.32365978572
836, 68010.19065608192
534, 67984.49794307479
343, 67897.81018458479
258, 67775.31104727682
808, 67773.89981351714
780, 67682.16558585488
557, 67416.56342880767
475, 66630.39026396652
1310, 66531.84097836146
56, 66514.52067423864
438, 66474.56577401611
891, 66418.12900724806
1273, 66128.53253177697
530, 66116.72562822218
1137, 66079.90292292736
618, 65777.71375644686
1012, 65750.8869176097
1013, 65708.30486262681
581, 64557.72937491099
1032, 64362.417023044894
622, 64321.06433594489
621, 64321.06433594489
1111, 64309.124648774
106, 64291.660158515
221, 64097.79001564464
771, 63790.41222978094
478, 63669.076936948724
817, 63527.282782720504
278, 63414.33919314321
450, 63357.726393592915
449, 63357.726393592915
477, 63316.10536449511
1063, 63291.87230238206
266, 63201.82563579618
463, 63192.32057573921
184, 63057.08081039234
183, 63057.08081039234
279, 63020.89150234325
748, 62908.19396807059
978, 62750.858506086406
380, 62647.166644064615
584, 62567.07124501919
98, 62534.312416323315
1278, 62473.600651444816
456, 62466.2563256593
107, 62443.1244286329
1418, 62429.528524524416
236, 62307.327115192624
299, 62234.31065884295
934, 62222.65626914766
354, 62129.16967545164
220, 62096.59282786012
1307, 62000.72388516841
1094, 61920.43108963327
455, 61849.7289697191
30, 61844.445781724535
1326, 61588.52781159523
231, 61522.92309162472
768, 61225.78627506141
331, 61202.18301219791
195, 61098.095231703395
793, 61080.95136961013
833, 61057.237302013215
153, 61050.044328473574
781, 61014.93472018201
867, 60967.97185016588
1315, 60868.51242690663
365, 60868.51242690663
1224, 60816.6617571484
257, 60749.33755383445
885, 60746.80467030702
1384, 60607.12073098582
816, 60206.39403787419
527, 60158.62276828587
825, 59791.47472755498
1169, 59772.50086800216
240, 59763.70380938836
368, 59710.90259099006
1200, 59560.35996462785
786, 59473.887368099335
276, 59448.713499610385
640, 59431.3975173576
17, 59411.41921644387
10, 59411.41921644387
792, 59371.6492176898
429, 59277.89472196341
255, 59217.82341685052
252, 59169.27896117541
1274, 59069.15515296286
277, 59045.63018341773
430, 58919.32925674902
930, 58870.06611769305
306, 58841.68455724663
509, 58749.7878773512
488, 58711.15933986707
204, 58568.54143676851
433, 58561.23320993802
820, 58553.71886198909
1201, 58535.475538413164
495, 58465.770265712636
642, 58464.63427089043
1204, 58149.18183711826
540, 58006.862343941546
1342, 57733.7005286261
1370, 57619.65456709498
1369, 57619.65456709498
517, 57608.45526042561
846, 57607.04511768719
971, 57505.133732119066
713, 57191.19189038632
1356, 57041.419383167544
1040, 56974.27509040771
827, 56760.83330078803
345, 56736.12442943161
1290, 56703.62566799919
717, 56618.840802665036
858, 56379.88207993853
1135, 56310.903741856935
347, 56282.86384896459
116, 56235.01836243892
770, 55869.744251162556
313, 55864.69175583516
1383, 55782.40529277976
466, 55736.83112952322
862, 55669.91300093995
367, 55648.188048784745
468, 55608.54617055395
469, 55579.2272077716
467, 55557.2470201395
872, 55261.98152323605
222, 55255.48598704466
99, 55004.26131497611
1270, 54945.66705045178
1256, 54876.21539790917
583, 54640.07414972678
476, 54403.718464709804
519, 54322.43381636997
1272, 54243.485518124915
1120, 54038.53837769207
190, 53972.833644602404
853, 53946.357992683945
1346, 53935.80912978868
361, 53787.95520722774
972, 53780.303501355345
967, 53780.303501355345
1155, 53585.81977157547
415, 53523.669444374566
969, 53432.38563742414
420, 53406.34757969173
104, 53391.85241961808
237, 53388.911319279716
83, 53370.98235374963
105, 53368.663268438366
103, 53368.663268438366
1287, 53220.6329912019
776, 53087.20434370905
528, 52989.64475746191
408, 52964.48710311387
1066, 52755.80030077768
772, 52715.28830648298
762, 52635.881449350316
565, 52447.79227985646
81, 52251.963241575206
1189, 52250.73209654492
1227, 52133.098819443716
78, 52127.64253261503
1191, 52018.70921634342
304, 51968.64334957537
1011, 51664.303403300306
641, 51446.43027257384
114, 51436.74296383852
947, 51403.75090578591
1019, 51175.79602715225
445, 51175.79602715225
970, 51159.476801196615
54, 51100.99777023907
346, 50904.522059901705
802, 50891.79960894137
801, 50891.79960894137
783, 50845.24924265063
244, 50790.43981570436
689, 50652.030107750856
569, 50627.31943008491
1017, 50597.9940179395
441, 50557.71866260119
1132, 50468.88041628618
253, 50422.533769253685
617, 50380.034174305896
869, 50299.543819519124
86, 50220.20084149856
38, 50217.533387867
871, 50197.74722020345
601, 50178.620411693555
1407, 50177.1338952578
1408, 50172.38132375308
1409, 50160.52817063128
1065, 50160.52817063128
85, 50160.52817063128
1016, 50125.967756480204
655, 50009.74298701976
968, 49837.20640812951
322, 49823.86248772216
769, 49768.24872662471
927, 49677.9666171287
1133, 49602.29701173763
1015, 49545.60106126732
574, 49458.67644779683
1300, 49434.894653690775
122, 49433.81571965508
1410, 49382.35752143691
349, 49375.18583082246
903, 49319.47107232169
647, 49317.19488892771
42, 49196.21808422449
187, 48759.42454366235
993, 48638.5972599277
1030, 48400.339061927916
410, 48381.805681630954
1027, 48354.74604788451
568, 48248.738379384995
1225, 48164.53226143956
267, 48053.596789552175
167, 48045.51768805936
417, 48045.250272499805
419, 47958.608264783375
553, 47888.27662537359
48, 47888.24028198362
72, 47825.89210532206
1123, 47766.01429708915
390, 47738.44578455729
434, 47715.43033761521
26, 47652.13220330041
1415, 47530.996744594995
168, 47494.87305242974
1323, 47278.57341907023
1046, 47244.66695668544
870, 47175.694922551666
1183, 47093.042861542825
730, 47055.927356581655
332, 47020.182672490526
1078, 46971.00299157448
864, 46821.77813226832
1113, 46758.85297458865
233, 46758.74456322746
442, 46677.41478657092
856, 46483.036654205396
854, 46483.036654205396
1059, 46444.87282396486
454, 46409.50695351489
855, 46403.62546913745
555, 46336.05983598111
498, 46248.33819723486
554, 46247.034311014526
709, 46210.90086712315
492, 46181.71246500453
571, 46093.67187363429
579, 46036.711607021854
1184, 45970.43906266445
1018, 45942.124949172154
154, 45942.124949172154
437, 45917.708030044116
1122, 45916.01312343741
1232, 45883.48861615661
1304, 45874.52140890013
1088, 45869.57594030121
1400, 45855.24621109938
155, 45790.53954204276
1008, 45756.61989497467
391, 45750.21976711772
409, 45735.635153454976
761, 45666.52896214932
1102, 45626.11046184393
1106, 45626.10979106447
1105, 45626.10979106447
922, 45456.88387853975
110, 45440.33098505593
446, 45336.8194118216
1056, 45324.05809142368
264, 45311.48986709346
494, 45234.81044323671
956, 45216.11000721405
360, 45202.32171098348
149, 44904.8340968479
124, 44904.4063003851
861, 44850.51724125906
1395, 44832.75600423777
1328, 44821.774650980326
1279, 44821.774650980326
401, 44820.303404562466
151, 44777.60212084432
897, 44764.70866864001
1101, 44736.74105486706
889, 44733.711768091736
166, 44510.54965474777
1034, 44465.64813032458
607, 44412.1180858006
1110, 44324.13171557491
1108, 44324.13171557491
904, 44183.48222168302
902, 44183.48222168302
901, 44183.48222168302
900, 44183.48222168302
1081, 44176.341676510914
1109, 44164.65219919695
1397, 44140.488635592475
756, 44130.77529660353
1079, 44111.799746029246
193, 44111.799746029246
1288, 44109.76370821743
1171, 44075.07274955967
51, 43931.94586794598
1399, 43762.56385345272
1086, 43702.920330365276
1234, 43697.95065682635
451, 43697.040856804786
286, 43696.38054964967
315, 43632.88340470805
564, 43622.51161087548
1085, 43582.05792461874
562, 43570.3172368086
860, 43561.899781908214
992, 43493.58828266644
673, 43490.040962124396
497, 43489.30802339773
302, 43462.549796622654
866, 43441.466356761855
700, 43375.814825706264
212, 43359.97671147973
211, 43342.21571683863
582, 43250.43946054115
1061, 43225.73780971843
1039, 43148.26222071692
670, 43064.79404969438
757, 42965.32823644072
1344, 42923.61437095947
241, 42778.586432184195
983, 42737.50737837826
501, 42718.27342553764
741, 42698.0628722536
1388, 42648.89864521031
815, 42585.25396331928
1317, 42571.11277286313
958, 42563.25780829584
1228, 42515.48751664437
865, 42515.48751664437
