822, 100000.0
838, 99848.54698091197
1107, 99817.33314560849
916, 99729.79550838709
263, 99493.18307533531
924, 99350.27536834055
982, 99345.67306705682
1070, 99345.57418832878
1071, 99345.57294920358
1295, 99026.51178031717
439, 99001.68054130777
201, 98595.1011736209
8, 98505.4909863988
115, 98269.61131341656
1339, 98217.21034027287
943, 97927.18547246237
823, 97693.15746557627
1420, 97428.9705255897
1194, 97417.37572043261
262, 97417.22724812974
906, 97324.81981487495
937, 97284.57028947154
542, 97245.20839371863
539, 97245.20839371863
121, 97191.24313398023
1072, 97103.68645830569
261, 97062.75204684214
721, 96899.00126993605
627, 96800.87291995219
436, 96784.45622456864
735, 96755.60125320537
803, 96450.04615583397
1349, 96362.47763686166
1293, 96360.99477842795
1292, 96319.31227960931
760, 96182.59805182554
722, 96148.1046690023
301, 95992.52072928502
944, 95635.94514365919
1332, 95557.40013668603
1213, 95505.84884753783
893, 95442.88405743103
1215, 95300.8851745703
959, 95281.83679976541
35, 95217.46045855337
941, 95206.09696487829
848, 95102.96882549838
1233, 95041.0496368689
945, 94903.75351223601
378, 94104.88442718639
1114, 93768.66236546176
1220, 93749.13267713362
76, 93217.92689554706
952, 92997.19899980021
462, 92832.370181299
1291, 92767.82642941072
499, 92579.45475849966
1055, 92562.32663511603
767, 92494.70896532977
87, 92339.63843651503
578, 92005.04606633584
974, 91876.90022008466
629, 91632.16490290617
950, 91541.16609898463
1104, 91520.80034055859
292, 91304.99109979291
738, 91301.01520571188
1375, 91134.46594969594
911, 90788.55431479837
52, 90721.00241926897
996, 90214.53772454482
336, 89999.24053994275
678, 89826.74682951957
377, 89720.15833824454
440, 89548.52958260496
265, 89504.7667125621
296, 89464.20258614213
559, 89408.89300196138
1252, 89395.32746323681
1068, 89335.52648539023
66, 89327.22729445505
1154, 89292.2696733339
407, 89142.44711274079
324, 89116.28749445133
810, 88980.73924150366
1275, 88889.85954556204
1276, 88744.5748945998
755, 88712.22800604392
294, 88683.56758856111
615, 88405.83393874028
406, 88381.08267379676
394, 88367.74545583066
243, 87639.00258735931
650, 87540.17717576554
329, 87512.90128401874
1151, 87418.23831908074
1212, 86911.5046722418
1355, 86822.7978013982
392, 86821.26444475021
1359, 86795.90629047298
1021, 86757.21271573711
624, 86713.93403646759
1050, 86511.34728570441
171, 86471.74223002982
341, 86234.11344996195
1156, 86082.53303023074
1261, 86026.28410030043
60, 85979.83013529444
1049, 85911.783559151
664, 85801.69303068757
843, 85766.77779935057
344, 85713.78256335556
95, 85274.52440880681
355, 85210.67165366262
1064, 85179.00839621686
431, 85145.63563094297
1098, 85093.15224688669
1022, 84986.344188526
1208, 84880.56569940757
603, 84836.81396665129
79, 84774.78431188632
1209, 84670.10329680948
1239, 84658.64249305252
1054, 84570.18258723771
175, 84499.17892783615
1206, 84322.20381343077
839, 84174.9868851103
323, 84105.78559824245
280, 84098.65600670107
859, 84001.08139379117
376, 83914.23497832961
716, 83825.71885050154
925, 83692.84334187869
1047, 83583.28426132364
1024, 83544.5897446442
1023, 83544.5897446442
1237, 83544.58508664957
317, 83473.48067565779
736, 83411.40009757559
884, 83399.8575087679
447, 83317.793832331
522, 83288.6311457464
319, 83213.96197359748
1131, 83155.98751795474
340, 83138.77063263349
610, 83031.13660818814
988, 83003.17025493788
100, 82935.3675542588
1257, 82905.07257382994
714, 82836.98090101113
101, 82702.81242017877
543, 82699.33457376914
472, 82649.16536251653
547, 82600.29314741828
548, 82574.96129749007
979, 82370.16589810848
1129, 82350.6811338873
1127, 82270.48775089574
561, 82246.18597362554
1353, 82173.88666552563
1289, 82016.71571982188
82, 82016.71571982188
779, 81955.07810507555
723, 81801.47314875029
737, 81676.70166586341
1207, 81662.55814504495
806, 81639.16188457092
1372, 81564.51245203351
966, 81395.0152284388
671, 81392.42894516558
707, 81374.71126746353
75, 81332.5038792923
880, 81210.72992068932
1205, 81187.1663587968
887, 80986.02774450021
1095, 80963.15216708416
1014, 80756.73830334455
896, 80544.93647905627
907, 80544.39013522083
197, 80536.55817384763
990, 80512.54152834235
1254, 80459.5761211376
746, 80298.46819423349
327, 80205.69847745706
669, 80120.17431211987
747, 80001.76408508356
385, 79810.43709698526
1097, 79634.3083553816
198, 79526.08460832335
758, 79451.57069833834
995, 79445.26758609882
998, 79333.57219572322
1244, 79148.30764775827
715, 79131.9558724796
616, 79130.94505662915
677, 79120.38307001903
587, 78896.4246171917
57, 78775.9464508373
797, 78770.14280102914
1327, 78754.55542492685
894, 78721.51073474182
883, 78694.68646032123
599, 78524.44632222824
1153, 78425.87947107462
1226, 78350.51026684314
489, 78308.56212866554
1096, 78137.58208233055
766, 78085.53153454291
1045, 78048.02916863398
282, 77937.03264848165
649, 77668.90320600853
1340, 77565.57560658624
585, 77562.53898343263
1053, 77552.50570447599
1116, 77549.17446277828
1033, 77516.48192684652
1335, 77460.22174816606
926, 77231.31051817887
1374, 76986.51346270363
1198, 76964.04322101534
1195, 76954.99230155536
375, 76782.04938239172
118, 76691.98419750194
652, 76582.51891462825
586, 76424.4081931113
49, 76402.34855152092
1387, 76375.0818088605
9, 76372.10842722247
1386, 76256.44563211547
931, 76084.66734210531
648, 76076.92995262113
1197, 75982.5474121372
1196, 75890.6425377059
511, 75803.93357116077
393, 75773.68289538925
1298, 75704.87240254028
1311, 75507.70524762508
602, 75462.22601452346
658, 75099.62468186682
1380, 74999.83284622458
448, 74999.45799173808
821, 74997.18233597623
1402, 74831.81374225154
300, 74772.85865760976
1130, 74739.99456190845
1146, 74688.70014921152
1142, 74666.98270603505
1073, 74569.59242823272
96, 74454.54806083979
1331, 74447.37618194865
935, 74435.17974340839
660, 74387.17140085436
1093, 74340.91991856246
510, 74340.91991856246
774, 74295.2453337222
773, 74295.2453337222
316, 74038.0209850387
1366, 73350.68690051835
910, 73298.37214789733
1351, 73195.51963591586
181, 72940.14595769331
946, 72923.98691433319
32, 72917.53871698656
1377, 72852.846584497
1158, 72840.46955147227
573, 72755.04681548623
541, 72729.80890258042
590, 72572.48429922096
1128, 72569.10820976883
784, 72462.05789938121
1038, 72406.84046550028
383, 72230.9444269274
1007, 72216.42642413263
994, 71960.02228079629
1069, 71777.53985006666
126, 71523.28597690834
651, 71492.66156354625
951, 71477.4256177338
1259, 71353.26528881524
1260, 71154.7569803056
614, 71103.12281355921
117, 71101.56472527521
1242, 70986.19685742572
1241, 70986.19685742572
351, 70892.07959820256
639, 70875.68081742144
789, 70764.4262128326
147, 70705.59448259612
881, 70562.04385695531
1357, 70490.45749834023
928, 70452.56101738826
680, 70421.74637694922
888, 70168.47449372915
631, 70117.89487894643
953, 69856.1719518973
297, 69856.1719518973
997, 69820.39319994146
873, 69820.39319994146
50, 69691.16017850269
196, 69686.22053589093
1358, 69616.5672389582
1294, 69599.2022700639
837, 69531.26090530017
1297, 69529.189115484
312, 69517.04113217574
1211, 69513.21745493772
91, 69480.2745666736
182, 69282.0576000734
163, 69280.84826456055
1269, 69115.56336521286
572, 69110.93143407143
1251, 69102.08666347242
199, 69095.60707433766
58, 68981.56432360866
92, 68974.90255003021
933, 68915.76076290665
1099, 68769.64553560311
917, 68735.79993314156
97, 68614.63808738186
626, 68599.3644286279
1118, 68475.30677574601
595, 68475.30677574601
34, 68417.96052470549
1296, 68417.38425547353
851, 68394.81393526965
989, 68364.49309342272
403, 68364.49309342272
1392, 68228.85058792286
1325, 68224.10574207401
339, 68202.93973619546
453, 68202.72710265592
452, 68202.72710265592
127, 68175.79084842445
1268, 68135.15343433226
1143, 68007.74830276349
1165, 67802.96148683362
628, 67651.89933717404
936, 67625.61854433699
718, 67356.58107645206
1231, 67204.95277845833
844, 67132.43260964085
1352, 67127.63601057981
524, 67099.51554359986
293, 67011.1644950446
1238, 66985.00473888505
913, 66922.83407928963
849, 66860.88611378729
1089, 66793.11687133038
1164, 66751.09526488573
200, 66751.09526488573
549, 66737.42040035792
188, 66665.26438361489
443, 66605.03489853331
1333, 66531.26296419119
202, 66338.74520048224
33, 66308.79772608448
284, 66306.50100707338
895, 66247.67954237001
245, 66194.40567545731
1258, 66144.09995402068
688, 66098.20768666259
686, 65972.35786123209
138, 65908.20136521361
402, 65834.82431304215
1161, 65800.48895323757
232, 65787.48885601721
1336, 65744.92784177713
1230, 65551.01758001509
882, 65510.717508528825
1091, 65423.459894613035
1090, 65423.459894613035
389, 65392.47725242331
687, 65389.55036232791
591, 65388.83022235603
973, 65098.10137293417
357, 65094.8001472508
804, 65050.41186276426
387, 65021.76456840981
785, 65016.058713349834
214, 64959.04706177549
1364, 64933.78947713571
679, 64891.08004579806
1394, 64871.9436295805
875, 64656.845541527444
162, 64600.904771736656
567, 64546.521620749554
388, 64540.866814625
744, 64501.49217123873
1134, 64499.21150049843
625, 64498.72777432557
805, 64439.470266939155
918, 64433.70471880724
550, 64324.46707032598
608, 64239.26410417455
1309, 64126.178463988756
1319, 63905.17164417042
493, 63891.66732433669
912, 63869.662522554594
1048, 63843.19519238113
1265, 63831.02533413762
1126, 63788.56675401603
283, 63725.64245443138
731, 63709.723926059334
457, 63685.05457338451
965, 63653.89101870413
1267, 63649.863090042665
964, 63644.48015654749
963, 63644.48015654749
962, 63616.24459099455
1141, 63544.92720252235
1138, 63544.92720252235
521, 63460.59927173656
1140, 63348.91167012088
954, 63301.03028920503
1139, 63251.22741054885
914, 63134.65967850396
59, 63127.7662682574
1338, 63097.837359672514
1337, 63097.837359672514
763, 63094.682625043395
666, 63071.353717800936
1218, 63049.08205329239
1219, 63027.18702031418
405, 63001.685995553926
1163, 62926.95444882393
646, 62774.33134860468
657, 62678.70883524471
400, 62604.460447913036
732, 62578.06187358481
630, 62577.91951953452
726, 62559.14986115978
505, 62485.999484240165
1393, 62459.1830169287
1250, 62423.87989820093
879, 62413.17990526147
878, 62413.17990526147
77, 62410.115078772775
23, 62283.934974205215
308, 62231.64703938644
24, 62081.2593556207
1087, 62071.452518385464
342, 61808.99400795443
25, 61799.42757849336
31, 61699.23400899328
1391, 61675.5028082062
874, 61528.45547459211
333, 61429.118232333356
684, 61405.35312929689
321, 61208.344309275744
84, 61202.33375578782
1266, 61107.87864001085
1092, 60986.92178650946
685, 60927.92827663721
975, 60908.866204437465
506, 60897.30486601199
976, 60877.13378640056
635, 60875.96747613081
634, 60875.96747613081
1186, 60815.27504768153
234, 60806.601700183295
1182, 60800.81730106006
1178, 60800.81730106006
682, 60706.588183903266
1181, 60704.79106687704
1180, 60704.79106687704
1179, 60704.79106687704
725, 60621.158857653914
1177, 60593.34198471728
948, 60524.702226429785
247, 60521.54711879711
683, 60454.763267466515
1341, 60292.593019473876
1006, 60257.36444678332
1005, 60256.64774391273
681, 60141.68890257604
818, 59947.79080660172
207, 59669.17862293354
529, 59653.44133344962
287, 59640.168868943976
386, 59635.832085587615
203, 59526.69661446439
787, 59506.80303252808
508, 59478.240391275715
842, 59416.16543598266
788, 59362.011886596534
1214, 59318.02204286368
507, 59274.94527605349
132, 59204.51773953645
328, 59202.66229840142
724, 59194.39692652009
372, 59119.38333591278
371, 59076.63132521654
1000, 59058.106982129946
566, 59031.53308853722
675, 59001.39780444839
863, 58950.44005557982
957, 58734.40751379828
841, 58690.22863413333
1210, 58664.03791633107
1416, 58625.80514698816
