828, 100000.0
654, 99880.32005444594
481, 99683.26346718457
1162, 99662.25392118952
829, 99662.25392118952
1080, 99111.46414365138
1314, 98838.53357384863
740, 98482.13050671853
739, 98375.96641349378
1060, 98223.789143695
123, 98168.71954422611
765, 97987.70400034098
515, 97987.70400034098
514, 97987.70400034098
502, 97941.30043206851
690, 97697.24428340806
141, 97664.1201642426
932, 96581.94952072798
274, 95933.6498416653
271, 95933.6498416653
133, 95834.43777132755
1077, 95558.87899520266
1396, 95247.40169364163
1245, 94305.77594530827
74, 93885.15019831854
1172, 93597.80802946695
6, 93236.29892979871
269, 93050.10269938155
227, 92986.2668952819
516, 92757.34903745943
362, 91690.55252801736
1029, 91625.27070602975
661, 91536.57008562848
1035, 90843.51813969947
353, 90709.17882858393
1074, 90514.27626887066
256, 90041.6189530597
831, 89420.81365383348
145, 89290.15100572376
1004, 89237.26710220776
1147, 89167.3629533371
464, 89167.3629533371
1373, 89131.04171951447
1003, 89063.10785943602
369, 88728.87961613189
796, 88186.01201488459
919, 88044.77356702254
852, 88023.54998717929
503, 87867.83548219412
5, 87817.39259911302
1199, 87657.47144104105
1334, 87596.7464183316
273, 87580.65792040355
794, 87269.19499922833
19, 86822.8974231342
1190, 86660.17811125654
674, 86610.1887711359
1188, 86602.88455013224
139, 86489.68616580885
1404, 86420.59654930525
1228, 86384.58310918791
865, 86384.58310918791
142, 86297.39975015417
93, 86193.99314614567
1317, 86155.84903434815
815, 86097.9875601368
1302, 85849.55065784029
920, 85768.93788332105
501, 85559.3424845406
1344, 84747.3367820189
830, 84158.99346642863
1039, 83885.04691391563
1061, 83593.76227266053
745, 83243.05722590591
700, 83038.14513066327
45, 82834.22606237771
866, 82798.59668794548
43, 82797.63961719295
302, 82722.11342818521
673, 82622.70821019266
992, 82609.90800467062
860, 82364.58717156375
562, 82334.51216663381
1085, 82292.61951136342
701, 82234.92299102791
564, 82148.77222771604
451, 81885.76147664941
1234, 81882.56675749931
1086, 81865.12273262235
1399, 81656.65417036021
1288, 80474.7205019163
1397, 80372.653166026
1109, 80292.66362534645
1081, 80254.05597375109
1110, 79770.85653114847
1108, 79770.85653114847
607, 79487.44567920778
399, 79485.07502218065
546, 78880.63384095409
1101, 78468.36964950856
151, 78342.97494283688
401, 78212.6036090687
1395, 78174.71289099868
861, 78120.76889419534
124, 77957.81289932324
149, 77956.52355995175
840, 77883.72944667992
1075, 77821.006812353
1076, 77565.71173655438
238, 77529.93248551368
1414, 77463.5878031554
134, 77381.05912809627
558, 77196.97843434334
1057, 77023.72434570512
264, 76760.56501227849
1056, 76724.52298974329
922, 76346.88171904675
1106, 75874.23203231423
1105, 75874.23203231423
1102, 75874.23017732466
409, 75573.27182596576
391, 75533.48358224604
155, 75423.83644745682
1313, 75364.82513290385
1136, 75333.12335717095
418, 75286.6471658423
471, 75255.4722531274
1400, 75248.93506962131
1088, 75210.37814743919
1232, 75173.00418113467
423, 75101.78522653805
424, 75082.426371439
437, 75081.33363507371
1018, 75016.14283786141
154, 75016.14283786141
1028, 74845.70865559013
571, 74615.57235202467
659, 74541.43715437419
1382, 74327.02274154258
709, 74310.41176772962
834, 74305.67664813451
1398, 74282.45339633315
1044, 74247.772910828
554, 74217.16472648551
555, 73989.03426846725
855, 73817.40909322993
454, 73802.53062808608
1059, 73713.27069554359
856, 73617.34267042008
854, 73617.34267042008
270, 73600.41269532846
268, 73600.41269532846
442, 73135.00459285648
233, 72936.23562593438
1113, 72935.97185118134
309, 72651.90685408487
868, 71834.54552678044
1323, 71706.4351552548
64, 71346.0273941407
168, 71214.54118228923
645, 71196.16885460589
644, 71196.16885460589
63, 71196.16885460589
250, 71087.28232141705
61, 70899.7584082251
26, 70863.88580689764
504, 70839.0514711625
434, 70724.36347149969
500, 70719.20237511396
390, 70673.86012549848
72, 70483.07091244955
228, 70364.32324206184
553, 70348.01263666138
1403, 70334.57562791559
419, 70196.7874841077
398, 70192.32479335826
545, 70169.03301783557
1002, 70156.00500662882
600, 70096.83568956803
835, 70038.32345418133
397, 70023.67204470538
417, 70011.98784366583
167, 70011.4200054325
267, 69994.27191862259
172, 69909.71455057141
556, 69888.2973969778
759, 69810.03150405159
1401, 69799.42244054725
366, 69709.59625822317
444, 69696.62401619316
1058, 69387.1368179408
1027, 69365.02680751587
410, 69309.41928414974
699, 69289.79531078305
993, 68789.14800383624
187, 68548.90769973367
194, 68513.68527837575
619, 68512.30081415505
905, 68508.95891397819
899, 68508.95891397819
749, 68335.01967422717
192, 68325.85448155264
191, 68325.85448155264
1264, 68166.23322847117
1263, 68166.23322847117
460, 68104.00401215811
209, 68015.25445828549
249, 67764.3061844409
42, 67703.8241334565
1043, 67515.9055113037
330, 67495.80432047161
647, 67476.03407099801
903, 67471.77355550608
1410, 67354.43110819043
180, 67267.44512429449
122, 67258.93739167774
1300, 67256.94017928002
574, 67212.96995273666
604, 67212.39346315734
1015, 67053.09989823491
968, 66526.29610182786
620, 66508.30090778689
1170, 66441.69342110475
305, 66184.7300658872
1173, 66151.65762313061
704, 66043.3921443263
702, 66043.3921443263
1016, 66018.62502673334
1409, 65958.77103805938
1065, 65958.77103805938
85, 65958.77103805938
1408, 65938.28691884487
1407, 65930.0800147702
601, 65927.51378553265
86, 65855.87420578215
594, 65814.73336212392
782, 65622.78845744372
216, 65481.79905229421
161, 65454.76534912351
160, 65450.050096381296
159, 65443.16961684693
441, 65284.35030074887
1017, 65217.316996539164
210, 65109.57036936817
146, 65109.57036936817
1152, 64939.27204712562
783, 64811.08510189374
1240, 64787.135717752906
802, 64735.60761437167
801, 64735.60761437167
346, 64715.03379020593
970, 64307.60832098478
88, 64197.74780548073
170, 64118.15836338074
53, 64118.15836338074
218, 64105.58409863465
158, 63915.138887067034
157, 63915.138887067034
1067, 63657.912615717
169, 63630.79217188352
285, 63098.468168897525
304, 63073.14750780285
1036, 63003.55984525037
1191, 62999.55683278574
1189, 62662.56102578509
518, 62615.82812606712
696, 62490.71796022232
565, 62381.47254155503
705, 62364.70696497792
703, 62364.70696497792
459, 62291.71871388947
762, 62117.46034493006
908, 62061.65865275912
772, 62007.23142465404
1066, 61951.272495730205
776, 61500.42869151988
1287, 61322.32376208046
775, 61115.54320531466
420, 61077.60138423074
969, 61043.581477221145
575, 60988.6981676983
415, 60924.87403562211
421, 60882.04919616318
1155, 60844.546589502046
427, 60807.83086133898
1262, 60719.60325439165
972, 60595.733141090466
967, 60595.733141090466
361, 60586.02212960487
1346, 60399.52310415554
853, 60386.299852956196
915, 59634.23567515176
583, 59540.1318272458
512, 59528.97105126762
108, 59430.59157650804
643, 59282.7051492864
177, 59261.94840388223
1413, 59077.75695685378
1255, 59004.49800667569
1348, 58992.04833538959
613, 58899.26560970076
222, 58826.19511737999
272, 58737.897942221076
367, 58387.535501564395
1362, 58310.1923395996
1285, 58180.53048266605
1193, 58161.18170775748
156, 58115.35065888831
217, 58061.099991801
1149, 58032.76145121771
1286, 57964.361033192916
698, 57942.37417757955
544, 57827.12928580194
116, 57755.17358281662
347, 57704.79328512994
858, 57603.165785058096
461, 57543.312058764015
1290, 57269.099314440056
827, 57210.86308635233
1236, 57086.48685785467
135, 57030.12354993492
1040, 56995.64831280278
612, 56721.39292349829
102, 56648.58224322814
136, 56647.22479253927
1379, 56606.72234784785
1419, 56580.263418062415
971, 56474.11197365491
846, 56376.166259062746
517, 56374.81579845285
65, 56259.44119760637
62, 56259.44119760637
1342, 56255.39087148733
112, 56183.5286837874
137, 56177.18532104876
4, 56094.53505989695
1299, 56055.44983307694
540, 55998.43929289178
1084, 55982.60245594169
1082, 55982.60245594169
1204, 55866.44099419475
750, 55697.8901273903
751, 55619.04163464098
495, 55577.3075949956
1201, 55514.46581571363
433, 55491.3180839096
204, 55484.757596147436
15, 55432.316176885564
488, 55357.36678632336
363, 55339.29879096913
509, 55323.069244351216
1020, 55304.5968280893
1318, 55242.481868065675
364, 55235.94425576336
930, 55216.835126496466
845, 55198.817379446475
799, 55189.449711912006
798, 55189.449711912006
277, 55063.272026945706
633, 55045.774780089276
1274, 55042.82908896888
252, 54956.173305046905
239, 54938.20479283973
21, 54938.20479283973
692, 54906.064240642394
609, 54897.54488496063
1200, 54623.0495852004
350, 54460.02195492531
1169, 54445.83222763648
425, 54440.98091521371
348, 54436.577220226565
416, 54205.96957697754
3, 54124.15465498629
2, 54124.15465498629
396, 54035.33567686749
44, 54035.33567686749
291, 53928.2609885413
754, 53862.66800326912
1148, 53774.343616830025
1308, 53739.63776336035
885, 53661.861394416424
712, 53641.95176022586
1144, 53623.149534748736
1224, 53607.46683379421
867, 53490.45086936559
781, 53454.35345702851
153, 53427.43493229808
1246, 53317.16320979997
811, 53308.80592317012
231, 53070.45483873905
411, 53046.238559869606
426, 53006.29116390452
414, 53006.29116390452
1100, 52975.75317963995
352, 52957.04619489685
479, 52946.45013052337
422, 52854.92779935974
413, 52854.92779935974
219, 52835.47966315015
30, 52833.51598326444
955, 52805.13253722828
220, 52650.874044016935
354, 52627.47684501163
412, 52617.20271376945
299, 52552.271165372746
984, 52499.19965786416
480, 52483.41630654786
107, 52404.291184805305
584, 52317.31162708541
1117, 52300.52538208036
380, 52261.440542103366
636, 52216.484625980374
978, 52189.49762217512
428, 52126.03995329296
279, 52004.17265629174
987, 51928.70941670721
985, 51928.70941670721
986, 51820.16175123887
450, 51777.02501573976
449, 51777.02501573976
278, 51739.277790566026
382, 51633.95856979507
478, 51570.93186319981
1103, 51527.531780251535
771, 51491.600566877416
470, 51454.495811120534
179, 51304.19507693904
221, 51293.051003061984
1312, 51271.10766495071
812, 51254.606721319586
106, 51169.574712572554
1111, 51158.517174811466
622, 51150.96383719151
621, 51150.96383719151
41, 51104.065749529116
189, 51049.56923588313
581, 51002.27580462579
813, 50930.60777280082
435, 50928.66549339824
961, 50778.21228665269
176, 50683.09031053204
46, 50647.80984796507
513, 50552.32773701572
11, 50537.0328584002
473, 50526.20508521349
1192, 50514.56337656024
20, 50505.10162247287
1013, 50306.35627440826
1012, 50281.42553371312
618, 50265.74832123355
246, 50208.28010100833
242, 50198.166632917295
662, 50159.34525266247
1137, 50090.69918742432
663, 50056.02620781081
56, 49843.8168708126
1310, 49834.0950553123
358, 49727.45144331162
557, 49349.01218719045
780, 49207.66019945635
795, 49176.290200821706
534, 49049.074500171344
836, 49035.70948797827
251, 49016.567838229406
55, 48814.30995011266
29, 48761.340090877704
697, 48714.09677770975
695, 48599.77875293912
1217, 48585.431832295464
1216, 48585.431832295464
791, 48371.56127600631
39, 48362.72028289425
131, 48286.27713978099
536, 48231.570586264075
535, 48231.570586264075
656, 48023.92422988542
395, 47989.787295360606
694, 47919.86297607743
691, 47906.60977002603
847, 47851.77833222272
40, 47851.08893639703
606, 47636.14336635389
1381, 47600.96829778876
1112, 47445.232897794784
1306, 47334.81695870348
596, 47302.36004758838
605, 47218.37293733279
977, 47093.99333742268
1052, 46962.256029465236
706, 46782.359351332074
1280, 46766.94788072922
693, 46747.472540393326
598, 46718.70666601256
178, 46632.87997922061
381, 46065.9210661627
173, 45876.42043202762
597, 45806.873132569504
215, 45796.4337336511
790, 45764.5699236761
1363, 45750.26793388982
