840, 100000.0
1075, 99896.62119564948
1076, 99476.33378505266
238, 99417.4935175853
1414, 99308.4278600988
134, 99172.83044508251
558, 98870.67288215437
1057, 98586.65590467044
546, 98403.21781214864
399, 97478.48527723669
1313, 95885.20833805959
1136, 95833.89861249008
418, 95758.69754823498
471, 95708.26895003566
423, 95459.83040222735
424, 95428.55592060441
1028, 95046.48851763771
659, 94556.34488701944
1382, 94211.5947022991
834, 94177.30211322395
1398, 94139.999845311
1044, 94084.30604191692
701, 93638.49604246036
270, 93047.24804746891
268, 93047.24804746891
43, 92919.41736892426
45, 92873.38215358714
745, 92364.77345575407
309, 91536.43656292012
830, 91262.6853855798
868, 90242.71776809637
64, 89473.08750971424
920, 89442.08152660336
1302, 89354.58424777418
645, 89237.53103546787
644, 89237.53103546787
63, 89237.53103546787
250, 89066.53433331044
93, 88984.47259411808
142, 88874.53021936156
61, 88772.35491487743
504, 88677.2045269343
500, 88489.47685554296
19, 88323.98274503593
228, 87934.54234979126
1403, 87888.08865303118
398, 87666.08610332118
545, 87629.75733245828
1002, 87609.43983126545
1334, 87537.28897809616
600, 87517.18745779786
1199, 87476.73029736998
835, 87425.997611434
397, 87403.16967984207
5, 87318.0463479865
503, 87268.23255347178
172, 87225.69675353532
556, 87192.35851616084
919, 87094.39875553933
759, 87070.57175758864
1401, 87054.06856926905
366, 86914.38694062128
444, 86894.22216914604
369, 86435.1708662773
1058, 86413.68673865049
699, 86262.76363676807
1003, 86120.34055683402
1373, 86056.9169427561
1147, 86023.08503529217
464, 86023.08503529217
1004, 85958.12403403776
145, 85909.1123251068
194, 85063.1496582064
619, 85061.01559204828
905, 85055.86434499694
899, 85055.86434499694
749, 84787.91967780012
192, 84773.81026671389
191, 84773.81026671389
353, 84635.23804380478
1264, 84528.22641406865
1263, 84528.22641406865
1035, 84518.62112574509
460, 84432.55898604443
209, 84296.19329411897
661, 83927.42239180171
249, 83911.06618326773
1029, 83852.9939014956
1043, 83530.517619204
330, 83499.75174430496
180, 83150.54143110193
604, 83066.43933694501
516, 82926.74844793082
269, 82694.15012643035
6, 82547.64646268489
1172, 82266.32987039388
74, 82045.6237758573
620, 81993.65998579757
1170, 81892.44830700358
305, 81502.42810577358
1173, 81452.28150016967
704, 81288.20337814196
702, 81288.20337814196
594, 80942.07496856405
782, 80651.94808264985
133, 80612.7220141789
216, 80439.0885043101
161, 80398.29813246378
160, 80391.1842120119
159, 80380.80402516994
932, 80091.29997305786
210, 79878.11884503668
146, 79878.11884503668
1152, 79621.95443808139
1240, 79393.36624859823
141, 79362.07239921897
690, 79340.21324540365
502, 79179.98084848742
765, 79149.67834733051
515, 79149.67834733051
514, 79149.67834733051
123, 79031.96570735941
1060, 78996.30978331668
739, 78898.15358336124
740, 78829.99986218939
88, 78510.07835209105
170, 78391.07842970664
53, 78391.07842970664
218, 78372.28375385658
1162, 78089.84031124623
829, 78089.84031124623
158, 78087.82696798469
157, 78087.82696798469
481, 78076.94650706668
828, 77883.72944667992
654, 77811.11386353557
1067, 77704.21943113451
169, 77663.81394044922
1080, 77343.69344503367
1314, 77177.38398342245
285, 76872.26405633282
1036, 76731.44434715167
518, 76157.10848757124
696, 75972.11449847637
705, 75785.94996164883
703, 75785.94996164883
459, 75678.1935270924
274, 75394.74811146887
271, 75394.74811146887
908, 75338.89844766635
1077, 75163.07830362553
1396, 74970.23894719641
1245, 74385.63083009396
775, 73949.19606608612
575, 73763.56622010481
421, 73607.61717818059
227, 73562.25267918126
427, 73499.15768916042
1262, 73370.29751760031
362, 72748.95848463726
1074, 72006.51021031807
915, 71791.43193363969
256, 71707.06338945632
512, 71638.92833003186
108, 71496.49883783478
831, 71312.78512286802
643, 71282.57538096556
177, 71252.56723123364
1413, 70986.46677876302
1255, 70880.72289143647
1348, 70862.7579635647
613, 70728.92014502878
796, 70525.2482469837
272, 70496.35110121689
852, 70421.30363783853
273, 70137.54737635046
794, 69937.65381143944
1362, 69881.16173538585
1285, 69695.01649855707
1193, 69667.25307709459
156, 69601.50500397202
1190, 69545.97341317534
217, 69523.70484249291
674, 69513.77520479052
1188, 69509.06993082985
1149, 69483.0763292595
139, 69436.12912970912
1404, 69391.59186371276
1286, 69385.04398846642
1228, 69368.37094206829
865, 69368.37094206829
698, 69353.54183098271
1317, 69220.7975862475
544, 69188.49913101035
815, 69183.44243540647
501, 68835.22129317376
461, 68782.59382987682
1344, 68308.65623534207
1236, 68130.89859146455
135, 68050.63194405627
1039, 67747.3360796231
612, 67611.51384579432
1061, 67557.21812074834
102, 67508.08644420565
136, 67506.15867262923
1379, 67448.64763111576
1419, 67411.08604957064
700, 67193.86782048435
866, 67036.92679956726
302, 66986.7821034073
65, 66956.17548362895
62, 66956.17548362895
673, 66921.58272522828
992, 66913.18496860946
112, 66848.67945538167
137, 66839.69942347705
860, 66752.14314409732
562, 66732.38777523351
4, 66722.73009463349
1085, 66704.86518780046
1299, 66667.43815609557
564, 66610.32015143242
1084, 66564.42351924506
1082, 66564.42351924506
451, 66437.29171875748
1234, 66435.18870100695
1086, 66423.7051130301
1399, 66286.3965631617
750, 66162.29287638995
751, 66051.06298603071
15, 65787.88911472517
363, 65656.91246999
1020, 65608.07008334255
1318, 65520.67290540999
364, 65511.476461334474
1288, 65505.409886085894
845, 65459.2578497989
799, 65446.084374028345
798, 65446.084374028345
1397, 65437.76660983709
1109, 65384.73267465554
1081, 65359.12836129636
633, 65244.14261108923
239, 65093.075826219785
21, 65093.075826219785
692, 65047.96019561552
1110, 65038.28687178986
1108, 65038.28687178986
609, 65036.00322835053
607, 64849.769572386664
350, 64422.85721273025
425, 64396.2139613761
348, 64390.05255869931
1101, 64169.85722803862
151, 64085.97333588406
416, 64067.653793617596
401, 63998.708454922125
1395, 63973.336145068
3, 63953.39314397738
2, 63953.39314397738
861, 63937.20655998544
396, 63829.42180436193
44, 63829.42180436193
124, 63828.00995189444
149, 63827.14563726976
291, 63680.067763717976
754, 63588.62779065123
1148, 63465.562597682714
1308, 63417.22575826967
712, 63281.23317988523
1144, 63255.06806608978
264, 63023.191424366734
1056, 62998.893447908835
1246, 62829.72130953961
811, 62818.11619716336
922, 62744.05821291128
411, 62453.83962067077
1106, 62424.47697136166
1105, 62424.47697136166
1102, 62424.475715728775
426, 62398.47407615482
414, 62398.47407615482
1100, 62356.15958347463
352, 62330.24280137981
479, 62315.56438042043
409, 62220.61521754192
391, 62193.64233738114
422, 62188.82440402875
413, 62188.82440402875
219, 62161.902641130204
955, 62119.90055841251
155, 62119.285382402864
1400, 62000.597445994965
1088, 61974.41968056842
1232, 61949.04056027181
437, 61886.77206812237
412, 61859.98494155704
1018, 61842.474052652455
154, 61842.474052652455
984, 61696.94789257953
480, 61675.15081126668
571, 61569.984008745705
1117, 61422.74262775395
709, 61362.05349766027
636, 61306.8610088568
554, 61298.457400557236
428, 61182.221722922615
555, 61142.75113960362
855, 61025.50159332135
454, 61015.33258925538
1059, 60954.31106817479
987, 60910.54666030121
985, 60910.54666030121
856, 60888.70245894189
854, 60888.70245894189
986, 60761.255727382726
442, 60558.36563920921
382, 60505.412527770866
233, 60422.017470075865
1113, 60421.836445620625
1103, 60359.3244426829
470, 60259.13052439464
179, 60053.09450582724
1312, 60007.76509603003
812, 59985.16270060001
41, 59779.07154086374
189, 59704.51641028473
1323, 59575.5765436993
813, 59541.862332538345
435, 59539.207751333
961, 59333.682069745766
168, 59235.641421908644
176, 59203.8471247002
46, 59155.71255079534
513, 59025.49889247972
11, 59004.64817381788
26, 58992.82996043871
473, 58989.88850781651
1192, 58974.02052380281
20, 58961.12478286308
434, 58896.10567361815
390, 58861.07833943624
72, 58728.67814396232
553, 58634.88073917531
246, 58556.98716590496
242, 58543.23116105722
419, 58529.78431713897
662, 58490.436159620775
417, 58401.25252558074
167, 58400.85740948616
267, 58388.92483955363
663, 58349.99389325347
1027, 57950.39047019339
410, 57911.57342567232
358, 57903.997857417
993, 57547.899217976395
187, 57379.665560584195
795, 57158.042898692016
251, 56942.37772867732
42, 56786.34709753342
55, 56669.60484336475
647, 56626.01077257723
903, 56623.01023275479
1410, 56540.34588220063
697, 56534.588165198395
122, 56473.03919063939
1300, 56471.63117123757
574, 56440.629101419196
695, 56380.676944017905
1015, 56327.854776997
791, 56073.764497168166
39, 56061.88419109958
968, 55955.63135009997
656, 55607.138894018724
1016, 55596.03915835312
1409, 55553.58599887933
1065, 55553.58599887933
85, 55553.58599887933
1408, 55539.05425758086
1407, 55533.23175724044
601, 55531.41106389566
86, 55480.57505171311
694, 55467.6671304233
691, 55449.91090304203
40, 55375.542652920354
606, 55087.88615894572
441, 55074.39231407003
1381, 55040.85086974672
1017, 55026.6787753655
783, 54737.199370272596
802, 54683.35223333739
801, 54683.35223333739
346, 54668.67107712046
970, 54377.63990693744
706, 53949.286322668
1280, 53928.792199987154
693, 53902.89691512211
304, 53492.356085125815
1191, 53439.414832955576
1189, 53196.73953523442
565, 52994.022060350275
762, 52803.36925775918
772, 52723.69702071224
1066, 52683.23429771742
776, 52356.83923489801
1287, 52227.70139259557
420, 52050.07993892326
969, 52025.371362035046
415, 51939.12255505467
1155, 51880.73122638889
972, 51699.72045036699
967, 51699.72045036699
361, 51692.65130379065
164, 51625.8906795333
1346, 51556.824467326456
853, 51547.18933974958
1389, 51479.2126290229
653, 51199.034930628106
583, 50929.34161554982
222, 50406.06655937967
367, 50083.65133382193
116, 49617.65033408484
347, 49580.462172333144
858, 49505.41811539145
1290, 49258.47332757618
827, 49215.38335618768
1040, 49056.03587392143
971, 48669.18817453343
846, 48596.4271288536
517, 48595.42366678761
1342, 48506.65852867067
540, 48315.49764213821
1204, 48217.20299309799
495, 48001.67278952448
1201, 47954.78787264693
433, 47937.514198605044
204, 47932.618168748704
488, 47837.51636431134
509, 47811.901860366
930, 47732.535445567024
277, 47617.73684382475
1274, 47602.44786127233
252, 47537.62218381459
1200, 47288.160982448404
1169, 47155.28439489683
885, 46566.075173481026
1224, 46525.10936861841
867, 46436.94469326401
781, 46409.73714068393
153, 46389.44480055757
231, 46120.08292984236
30, 45941.03684229885
220, 45802.87790929396
354, 45785.17016124029
299, 45728.238231595555
107, 45616.153165333046
584, 45550.2336217737
380, 45507.87542352026
978, 45453.3152562332
279, 45312.678797017055
450, 45140.12859393398
449, 45140.12859393398
278, 45111.43552408585
478, 44983.40419945071
771, 44923.03372681852
221, 44771.83505176747
106, 44677.73080214499
1111, 44669.30077569794
622, 44663.54200954259
621, 44663.54200954259
581, 44550.13632178479
1013, 44018.23838906149
1012, 43999.14945504096
618, 43987.14453804061
1137, 43853.0360838828
56, 43663.696349798614
1310, 43656.23570625668
557, 43283.51824710326
780, 43174.739757520285
534, 43052.607698289714
836, 43042.31045162414
29, 42830.76728405226
1217, 42694.9868264662
1216, 42694.9868264662
131, 42463.800695738086
536, 42421.486219369704
535, 42421.486219369704
395, 42234.33288304202
847, 42127.40505806876
1112, 41811.98888516293
1306, 41726.21239408871
596, 41700.98926301144
605, 41635.701610025004
977, 41538.964263531656
1052, 41436.43864455418
598, 41246.71605914562
178, 41179.80268395846
381, 40737.05784089719
173, 40588.793338472686
597, 40534.34440299956
