852, 100000.0
796, 99791.1448005916
273, 99428.78062271675
794, 99027.53964351097
831, 98255.7890175254
1190, 98244.08977699064
674, 98179.84798747678
1188, 98170.46209114809
139, 98025.02962562254
1404, 97936.29117604323
1228, 97890.04314155267
865, 97890.04314155267
1317, 97596.42540269157
815, 97522.18350653508
256, 97517.01426282979
1074, 96968.6140807563
501, 96831.68434156572
1344, 95792.92130899282
362, 95653.98894193643
1039, 94692.66860177448
1061, 94321.65746852645
227, 94283.4094267333
700, 93614.883654435
866, 93310.53714336794
302, 93213.41217566536
673, 93087.21298542856
992, 93070.96537024427
1245, 92964.5218222514
860, 92759.69677532316
562, 92721.55303456615
1085, 92668.42697892935
564, 92486.05934318338
451, 92152.82560575337
1234, 92148.7795572105
1086, 92126.68774326688
1396, 92067.28012396157
1399, 91862.76607461399
1077, 91778.11449874382
274, 91435.05012191135
271, 91435.05012191135
1288, 90369.61417040782
1397, 90240.92412343623
1109, 90140.09857445853
1081, 90091.44305635033
1110, 89482.97311675266
1108, 89482.97311675266
607, 89126.50477994715
1314, 88943.56257089377
1080, 88723.69754556946
654, 88116.48888570465
828, 88023.54998717929
1101, 87847.27492860661
481, 87778.04478828132
1162, 87761.75351945266
829, 87761.75351945266
151, 87690.14330816423
401, 87526.83911699733
1395, 87479.38905504838
861, 87411.84512199608
124, 87207.87330263748
149, 87206.25984156923
740, 86845.3408114821
739, 86762.77292746126
1060, 86644.38213560366
123, 86601.52846037888
765, 86460.62712796862
515, 86460.62712796862
514, 86460.62712796862
502, 86424.497027284
690, 86234.40713866072
141, 86208.59891276705
264, 85712.37645432989
1056, 85667.440277382
932, 85364.30889489909
922, 85196.90352488542
133, 84779.82934129117
1106, 84608.74711135999
1105, 84608.74711135999
1102, 84608.74480470105
409, 84234.67724620053
391, 84185.24914265829
155, 84049.0676608431
1400, 83831.93425698567
1088, 83784.08279237193
1232, 83737.70478519147
437, 83623.97144980363
1018, 83543.11009529918
154, 83543.11009529918
74, 83250.72205990908
571, 83046.60096030268
1172, 83024.70971728691
6, 82740.13773757234
709, 82668.75693057671
269, 82593.47122670419
554, 82553.36983374313
516, 82362.7361424591
555, 82271.2106123621
855, 82059.0673215445
454, 82040.68146293676
1059, 81930.39710019129
856, 81811.9072194663
854, 81811.9072194663
1029, 81468.94563004455
661, 81398.8119039061
442, 81216.64586918194
233, 80971.59419024458
1113, 80971.26909415756
1035, 80850.3114763931
353, 80743.8850998496
145, 79617.58336909585
1004, 79575.53373347393
1147, 79519.94249040923
464, 79519.94249040923
1373, 79491.05432233511
1323, 79458.70421178151
1003, 79437.01615098098
369, 79171.02359336124
168, 78855.15007706759
919, 78625.91026820794
503, 78484.77390869043
5, 78444.52654000751
26, 78425.44162826499
1199, 78316.89601329519
1334, 78268.41934086404
434, 78254.59102147214
390, 78192.76537145802
72, 77959.28809234855
553, 77794.09228050805
19, 77650.0297619363
419, 77609.20169619862
417, 77383.37651483862
167, 77382.6828098881
267, 77361.73424549816
142, 77229.43554256798
93, 77146.60828870191
1302, 76870.56410807498
920, 76805.92570678015
1027, 76593.77799456677
410, 76525.98214018362
993, 75892.22356045485
187, 75599.91335732525
830, 75512.34654294589
745, 74774.12621297796
42, 74573.33808458602
45, 74444.08536279395
43, 74414.53380337627
647, 74297.07216802872
903, 74291.90677135278
1410, 74149.66814157003
122, 74033.9507170683
1300, 74031.5308873735
574, 73978.26007072693
701, 73959.68368582938
1015, 73784.63338441649
968, 73147.25017403677
1016, 72533.96561999517
1409, 72461.72122890892
1065, 72461.72122890892
85, 72461.72122890892
1408, 72436.99965146265
1407, 72427.09544655296
601, 72423.9985356204
86, 72337.55388376272
399, 71727.9106274675
441, 71648.5808780139
1017, 71567.84916439925
546, 71235.3250901986
783, 71078.94835468441
802, 70988.17635002417
801, 70988.17635002417
346, 70963.43705758131
970, 70473.83505908301
840, 70421.30363783853
1075, 70370.02075330459
1076, 70161.20630864988
238, 70131.93076959836
1414, 70077.63895440519
134, 70010.09092275897
558, 69859.3751830273
1057, 69717.46128237474
304, 68994.012128236
1191, 68905.96625279576
1189, 68503.02158092849
1313, 68355.5705402234
1136, 68329.49033445862
418, 68291.25192176604
471, 68265.60021943791
565, 68167.23395289715
423, 68139.11282396244
424, 68123.17670819316
1028, 67928.25021163352
762, 67852.10112306818
772, 67720.60176572169
659, 67677.52873879438
1066, 67653.86114869098
1382, 67500.7367905762
834, 67483.13108586991
1398, 67463.97609466827
1044, 67435.36890672066
776, 67116.5572519168
1287, 66904.49461443069
270, 66900.92493285683
268, 66900.92493285683
420, 66613.29598666764
969, 66572.83196006443
415, 66431.67070671674
1155, 66336.17732429267
309, 66116.31552996495
972, 66040.53190751094
967, 66040.53190751094
361, 66028.99750107802
1346, 65807.54478582434
853, 65791.84787858119
868, 65438.70976664743
64, 65033.06442738221
645, 64908.52953075294
644, 64908.52953075294
63, 64908.52953075294
250, 64818.01399514451
583, 64788.66635627547
61, 64662.071197202
504, 64611.572432971974
500, 64511.8542154618
228, 64216.40955919776
1403, 64191.63219003127
398, 64073.12337964984
545, 64053.71507072553
1002, 64042.85874625993
600, 63993.54815693085
835, 63944.77803855092
222, 63944.20573953605
397, 63932.56493622706
172, 63837.55722212721
556, 63819.69848395288
759, 63754.42822237211
1401, 63745.57975983494
366, 63670.65110909527
444, 63659.82891069265
367, 63426.23304425629
1058, 63401.53319217894
699, 63320.25159802699
116, 62680.716065280816
194, 62671.48377888256
619, 62670.325354254484
905, 62667.529065131086
899, 62667.529065131086
347, 62621.380575238385
749, 62521.95567326898
192, 62514.28338317945
191, 62514.28338317945
858, 62501.71545650234
1264, 62380.63448188366
1263, 62380.63448188366
460, 62328.516334894644
209, 62254.17292750701
1290, 62108.60922760073
249, 62043.87052214429
827, 62040.120543321354
1043, 61835.57355245726
330, 61818.71201162338
1040, 61787.11941144182
180, 61627.097471358175
604, 61580.88770288805
971, 61174.680014293604
846, 61059.767496102235
517, 61058.183331623724
620, 60989.32024385395
1170, 60933.30386634146
1342, 60918.11626099043
305, 60717.11240595077
1173, 60689.277432189345
540, 60616.91863688718
704, 60598.141179473896
702, 60598.141179473896
1204, 60462.27937186599
594, 60405.578668612325
782, 60243.84942898975
216, 60125.004943620974
495, 60123.762422384905
161, 60102.21258585511
160, 60098.23695626143
159, 60092.43564807374
1201, 60050.22547522997
433, 60023.14161268406
204, 60015.4658895635
488, 59866.44894247488
509, 59826.3385207057
210, 59811.04019876789
146, 59811.04019876789
930, 59702.12511952978
1152, 59667.30078443017
1240, 59538.83913550615
277, 59522.64128931159
1274, 59498.753794127544
252, 59397.51278798901
88, 59040.70699467694
1200, 59008.56042930662
170, 58973.384185711155
53, 58973.384185711155
218, 58962.74668859641
1169, 58801.798155383556
158, 58801.59410774452
157, 58801.59410774452
1067, 58583.810140259884
169, 58560.84008813015
285, 58109.66452428758
1036, 58029.16096963351
885, 57888.41748598511
1224, 57825.12200719683
518, 57700.07845426284
867, 57688.992246065776
781, 57647.00799073173
153, 57615.70243036799
696, 57593.82445660647
705, 57486.771693769355
703, 57486.771693769355
459, 57424.7489773118
908, 57229.178113914815
231, 57200.77737819939
30, 56925.61842301838
220, 56713.64533257583
354, 56686.49888954532
299, 56599.25461251534
107, 56427.64277358499
775, 56423.71023073996
584, 56326.807618466926
575, 56315.57614461976
380, 56262.04998051058
421, 56224.63232250553
978, 56178.67981782354
427, 56161.32901038473
1262, 56086.061355966645
279, 55963.9991726959
450, 55701.02995618436
449, 55701.02995618436
278, 55657.346871140864
478, 55462.58681334436
771, 55370.84138667606
915, 55158.75831053374
221, 55141.315192050955
512, 55068.688836395515
106, 54998.64201878954
1111, 54985.86787717949
108, 54984.48904796149
622, 54977.142175267436
621, 54977.142175267436
643, 54857.87862670523
177, 54840.104322815445
581, 54805.415298433305
1413, 54682.337789911806
1255, 54619.568543935784
1348, 54608.90034795689
613, 54529.383749846995
272, 54391.04424152669
1362, 54024.102580041224
1013, 54002.65626325254
1012, 53973.928362742365
618, 53955.86445138295
1285, 53912.78355271956
1193, 53896.16886342593
156, 53856.810753064645
217, 53810.216287951196
1149, 53785.87452904927
1137, 53754.22200607285
1286, 53727.113930233936
698, 53708.223576714656
544, 53609.191972469685
56, 53470.00868225161
1310, 53458.82102537671
461, 53365.18091244047
1236, 52972.05947633097
135, 52923.52454033599
557, 52901.00092113814
780, 52738.60196126675
612, 52657.5513069212
102, 52594.79424889466
136, 52593.62412395021
1379, 52558.7090972431
534, 52556.482902655735
836, 52541.13843409296
1419, 52535.898316382336
65, 52259.18956529591
62, 52259.18956529591
29, 52226.26500083804
112, 52193.68228712805
137, 52188.2078322601
4, 52116.87090188197
1299, 52083.130546317625
1217, 52024.520556404656
1216, 52024.520556404656
1084, 52020.236086242454
1082, 52020.236086242454
750, 51774.311980544895
751, 51706.17421431993
131, 51681.66545426379
536, 51618.9996939788
535, 51618.9996939788
15, 51544.759201029345
363, 51464.32176446583
1020, 51434.30814896849
1318, 51380.57853873727
364, 51374.92299491711
845, 51342.80358048839
395, 51342.159103038284
799, 51334.69889379816
798, 51334.69889379816
633, 51210.37062539102
847, 51184.22691144318
239, 51117.25595387492
21, 51117.25595387492
692, 51089.429546306295
609, 51082.053342400366
1112, 50719.36031695291
350, 50703.02446732316
425, 50686.51955422625
348, 50682.70228569586
1306, 50593.199527401186
596, 50556.122101647714
416, 50482.744421621304
605, 50460.19496317457
3, 50411.77533333189
2, 50411.77533333189
396, 50334.714022930915
44, 50334.714022930915
977, 50318.17596876193
291, 50241.790586165625
754, 50184.85406947889
1052, 50167.81179833041
1148, 50108.171109758274
1308, 50078.034894703495
712, 49993.1967385663
1144, 49976.8650050692
598, 49889.97759914892
178, 49792.11580168718
1246, 49710.97381647923
811, 49703.70873691527
411, 49475.377616663165
426, 49440.62563791971
414, 49440.62563791971
1100, 49414.056939551796
352, 49397.780446182216
479, 49388.5607248853
422, 49308.916082211974
413, 49308.916082211974
219, 49291.98952425752
955, 49265.57543247622
381, 49146.26722163455
412, 49101.95626906364
984, 48999.17821112926
480, 48985.42892482789
173, 48930.63543673009
597, 48851.52767352116
215, 48839.65457914894
1117, 48826.06769566523
790, 48803.41697537216
1363, 48787.15290888148
636, 48752.81430884163
428, 48673.961528013046
800, 48514.88762363584
987, 48501.85905347738
985, 48501.85905347738
986, 48407.15204653147
226, 48365.60810866242
1378, 48291.25863277979
382, 48244.630320458906
186, 48234.17712607844
36, 48234.17712607844
1330, 48188.95346648445
1103, 48151.70440528682
474, 48088.617061925666
470, 48087.91893283605
179, 47956.61751272195
1312, 47927.70589412129
812, 47913.286540974
41, 47781.70832578252
189, 47734.06399090293
921, 47636.19860616813
813, 47630.0373226862
435, 47628.338621836716
961, 47496.72802127618
570, 47488.29975809196
176, 47413.49301549027
46, 47382.61627115448
814, 47308.01780657808
513, 47299.038356265
11, 47285.64847280253
473, 47276.16899628378
1192, 47265.97664567074
20, 47257.6926292142
538, 47191.19757366882
246, 46997.71614874524
242, 46988.85462264688
275, 46987.51929056055
662, 46954.83680475106
432, 46909.404678417835
663, 46864.28554629675
537, 46801.000710778964
358, 46576.15634167948
140, 46546.37994448212
795, 46092.29747098344
