864, 100000.0
1078, 99326.05165146007
332, 99106.85272772517
730, 98948.42711545608
1183, 98784.71420595108
870, 98423.00049025578
1046, 98124.13595502696
498, 97420.16019736757
492, 97125.00141680836
1415, 96911.61709113416
579, 96485.86878095886
1184, 96195.22040273382
1122, 95957.2109422977
1123, 95949.07220036443
1304, 95776.17668016342
48, 95459.6582802678
1008, 95263.69444375645
761, 94874.01826234083
1225, 94380.42861900433
568, 94058.75790588626
110, 93902.8924615525
1030, 93487.90860367051
446, 93461.92144143752
494, 93029.4378503528
956, 92950.37775805932
360, 92892.12899030845
1328, 91299.17096609464
1279, 91299.17096609464
897, 91062.70976514886
889, 90934.53073776794
349, 90053.62730926443
166, 90017.09344663493
1034, 89833.63510600268
1133, 89307.83354345628
927, 89063.57736455047
769, 88774.85817476966
904, 88689.3599531047
902, 88689.3599531047
901, 88689.3599531047
900, 88689.3599531047
322, 88598.45408600481
756, 88477.24597025986
1079, 88401.00527450358
193, 88401.00527450358
1171, 88253.62906750492
655, 88016.70851805923
51, 87681.63837655306
871, 87440.3327637781
38, 87380.36087646203
869, 87133.16172162033
617, 86892.67672509752
253, 86766.5412842748
286, 86748.2660831064
1132, 86629.64589870343
315, 86498.36764924272
569, 86166.77497087649
689, 86095.28879065736
497, 85935.94045258925
244, 85698.33541832269
212, 85432.40550923727
211, 85363.48287074048
582, 85008.21027977236
54, 84828.4833653812
1019, 84623.16468907478
445, 84623.16468907478
670, 84293.9955030383
947, 84007.14448021885
114, 83919.17772369423
757, 83913.75086112096
641, 83893.40481263852
1011, 83320.4278481922
241, 83204.37519834464
983, 83049.11291282816
741, 82900.29328076923
1388, 82715.1642930752
958, 82393.63759967012
78, 82142.92498881242
370, 82139.41643106031
1227, 82129.37982460338
729, 81949.12140967387
1321, 81867.04225703998
728, 81854.19412289043
81, 81836.1020118242
486, 81318.44793528707
326, 80870.88958296203
1405, 80505.3078980079
676, 80416.05847887933
311, 80282.70325996121
408, 80147.42520289037
528, 80089.88629444032
496, 79747.16996086614
105, 79239.33291244759
103, 79239.33291244759
83, 79234.22105414499
237, 79194.73824076384
104, 79188.26769434033
667, 79160.54383919307
1329, 78939.24275270294
1301, 78790.59751029238
70, 78611.11295861025
109, 78205.04645162397
1368, 78121.91215953128
592, 78013.08440638993
190, 77943.88269318604
1120, 77807.2608926408
120, 77437.21215277123
1272, 77386.26805110517
519, 77226.14854389253
476, 77062.46387898903
1125, 76796.2406845289
665, 76676.76684456378
1350, 76596.50951675074
892, 76480.87186843215
1411, 76469.4255333383
148, 76440.04001624025
213, 76299.53833781168
1256, 76133.90963336686
1270, 76000.63106706702
99, 75888.81086654797
71, 75829.85548896767
753, 75618.36672856689
872, 75403.6388587424
778, 75269.72596210867
208, 74955.15612663493
467, 74860.7734808006
119, 74841.77511914857
469, 74820.90263695408
468, 74767.83468785386
862, 74657.18300808905
466, 74537.17078684118
1383, 74455.8220599677
734, 74348.06160157982
313, 74309.72614403703
770, 74300.78833826231
1, 74110.66521093702
1025, 73874.53157075887
1135, 73534.6417909452
1115, 73493.77765601498
1145, 73415.9906432028
490, 73025.05464595187
717, 73016.05810105125
668, 73003.58488694447
458, 72969.62046369407
0, 72853.69975688518
345, 72821.92602827147
1360, 72344.19958514626
1356, 72325.08125306251
1284, 72321.54217097966
980, 72172.38259115702
1324, 72147.63793555803
713, 72085.72167550423
7, 71623.5055610921
1370, 71416.36104238707
1369, 71416.36104238707
1185, 71258.06734401663
942, 70434.8376111602
174, 70315.39416203638
1150, 70223.18101436332
642, 70159.5587728554
820, 70031.69827893449
306, 69624.17176105498
632, 69612.58408513133
520, 69609.62619733554
430, 69515.77599004077
255, 69104.79930093483
429, 69023.17396308234
792, 68896.49273687869
17, 68843.01616718284
10, 68843.01616718284
1249, 68840.12465128233
640, 68816.210703443
276, 68793.00879075789
786, 68759.3299516818
314, 68716.69262402806
1367, 68672.78031330067
337, 68651.76013366645
368, 68445.22767315373
1305, 68414.72408210076
240, 68375.98089920312
825, 68339.66557817793
588, 68222.2289452736
1303, 68155.59775830891
527, 67866.26275024338
816, 67805.5687755802
1124, 67738.0655415953
1384, 67304.39218961135
257, 67129.87227142863
733, 67034.04258879417
1315, 66984.94720646382
365, 66984.94720646382
833, 66757.86715637987
793, 66729.54125731363
195, 66709.09196095151
331, 66585.44896344641
768, 66557.53334141572
482, 66257.43782194941
1326, 66134.09931350444
638, 66045.58554375469
225, 66045.58554375469
206, 66031.72027512781
455, 65835.54499834681
1094, 65755.62526787593
938, 65682.14276765804
1307, 65665.31963886379
934, 65418.19843352258
236, 65324.867985269484
1418, 65191.08103253813
456, 65151.08018460357
1278, 65143.09288615736
98, 65077.21263302917
1322, 64933.276388356
748, 64677.18637278559
1354, 64645.60776184275
1416, 64639.63471598551
184, 64520.56014501279
183, 64520.56014501279
463, 64379.581762589485
266, 64369.71917885801
1063, 64276.58170365815
477, 64251.608001225504
863, 64249.52375466978
566, 64153.472617140425
1000, 64122.116691422496
371, 64100.293641815675
817, 64035.59571264642
328, 63952.57395527646
132, 63950.40898244539
1214, 63818.5041322195
788, 63767.664280331
787, 63601.42481642484
203, 63578.71502334901
386, 63454.6862896979
287, 63449.777037067266
207, 63416.97576022796
1032, 63208.8668047295
1005, 62766.600293129006
247, 62481.72971627686
948, 62478.367278842765
1177, 62405.39297312404
1181, 62287.61814817603
1180, 62287.61814817603
1179, 62287.61814817603
1182, 62186.84200379165
1178, 62186.84200379165
234, 62180.792038902466
530, 61603.60294297068
1273, 61593.356437483184
874, 61443.64234782586
891, 61344.22684511789
438, 61296.162065111894
31, 61274.273855200125
342, 61166.40308926884
475, 61164.26386050663
1087, 60911.526759905944
1250, 60575.923244232086
726, 60449.0851963567
630, 60431.570685032
732, 60431.4379292608
657, 60337.87335489073
808, 60231.38433683934
258, 60230.26977898989
343, 60133.85588937175
1163, 60109.59819653131
405, 60041.56655879333
125, 60020.95551082862
666, 59978.428041104584
763, 59957.34627621539
59, 59927.50147298034
457, 59433.780575862605
731, 59412.31095835768
1048, 59296.706532453805
493, 59254.95345226934
1319, 59243.342797695295
1248, 59196.6196172933
1271, 59190.06087777647
1222, 59055.73984692239
1309, 59054.661848263735
165, 58963.393599412404
777, 58837.499919217684
1134, 58741.79544155252
744, 58739.903886995584
567, 58702.609397145265
875, 58611.654995118035
679, 58420.493437711884
152, 58410.0583008122
1174, 58372.97068077239
150, 58372.97068077239
214, 58365.514658088345
307, 58332.75182213387
1283, 58283.72014142751
357, 58256.354692209134
356, 58147.40122775358
465, 58061.79336720891
591, 58022.856083588915
1091, 57995.61617945821
1090, 57995.61617945821
232, 57712.52628169037
1161, 57702.52538189321
402, 57676.14701758651
138, 57619.94728921181
1119, 57463.455502952296
1258, 57440.85021633161
245, 57402.96583718709
876, 57344.366242339085
202, 57294.86060078319
1333, 57152.028735995955
188, 57053.514707216265
185, 57033.662399585904
281, 57008.85584831905
549, 57000.77148402356
1164, 56990.79951997496
200, 56990.79951997496
1089, 56960.203930144715
849, 56911.01168612907
22, 56903.64168841951
13, 56903.63351957402
1238, 56821.393649924365
293, 56802.58364516808
1347, 56727.19235173038
844, 56715.73985534429
384, 56701.0815388701
1231, 56664.081972803215
288, 56563.40181999923
718, 56556.73467186258
940, 56398.59999487311
832, 56398.59999487311
936, 56368.43836067225
628, 56350.19190060387
720, 56336.77149335844
325, 56311.45854064582
235, 56265.878500290164
1165, 56245.81302806665
1235, 56233.45240100665
1143, 56105.6634368407
127, 55991.805883093504
453, 55973.65016705972
452, 55973.65016705972
1325, 55959.258998687634
989, 55865.16269719762
403, 55865.16269719762
851, 55844.93193158032
289, 55819.268123981055
295, 55780.66017088601
97, 55699.228960883374
1417, 55681.13370961293
89, 55660.56020505876
1099, 55597.50027064162
58, 55459.756217282564
526, 55444.864372533295
199, 55386.26013228355
572, 55376.41748204754
182, 55267.036974462215
589, 55230.50726650557
824, 55202.356478458925
248, 55201.0810941709
312, 55118.41320937801
837, 55109.477186323296
1294, 55066.87159522821
1358, 55056.00603181997
196, 55012.5201375389
50, 55009.44212982337
997, 54929.190483087776
873, 54929.190483087776
929, 54775.799482170725
631, 54746.44888666516
888, 54715.654456941484
73, 54662.91021742161
680, 54562.635551133746
928, 54544.15150434855
1357, 54521.458738775385
12, 54508.5998174447
147, 54393.44840528898
789, 54358.682113939314
639, 54293.21544508019
981, 54288.5794600366
614, 54160.502591264405
1260, 54130.58201590594
1259, 54016.26046480598
651, 53936.64740552201
485, 53920.623823224654
126, 53919.22987892409
484, 53819.58771243844
1406, 53788.857998088926
483, 53788.857998088926
1069, 53775.6278025868
994, 53673.654178987206
1038, 53427.737547571895
590, 53337.906505858125
379, 53324.018857591436
541, 53253.24339183507
573, 53239.72080747912
809, 53233.080217508585
807, 53233.080217508585
1377, 53187.472370852694
1316, 53174.56665045176
637, 53174.56665045176
946, 53149.618660994354
181, 53141.03823594979
1366, 52925.22483491349
552, 52597.73284675482
935, 52374.63525652959
1331, 52368.598587609486
1073, 52308.29276121745
1142, 52260.47721180452
300, 52208.735441276374
1402, 52180.03169887561
448, 52098.827860981924
602, 51877.83137383553
393, 51731.651333714035
1026, 51715.471802045264
1371, 51686.80576906095
648, 51591.25439134101
931, 51587.69671398478
9, 51456.3853446881
49, 51442.6669013704
652, 51361.30772442809
118, 51312.1882861306
375, 51271.94924381775
711, 51218.38785140026
224, 51160.119743886535
742, 51116.58250531178
926, 51073.558369112274
1009, 51056.0931164479
1335, 50973.940034004474
1033, 50949.605818538614
1053, 50934.05517209597
585, 50929.72829410305
649, 50883.97222083072
1045, 50722.55252666325
205, 50718.84581270334
67, 50677.58793260266
909, 50616.88953990408
489, 50613.11766998633
1226, 50595.60962983336
1390, 50586.85148775317
1153, 50564.22991925759
894, 50442.09662556151
1281, 50432.459417419675
1327, 50428.53842384178
797, 50422.14941581724
57, 50419.77165499914
310, 50288.373498869834
677, 50279.677291350075
616, 50275.41288082801
715, 50275.00486072808
1244, 50268.406764902466
94, 50197.02633418706
998, 50193.960953603724
80, 50075.340584954545
385, 50004.925652526814
47, 49963.9064464185
37, 49848.79613332617
1037, 49807.13898082077
1254, 49753.426762470874
197, 49724.03618945642
907, 49721.051158432165
1014, 49640.47423618619
743, 49623.157301707666
359, 49570.28035635001
1095, 49562.80224122159
1205, 49479.22664247932
75, 49425.39974924787
671, 49403.29597261883
999, 49363.81166850201
1207, 49304.30278961324
737, 49299.14859748789
723, 49253.80299168547
259, 49224.20575681953
890, 49220.04094273816
779, 49198.28190709082
1289, 49176.09628718072
82, 49176.09628718072
1353, 49119.7654250841
561, 49093.968439071905
979, 49049.89956842959
472, 48951.49866820361
543, 48933.916486870345
101, 48932.69890758315
710, 48896.27583609457
714, 48885.85120332835
1257, 48862.16777606854
100, 48851.65053639473
988, 48828.1562582399
610, 48818.48340084902
1131, 48775.42652029801
319, 48755.50274345072
447, 48719.92921414397
884, 48691.91287513762
736, 48687.97926702215
317, 48666.85231597512
1047, 48629.606064041
925, 48592.59671183806
113, 48554.62074169274
716, 48547.91600546049
376, 48518.27551200769
859, 48489.28989418627
323, 48454.46955155581
1206, 48382.92904831048
1239, 48272.854273390956
1209, 48269.12876003346
