997, 100000.0
873, 100000.0
50, 99735.1124204177
196, 99724.99608937843
1358, 99582.41273269194
1294, 99546.88500247388
837, 99407.95414691704
631, 99395.98585737908
312, 99378.89140622075
888, 99294.52494540854
182, 98899.36445638517
680, 98791.73789724048
928, 98731.15802052009
1357, 98656.82989906601
572, 98551.0243018516
199, 98519.86626322017
58, 98288.17519386878
147, 98238.47991258212
789, 98125.13429023811
639, 97912.01536598326
1099, 97858.50080591819
97, 97544.92522013301
614, 97481.24897237244
1260, 97384.36434420611
851, 97101.25021896264
989, 97040.14704746947
403, 97040.14704746947
1259, 97014.97115008454
651, 96758.46158547579
1325, 96757.53169031563
453, 96714.53678398544
452, 96714.53678398544
126, 96702.42325790427
127, 96660.38091413699
1143, 96322.93135529818
1069, 96241.49718294296
994, 95915.36642489854
1165, 95912.63237672315
628, 95610.63094767003
936, 95558.14764879146
1038, 95132.87646782768
718, 95021.8416589602
590, 94848.44050273286
1231, 94720.35665634318
541, 94581.04965812607
844, 94576.3604457291
573, 94538.40248441717
1377, 94373.7805157591
293, 94335.85414460879
1238, 94284.01906055535
946, 94254.66915931112
181, 94227.68803626006
849, 94038.30494003868
1089, 93904.30053735116
1164, 93821.26398549075
200, 93821.26398549075
549, 93794.25099163048
188, 93651.79004316016
1366, 93551.27200108606
1333, 93387.55578906368
202, 93008.68571374707
245, 92725.20856338461
1258, 92626.52650941095
138, 92164.57734502234
402, 92021.15499460507
1161, 91954.08696960374
232, 91928.70084957614
935, 91844.60955300504
1331, 91826.04754490759
1073, 91640.79145302884
1142, 91494.13292881165
300, 91335.6588077602
1402, 91247.84678086397
1091, 91219.453522034
1090, 91219.453522034
591, 91152.14567986662
448, 90999.81496162845
357, 90581.7848935302
602, 90327.70998066645
214, 90319.13066986356
679, 90187.78944978255
393, 89885.4675548553
875, 89735.96923785495
567, 89523.60252726269
648, 89462.45281225572
931, 89451.75551649275
744, 89437.00433478694
1134, 89432.61951630567
9, 89057.68206953218
49, 89016.59695918544
652, 88773.26442667743
1309, 88717.03570881629
118, 88626.62755167205
375, 88506.65347540408
1319, 88294.58562036918
493, 88268.80853410368
1048, 88176.31901630218
731, 87921.91933167812
926, 87917.13800226663
457, 87874.94325713934
1335, 87622.36786359812
1033, 87550.4888881974
1053, 87504.58085055235
585, 87491.81078197193
649, 87356.86453108325
1045, 86882.18317355933
59, 86817.41040690722
763, 86754.84983129124
666, 86710.75007503106
405, 86579.12657631119
489, 86561.59502841425
1226, 86510.39677268754
1163, 86438.05702584214
1153, 86418.69690261626
894, 86062.55792678594
1327, 86023.09748832608
797, 86004.50780512913
57, 85997.5902371849
657, 85970.3450452777
732, 85781.11118167707
630, 85780.84369104276
726, 85745.57848241297
677, 85590.8278236624
616, 85578.47112007155
715, 85577.28890405707
1244, 85558.17315135623
1250, 85491.65944898603
998, 85342.73543357503
1087, 84832.01410742797
385, 84797.69432201228
342, 84342.54693935352
31, 84138.30115700199
1254, 84076.98282389926
197, 83993.087193084
907, 83984.57022103194
874, 83821.03463141988
1014, 83754.93190922234
1095, 83534.05686548176
1205, 83296.9231675832
75, 83144.48678395998
671, 83081.95504114988
1207, 82802.36994450774
737, 82787.8339199106
723, 82660.03766147344
779, 82503.78130688018
234, 82487.01841575079
1182, 82476.3742098236
1178, 82476.3742098236
1289, 82441.40971275752
82, 82441.40971275752
1181, 82299.77623187836
1180, 82299.77623187836
1179, 82299.77623187836
1353, 82283.21472346508
561, 82210.85032838599
1177, 82095.06375170754
979, 82087.34917004628
948, 81969.11743208626
247, 81963.3305937065
472, 81812.12355331585
543, 81763.02469421593
101, 81759.62543763345
714, 81628.92142730873
1257, 81562.90904548991
100, 81533.60826639354
1005, 81478.23519355993
988, 81468.18424456568
610, 81441.26067118139
1131, 81321.50196873088
319, 81266.13357265884
447, 81167.34934062054
884, 81089.61829341242
736, 81078.70930230938
317, 81020.1384389706
1047, 80916.96186176725
925, 80814.54540970428
716, 80691.03767232657
376, 80609.18755133802
859, 80529.2097680782
323, 80433.21617571058
207, 80407.77705891037
287, 80355.10665370224
386, 80347.23427471092
1206, 80236.27696447806
203, 80149.2561118819
787, 80113.1950812768
1239, 79934.00697982016
1209, 79923.79238008171
788, 79850.98396473708
79, 79830.74216272718
603, 79775.81467509356
1214, 79771.40749408555
1208, 79737.16599329463
132, 79566.26904522766
328, 79562.91791896048
355, 79448.03472667796
95, 79392.60668094673
371, 79335.46140233139
1000, 79302.05733295628
566, 79254.15043214378
863, 79108.04878315593
843, 78970.62272427228
60, 78790.85488496097
1261, 78751.88475888634
341, 78578.51976375406
1416, 78524.54263670155
1354, 78515.72971281126
171, 78382.24373557026
1359, 78117.78432830735
392, 78097.25484702221
1355, 78096.01420086363
1322, 78095.51724197892
1212, 78024.38247355909
329, 77545.9714182196
650, 77524.56726524174
243, 77447.226403965
938, 77039.12032623721
394, 76886.89968145445
406, 76876.80576198157
615, 76858.08851092565
294, 76649.39797812134
1276, 76603.88278288732
206, 76563.69995697269
638, 76545.0674194731
225, 76545.0674194731
810, 76428.78355078255
324, 76329.06230311931
407, 76309.88177890079
482, 76262.46054023951
1068, 76168.95746862063
1252, 76125.53868475519
678, 75815.46328133161
733, 75258.91115952963
52, 75189.90828113604
1375, 74908.24134385712
1104, 74649.23174969577
629, 74575.30533558392
974, 74413.98394364557
1124, 74390.87816435132
87, 74113.17493466068
499, 73959.40735077942
1303, 73893.73329204747
1291, 73839.6267449263
588, 73815.5694861443
462, 73798.78577043717
1305, 73591.53230576431
76, 73556.92680888527
337, 73319.22527088913
1367, 73295.26487983011
314, 73245.30801906061
1114, 73217.59472753401
1249, 73105.58937642204
945, 72540.1350612785
848, 72424.17533717939
520, 72257.32542329619
632, 72254.138517339
1213, 72192.26190845018
1332, 72162.83467260457
944, 72118.10548635165
1292, 71734.31796937363
1293, 71711.21577903246
1349, 71710.39455876996
803, 71661.97637433234
1150, 71607.87465311012
174, 71512.24268037632
735, 71494.22321400298
436, 71478.47667339406
942, 71389.12034875833
1072, 71305.35154939408
121, 71258.21221383433
937, 71208.12793580664
906, 71186.57924533384
262, 71137.22294866215
1194, 71137.14377757923
943, 70867.73396484513
115, 70689.4766613211
8, 70567.9216321426
1185, 70562.87733009693
439, 70315.45572837701
7, 70208.15527298012
1071, 70143.00435320138
1070, 70143.0037354882
263, 70069.60565724806
1107, 69909.71832443426
822, 69820.39319994146
838, 69746.5277975685
1324, 69711.72678275991
980, 69688.64038968203
916, 69688.56405304947
1284, 69550.1331775866
1360, 69529.19185549585
924, 69503.03747910776
982, 69500.78505322455
1295, 69344.43030863516
201, 69132.60467958456
0, 69064.98228127141
458, 68961.1267635275
1339, 68946.6019950191
668, 68930.8188697447
490, 68911.68876170623
823, 68687.94943272209
1145, 68567.13894023877
1420, 68557.24419602987
1115, 68499.42644424771
542, 68466.20481372617
539, 68466.20481372617
261, 68375.71154478253
721, 68294.41005866943
627, 68245.65091609159
1025, 68171.94125596371
1, 67972.08457958103
760, 67937.76342712267
722, 67920.55223269558
301, 67842.87529517345
734, 67773.60541236002
893, 67567.8711548077
1215, 67496.67327793335
959, 67487.11776242657
35, 67454.81546478531
941, 67449.11225015925
119, 67368.49006923765
1233, 67366.23200880895
208, 67276.88544230832
778, 67025.46479551653
378, 66894.53620630826
753, 66751.41414014541
1220, 66714.57496028283
71, 66587.47871466586
952, 66332.90135564352
213, 66229.4758908316
148, 66123.9767363327
1055, 66111.355955436
1411, 66102.00328936486
892, 66093.45264470173
767, 66076.8547336798
1350, 66007.33580476302
665, 65947.85117300227
1125, 65859.72809624978
578, 65826.57867465603
950, 65588.78058011345
292, 65467.44786075397
738, 65465.40376167371
120, 65395.515491618484
911, 65201.513388640655
592, 64990.37467050479
1368, 64915.040203468176
996, 64904.92635958659
109, 64857.75007855352
336, 64793.41182179936
377, 64648.63685112131
70, 64581.09050737878
440, 64559.47872123827
265, 64536.729415906455
296, 64515.63737465855
559, 64486.86957353308
1301, 64460.457128911265
66, 64444.37519618988
1154, 64426.17854189272
1329, 64361.305035889425
1275, 64216.4240308209
667, 64214.938184205435
755, 64123.66657288464
496, 63834.025312181395
311, 63494.99313020042
1151, 63444.83830302048
676, 63411.82537453299
1405, 63356.4394872035
326, 63131.840956451255
1021, 63095.93241564096
624, 63073.03825990516
1050, 62965.78821821994
486, 62861.75418419995
1156, 62738.32109346843
1049, 62647.57483034552
664, 62589.01446998497
728, 62545.300431513984
344, 62542.22312830625
1321, 62537.801017768455
729, 62489.98950113004
370, 62379.78841867474
1064, 62257.023570746394
431, 62239.19364505676
958, 62233.96147797131
1098, 62211.14596242751
1022, 62154.037849531785
1388, 62051.773437244854
741, 61947.99319912736
1054, 61931.156295894
175, 61893.070573940626
983, 61865.15274079068
241, 61779.276362641496
839, 61718.95908620905
280, 61677.91256010001
757, 61393.917677595986
1024, 61379.369889996364
1023, 61379.369889996364
1237, 61379.36737575377
522, 61241.09890082301
670, 61191.96339602745
340, 61160.03852410315
547, 60868.13448516667
548, 60854.377642961874
582, 60821.01001417928
1129, 60732.48201045015
1127, 60688.85482059477
211, 60640.44039638682
212, 60605.70733973956
497, 60354.83214879521
806, 60344.61710404454
1372, 60303.821806846936
966, 60211.120665188144
707, 60200.009316676915
880, 60110.21756731897
315, 60080.467019364216
887, 59987.023617264065
286, 59960.491316638465
896, 59744.677174469354
990, 59726.851565114106
746, 59608.96265235678
327, 59557.8246056637
51, 59522.53374549772
669, 59510.653584270745
747, 59445.30141344918
1171, 59261.79597334379
1097, 59242.18088442329
1079, 59195.52836321641
193, 59195.52836321641
198, 59182.2659097605
756, 59161.391364811774
758, 59140.98916521157
995, 59137.49666821055
904, 59066.931141320965
902, 59066.931141320965
901, 59066.931141320965
900, 59066.931141320965
587, 58832.84362067634
883, 58720.59123584163
599, 58625.75146130322
1034, 58570.06422443619
166, 58492.341465524034
1096, 58409.8437254982
766, 58380.75327117332
282, 58297.70513083933
889, 58111.37850114576
1340, 58089.61777687737
1116, 58080.418446978765
897, 58059.15338088063
1328, 57963.43897005578
1279, 57963.43897005578
1374, 57764.23165769231
1198, 57751.5805634015
1195, 57746.48423448677
586, 57447.202790849486
1387, 57419.32730175776
1386, 57352.24662577459
360, 57339.18083610088
956, 57317.00950977967
494, 57286.988501312306
1197, 57197.17803550135
1196, 57145.08376720393
446, 57124.21235960613
511, 57095.90610482502
1298, 57039.68880400495
110, 56960.72202419302
1311, 56927.68825239222
658, 56695.420773940496
1380, 56638.528028705216
821, 56637.01642979424
761, 56609.2328262096
1130, 56490.216476700516
1008, 56471.402435102325
1146, 56460.90867793561
96, 56326.9976422774
1304, 56292.845929172494
660, 56288.42708466137
1093, 56261.940040440204
510, 56261.940040440204
774, 56235.77550376706
773, 56235.77550376706
1122, 56230.49387485782
1184, 56149.083888469286
316, 56088.27922682445
579, 56050.53015120973
492, 55837.078922243214
498, 55739.99095367763
910, 55662.7657250736
1351, 55603.43188539816
32, 55442.868772925605
1158, 55398.30129472587
1128, 55241.19883024048
784, 55179.14572082001
383, 55045.02855119774
1007, 55036.596810130286
864, 54929.190483087776
1078, 54725.22616152719
332, 54658.619481934
730, 54610.39730534907
951, 54606.33321424069
1183, 54560.493012470644
870, 54449.969531269046
