891, 100000.0
438, 99872.33695732467
475, 99522.65356454554
1273, 99344.96634193155
530, 99318.32162984248
808, 97076.18516252373
258, 97073.28997024678
343, 96823.09162234415
125, 96530.73160150011
1032, 95411.76941780836
1248, 94416.18888918811
1271, 94399.50524675676
1222, 94058.31232339519
165, 93824.27395532942
817, 93587.93470002031
777, 93505.91173199881
477, 93130.33678196969
1063, 93077.91835372814
266, 92883.30421335608
463, 92862.77651492602
184, 92571.01839673963
183, 92571.01839673963
152, 92430.9538240475
1174, 92338.11535492272
150, 92338.11535492272
748, 92250.4955510382
307, 92237.51625673244
1283, 92114.98273199212
356, 91774.94044447805
465, 91561.86586809934
98, 91448.71639430686
1278, 91318.9397869983
456, 91303.2485562878
1418, 91224.80476658646
236, 90964.11135104691
934, 90783.75789531042
1307, 90312.09745104528
1094, 90141.83527789528
1119, 90082.6884235682
455, 89992.076828671
876, 89790.36663524063
1326, 89440.15914131966
185, 89030.92355373348
281, 88970.48978684472
22, 88714.49426490738
13, 88714.47440991671
768, 88677.18894247772
331, 88627.68359936685
195, 88409.57446078921
793, 88373.68247781928
833, 88324.05010496743
1347, 88286.36305569863
384, 88223.13441141555
1315, 87929.67114868615
365, 87929.67114868615
288, 87890.27074493591
257, 87681.19062661572
940, 87493.01302297699
832, 87493.01302297699
1384, 87385.23250801177
720, 87344.3043133433
325, 87283.47391093073
235, 87174.01480514239
1235, 87096.20378116892
816, 86554.59757627944
527, 86455.89896229038
289, 86106.62468045736
295, 86014.78747176804
1417, 85778.36012771759
89, 85729.54427396767
825, 85699.62764338814
240, 85642.58729324782
368, 85534.19900064808
526, 85218.9224072322
786, 85048.68286999955
276, 84997.2129551225
640, 84961.81996776463
17, 84920.9963425412
10, 84920.9963425412
792, 84839.76547755174
589, 84713.5790092791
429, 84648.4550186413
824, 84647.36949460798
248, 84644.37069525261
255, 84526.01277618638
430, 83919.1686398331
306, 83761.74287931633
929, 83648.51454329584
73, 83385.53611330141
820, 83179.42144741639
12, 83026.9880098089
642, 82999.76300998745
981, 82517.59240543377
485, 81670.47480882204
484, 81438.90690617713
1406, 81368.56495262642
483, 81368.56495262642
1370, 81307.03429143428
1369, 81307.03429143428
713, 80456.47940504704
379, 80309.52773902613
1356, 80160.38279440912
809, 80103.43523362136
807, 80103.43523362136
1316, 79971.0148727773
637, 79971.0148727773
345, 79558.76942992066
717, 79328.34252592776
1135, 78725.1576983469
552, 78673.41636918912
770, 77865.57927803675
313, 77855.7656830716
1383, 77696.03682071932
466, 77607.65100010888
862, 77477.97375857283
468, 77359.16140025825
469, 77302.43313876855
467, 77259.91976306961
1026, 76715.8227332192
872, 76690.09794351248
1371, 76652.75893133227
99, 76194.65971979269
1270, 76082.26826150218
1256, 75949.17028063652
711, 75627.02969295764
224, 75500.06066341941
742, 75405.2806909236
1009, 75273.72338629504
476, 75047.09418974127
519, 74892.50718654698
1272, 74742.53105897452
205, 74542.95200409576
67, 74453.86477622007
1120, 74353.96700098456
909, 74322.92372198762
1390, 74258.17879540446
190, 74229.6303160805
1281, 73925.96437048215
310, 73616.77993848851
94, 73421.18945270382
80, 73161.14969311953
104, 73135.13165519749
237, 73129.61338308589
83, 73095.9788243656
105, 73091.62885368407
103, 73091.62885368407
47, 72923.52796253757
37, 72678.57806207266
1037, 72590.06101989523
528, 72382.56604999801
408, 72335.63280018733
743, 72199.92817348296
359, 72088.04607331031
999, 71652.21617730283
259, 71358.45697317747
890, 71349.70486730567
81, 71013.11095905045
1227, 70793.74503975258
78, 70783.68398257655
710, 70671.36406112304
113, 69959.86555555143
1011, 69932.05628784606
641, 69533.4648005556
114, 69515.76975678703
947, 69455.52333461473
1019, 69039.99845233753
445, 69039.99845233753
54, 68903.93474926807
260, 68655.06706772678
1001, 68615.61689785673
244, 68340.48732448321
223, 68189.57148586892
689, 68090.13594144794
569, 68045.48954512892
338, 67828.87641635118
1132, 67759.58333009058
335, 67731.22353551588
253, 67676.06615094318
577, 67629.6798061548
617, 67599.52756493476
1412, 67547.98111754484
869, 67454.69135295365
38, 67307.28239040964
871, 67271.74244035872
1221, 67229.32069375768
655, 66934.52375368484
322, 66601.95688377753
1223, 66532.01880873942
769, 66502.61823472394
1062, 66444.61475727671
819, 66418.12900724806
1247, 66347.81037236474
927, 66341.51300300748
1277, 66233.83872994853
1133, 66206.63449504846
1282, 65901.9591624861
349, 65802.64243513774
850, 64968.73531320463
960, 64310.30331926694
290, 64284.225041818754
1376, 64196.47093858408
611, 64185.83220039834
1030, 64082.509335912706
568, 63817.02259364388
563, 63742.026175726896
1225, 63669.79124127171
90, 63591.29803028948
48, 63187.866558229376
719, 63186.868499120304
752, 63000.188239425894
1123, 62975.23918179384
1176, 62973.339609827875
1083, 62857.9964379296
1415, 62567.36887376643
1051, 62520.219106522476
1046, 62072.16774876676
870, 61953.163535746346
623, 61906.10980478737
1121, 61844.20753410661
1183, 61810.69932593478
730, 61746.775578793175
332, 61685.24253835876
1078, 61600.62936434106
864, 61344.22684511789
16, 61226.76800746154
1175, 60757.79745650387
949, 60565.16751595245
498, 60363.624548815664
492, 60250.17325860658
1010, 60248.55295869208
579, 60003.60798531161
1184, 59891.07232788885
1122, 59798.72653091203
857, 59729.1035651853
1304, 59728.37099604563
826, 59540.75328904558
1008, 59528.66059611474
761, 59376.26649974701
1031, 59351.87532817814
334, 59209.55822751966
531, 59058.68658613785
110, 58994.433771030774
877, 58973.26997689631
576, 58953.871558238505
14, 58953.854985486534
446, 58820.0793286902
18, 58710.31774695168
560, 58709.191895230906
494, 58648.48736120051
956, 58617.05575480395
525, 58607.44103331578
360, 58593.88538503891
1343, 58568.29259428776
1328, 57956.048477308264
1279, 57956.048477308264
897, 57860.6734361151
889, 57808.8977640121
140, 57774.85992516981
166, 57436.757061578384
537, 57387.327830911076
1034, 57362.011091663146
432, 57225.171755495954
275, 57109.35159125866
904, 56893.299746827564
902, 56893.299746827564
901, 56893.299746827564
900, 56893.299746827564
538, 56811.332958218816
756, 56805.938053954975
1079, 56774.50076324173
193, 56774.50076324173
1171, 56713.676238831315
814, 56642.948057389105
51, 56476.91722951578
570, 56386.645472889206
921, 56179.53813018221
286, 56088.20520824243
315, 55983.63031736656
497, 55747.490108087724
474, 55563.04936746111
212, 55535.15322459622
211, 55506.02089579707
1330, 55429.69804189094
186, 55369.98348120748
36, 55369.98348120748
582, 55355.59233469472
1378, 55294.954003278406
226, 55197.79568928525
670, 55051.85040891444
800, 55004.63907385404
757, 54889.41009735543
1363, 54658.802279677686
790, 54638.40221529479
215, 54593.05276479373
241, 54585.000131806635
597, 54578.22519504346
983, 54518.13509002081
173, 54479.82064546363
741, 54453.96396508773
1388, 54374.02579337169
958, 54234.899712664905
381, 54214.972888948985
370, 54124.63406434248
729, 54041.94321718207
1321, 54006.236137717875
728, 54000.64457912698
486, 53766.95279789995
326, 53570.92712588875
178, 53450.17276681956
1405, 53410.26201965493
676, 53370.96425404623
598, 53337.86132319795
311, 53312.19139331549
496, 53075.50684990162
1052, 53023.9155586008
977, 52856.97248930986
667, 52815.01812379116
1329, 52716.416258054
605, 52701.16257114881
1301, 52650.08341590552
596, 52596.930969604575
70, 52569.87780210337
1306, 52556.85966461538
1112, 52421.40419590423
109, 52387.97181259131
1368, 52350.65313469348
592, 52301.76113882524
120, 52042.29436996018
847, 51933.9003863273
395, 51772.31246656181
1125, 51752.0039964283
665, 51697.720522208365
1350, 51661.22429155241
892, 51608.59540585809
1411, 51603.383146562686
148, 51589.99968966872
213, 51525.96278414952
536, 51493.8293897612
535, 51493.8293897612
131, 51431.61804264555
71, 51311.33694355595
753, 51214.41428652828
1217, 51096.50800380159
1216, 51096.50800380159
778, 51054.25405594913
208, 50909.335302698135
29, 50903.38127612767
119, 50857.00624227106
734, 50628.54762252182
836, 50607.77649039393
534, 50593.54866661721
1, 50518.35097433668
780, 50425.919549298094
1025, 50408.517303216184
557, 50278.34023089213
1115, 50230.94536246807
1145, 50194.59621944535
490, 50011.54595836538
668, 50001.475153318286
458, 49985.53967247952
0, 49931.11660892733
1310, 49784.613130854035
56, 49774.91439424496
1360, 49691.26626294206
1284, 49680.575575521194
980, 49610.14365454935
1324, 49598.45063035054
1137, 49531.12751135574
618, 49361.14893248869
7, 49350.18295799326
1012, 49346.04024707362
1013, 49322.05201824382
1185, 49176.41488625135
942, 48782.93343299856
174, 48725.60770497909
1150, 48681.30997686237
581, 48670.9373868835
622, 48536.29896713422
621, 48536.29896713422
1111, 48529.50005228455
106, 48519.55398728799
221, 48409.05542115599
632, 48387.08598296065
520, 48385.6568562119
771, 48233.52611585999
478, 48164.12349775293
278, 48018.20617041798
1249, 48012.60393206685
450, 47985.73890623095
449, 47985.73890623095
314, 47952.52935174435
1367, 47931.14142426662
337, 47920.90041269372
1305, 47805.28545262942
279, 47792.2737205564
588, 47711.21771600094
1303, 47678.61946591968
978, 47636.815734511496
380, 47577.034667631226
584, 47530.82498008608
1124, 47473.91168071021
107, 47459.259887391134
299, 47338.53954971366
354, 47277.68155640485
220, 47258.8153432531
733, 47127.028143758514
30, 47112.62940971051
231, 46925.809533400134
482, 46741.86379404245
153, 46650.20131672919
638, 46636.331564626766
225, 46636.331564626766
781, 46629.698195648336
206, 46629.41777349073
867, 46602.26437123813
1224, 46513.80731529078
885, 46472.9333821805
938, 46454.82175007768
1322, 46078.96425900816
1354, 45933.91273049251
1416, 45930.89697379953
1169, 45900.54936107464
1200, 45775.34622869932
863, 45733.58224993578
566, 45684.89443589947
1000, 45668.991194500006
371, 45657.92023876866
328, 45582.9241461715
132, 45581.824266994714
252, 45543.99283720174
1214, 45514.77178003447
788, 45488.906629264195
1274, 45484.64891144429
277, 45470.69882097859
787, 45404.2484809624
203, 45392.67359180755
930, 45366.5101866964
386, 45329.41598626557
287, 45326.91069730998
207, 45310.16871335497
509, 45295.04865142318
488, 45272.08385909919
204, 45187.23710059983
433, 45182.8867209541
1201, 45167.55193342727
495, 45126.03755335816
1005, 44977.188824394216
1204, 44937.20233951367
540, 44852.16085997647
247, 44830.72377475706
948, 44828.99273824782
1177, 44791.411428965075
1181, 44730.70577813335
1180, 44730.70577813335
1179, 44730.70577813335
1342, 44688.67054655742
1182, 44678.710501560825
1178, 44678.710501560825
234, 44675.587522987924
517, 44613.592954115025
846, 44612.74723253133
971, 44551.6019745253
874, 44293.787826131695
1040, 44232.30386228974
31, 44205.703502482
342, 44149.53186864234
827, 44103.54860301732
1290, 44069.00233491774
1087, 44016.59067305615
858, 43873.20859620129
1250, 43841.0715115384
347, 43814.436709823414
116, 43785.43625160087
726, 43774.595787067665
630, 43765.41039794291
732, 43765.34076930184
657, 43716.24639849344
1163, 43596.29170549072
405, 43560.493815406335
666, 43527.25073049185
763, 43516.14668703279
59, 43500.42337396018
367, 43428.85155830476
457, 43239.68915702808
731, 43228.32426094594
222, 43189.304245559986
1048, 43167.09082560126
493, 43144.95905662649
1319, 43138.80316960028
1309, 43038.67384580831
1134, 42872.25872809326
744, 42871.2511448258
567, 42851.381732559
583, 42812.405234497535
875, 42802.89529138314
679, 42700.85748871414
214, 42671.47775638645
357, 42613.100378735944
591, 42488.03081778643
1091, 42473.42266951592
