9, 100000.0
49, 99948.20151394306
652, 99641.53779117583
931, 99507.76342293431
648, 99494.52913740712
118, 99456.83568752387
375, 99305.77327846368
393, 98976.49724041102
926, 98564.22478862239
602, 98445.76066122856
1335, 98193.88641202003
1033, 98103.62589320003
1053, 98045.98718386205
585, 98029.95533300261
649, 97860.5750131231
448, 97659.64263605059
1402, 97375.58303925581
300, 97275.77953234642
1045, 97265.26941022075
1142, 97096.66378563466
1073, 96932.03836907442
489, 96863.65422423395
1226, 96799.54865036851
1331, 96725.63029138345
935, 96705.04314817669
1153, 96684.75337103679
894, 96239.1920281901
1327, 96189.8503635043
797, 96166.60752084754
57, 96157.9587285443
677, 95649.68683507385
616, 95634.25534329464
715, 95632.77897725269
1244, 95608.90765316087
998, 95339.96046887481
1366, 94882.49305433652
385, 94660.25417290395
181, 94196.6774946642
946, 94169.72955777211
1377, 94051.13239582315
573, 93888.2015815118
541, 93846.17679932376
1254, 93763.03281875924
197, 93658.705396172
907, 93648.1155569415
590, 93584.39933855648
1014, 93362.68083128092
1038, 93309.13414294395
1095, 93088.3079808901
1205, 92793.92315989507
75, 92604.7849891207
994, 92568.4262146238
671, 92527.22043288736
1069, 92266.67505350412
1207, 92180.58455105698
737, 92162.56971162971
723, 92004.21961172372
126, 91846.97283279715
779, 91810.68030225752
651, 91796.47767682832
1289, 91733.44986155043
82, 91733.44986155043
1259, 91566.78885956468
1353, 91537.6269789385
561, 91448.0783834622
979, 91295.29060413581
1260, 91240.13724364783
614, 91155.25590842983
472, 90954.98442421731
543, 90894.30241519713
101, 90890.10152476533
639, 90781.7778111974
714, 90728.60366277398
1257, 90647.06068046838
100, 90610.87107650832
789, 90599.33386837904
988, 90530.07584523261
147, 90502.92200887782
610, 90496.83083808846
1131, 90348.98338625485
319, 90280.64497511451
447, 90158.74624439536
1357, 90150.74347346132
928, 90088.76915841088
884, 90062.85003319943
736, 90049.39332044039
680, 90038.38988467872
317, 89977.15047477845
1047, 89849.9178499519
925, 89723.65799678816
888, 89624.77709205258
716, 89571.4435493027
631, 89542.27578476576
376, 89470.59738328643
859, 89372.0798377803
323, 89253.86220588085
997, 89057.68206953218
873, 89057.68206953218
1206, 89011.42528252317
50, 88847.53164694965
196, 88839.50336878028
1358, 88726.33089555737
1294, 88698.12602505604
1239, 88639.57672615153
1209, 88627.01620994846
837, 88587.8100749539
312, 88564.72899915258
79, 88512.61188923223
603, 88445.09270008636
1208, 88397.59016261737
182, 88183.68562379622
355, 88042.38169328823
95, 87974.3182307333
572, 87906.63521202424
199, 87881.84353126195
58, 87697.4395552841
843, 87456.47512901932
1099, 87355.21168780756
60, 87236.05127490964
1261, 87188.28194373692
97, 87105.25074172311
341, 86975.83360883914
851, 86751.28948245017
171, 86735.43006662166
989, 86702.51472508095
403, 86702.51472508095
1325, 86476.83579463445
453, 86442.49047747182
452, 86442.49047747182
1359, 86411.71673782008
127, 86399.22491095756
392, 86386.59722040263
1355, 86385.07923218471
1212, 86297.44316516772
1143, 86129.5177152524
1165, 85801.31596061113
329, 85712.58019764308
650, 85686.43113783773
243, 85591.95790001645
628, 85559.55317006602
936, 85517.5220624706
718, 85087.74463485907
394, 84908.10104358062
406, 84895.79134424416
615, 84872.96624376945
1231, 84845.92201013792
844, 84730.36529343708
294, 84618.55318664038
1276, 84563.0850862372
293, 84537.27768076457
1238, 84495.64910630863
810, 84349.76036686003
849, 84298.25228589283
324, 84228.314485174
407, 84204.95918010871
1089, 84190.55351959947
1164, 84123.80144014707
200, 84123.80144014707
549, 84102.08338834703
1068, 84033.398908423
188, 83987.52548165662
1252, 83980.55439153848
1333, 83774.95008956766
678, 83603.34583026814
202, 83469.9344990192
245, 83241.54982214158
1258, 83162.01265256692
52, 82843.3183478111
138, 82789.45389127216
402, 82673.70747551149
1161, 82619.56886076235
232, 82599.07459913973
1375, 82501.52298393578
1104, 82187.45158579989
629, 82097.84982272692
1091, 82026.03318438705
1090, 82026.03318438705
591, 81971.60467362285
974, 81902.38406349075
87, 81538.13521895398
357, 81510.05704625903
499, 81352.05284372462
214, 81297.3160585685
1291, 81207.1535079979
679, 81190.88777612505
462, 81157.75865249062
76, 80865.35557688266
875, 80824.5330074897
567, 80652.2105770841
744, 80581.91825187855
1134, 80578.35870725039
1114, 80455.43119146478
1309, 79996.99273461445
1319, 79653.3461781099
945, 79638.15996309824
493, 79632.36711264076
1048, 79557.08327247183
848, 79498.41860440662
731, 79349.92950251403
457, 79311.66481978775
1213, 79219.07422257274
1332, 79183.64101516074
944, 79129.78817980642
1292, 78667.98428922705
1293, 78640.2011230446
1349, 78639.21353861091
803, 78580.99058037566
59, 78449.18786468022
763, 78398.1027760766
735, 78379.32582677434
666, 78362.08797370155
436, 78360.40077443025
405, 78254.57446854805
1072, 78152.38246898123
1163, 78139.31028094138
121, 78095.75905097013
937, 78035.60606570898
906, 78009.72782424443
262, 77950.46054608832
1194, 77950.36548339917
657, 77756.89668747903
943, 77626.99574556394
732, 77602.06113260603
630, 77601.84221943737
726, 77572.98018655696
115, 77413.16427702972
1250, 77365.09892865733
8, 77267.40976359243
439, 76964.83458032778
1087, 76824.50417628324
1071, 76758.273241874
1070, 76758.272502152
263, 76670.3857336445
1107, 76478.9968702357
342, 76422.8612379024
822, 76372.10842722247
838, 76283.738817546
31, 76255.13344753752
916, 76214.40559868787
874, 75994.44102557853
924, 75992.5609428254
982, 75989.8682687674
1295, 75802.99300660995
201, 75549.94407901465
1339, 75327.86215322842
823, 75019.22260959836
234, 74896.28365903867
1182, 74887.50824228454
1178, 74887.50824228454
1420, 74863.33886256341
542, 74754.79433341243
539, 74754.79433341243
1181, 74741.88491886991
1180, 74741.88491886991
1179, 74741.88491886991
261, 74646.92719713981
1177, 74573.00643575605
721, 74550.0389102975
627, 74491.94199247361
948, 74469.06810231793
247, 74464.29175962717
760, 74125.26692330033
722, 74104.77838197681
1005, 74063.68403518108
301, 74012.32200241777
893, 73685.14803475031
1215, 73600.48281057284
959, 73589.12106259252
35, 73550.7149730727
941, 73543.93443314511
1233, 73445.40998026876
207, 73178.12683906785
287, 73134.4995021283
386, 73127.97830331956
203, 72963.94247300466
787, 72934.05609776654
378, 72885.09466986173
788, 72716.67032059252
1220, 72671.50977950104
1214, 72650.67232153339
132, 72480.48330182939
328, 72477.70245803674
371, 72288.9048910911
1000, 72261.17014423285
566, 72221.3903582716
952, 72218.86527408804
863, 72100.04761013368
1055, 71956.33621497948
767, 71915.46661447556
578, 71619.10642560369
1416, 71615.02825928712
1354, 71607.69795821358
950, 71337.70547189996
1322, 71258.0108935632
292, 71194.1939805219
738, 71191.77663300022
911, 70879.81125140694
996, 70529.45497974656
336, 70397.79536970041
938, 70377.45494274948
377, 70226.92530747122
440, 70121.72964381457
265, 70094.89226078129
296, 70070.01140991964
559, 70036.0782434418
66, 69985.95860929185
206, 69980.48823747682
638, 69964.92180104076
225, 69964.92180104076
1154, 69964.49845718246
482, 69728.73975792593
1275, 69717.20052482326
755, 69607.88477207112
733, 68888.83381882645
1151, 68808.70024085601
1021, 68398.49562367836
624, 68371.59255847712
1050, 68245.58420829706
1124, 68160.81563138062
1156, 67978.45158748733
1049, 67871.92622107785
664, 67803.19695440131
344, 67748.28807665697
1303, 67743.21967700672
588, 67677.52043081597
1305, 67489.145698967
1064, 67413.75886441636
431, 67392.85341010292
1098, 67359.96971946367
1022, 67293.02255626772
337, 67260.05666143786
1367, 67239.89230554567
314, 67197.84658719739
1249, 67080.22856964784
1054, 67031.83844353526
175, 66987.22311652555
839, 66783.31863269552
280, 66735.26220157121
1024, 66385.892299425
1023, 66385.892299425
1237, 66385.88935829705
520, 66365.34643056407
632, 66362.658056005
522, 66224.1744270396
340, 66129.39610795058
1150, 65817.09015247916
547, 65788.2618528099
548, 65772.19141666638
174, 65736.29118553303
942, 65632.24004920757
1129, 65629.82130567587
1127, 65578.87737313323
806, 65177.11424256105
1372, 65129.525988240064
966, 65021.40803322133
707, 65008.45057892568
1185, 64933.22951413961
880, 64903.75430915099
887, 64760.15199290367
7, 64632.72994470176
896, 64477.79525562263
990, 64457.03388412737
746, 64319.75413757346
327, 64260.218046725815
1324, 64211.77995421875
669, 64205.30761483454
980, 64192.19217637975
747, 64129.24437521176
1284, 64074.65347083221
1360, 64056.87923280717
1097, 63892.91697016663
198, 63823.23117556682
758, 63775.229534805774
995, 63771.168273579824
0, 63662.658415857586
458, 63574.40441721163
668, 63548.64556135274
490, 63532.385860332455
587, 63417.04609074277
883, 63286.63835528406
1145, 63239.41386501059
1115, 63181.81077724525
599, 63176.489702532635
1096, 62925.83364449136
1025, 62903.093980581514
766, 62892.07230661652
282, 62795.70391814122
1, 62732.89781663258
734, 62563.79836193725
1340, 62554.334053034625
1116, 62543.66640496742
119, 62218.41347615566
1374, 62177.1703759661
1198, 62162.51271298577
1195, 62156.60820254201
208, 62140.27106726059
778, 61925.715689165685
586, 61810.00589683023
1387, 61777.73683878166
1386, 61700.09305194026
753, 61691.70894430938
71, 61551.657908015004
1197, 61520.65869720156
1196, 61460.39541338144
511, 61403.513707625854
1298, 61338.49860716838
213, 61245.632530345385
1311, 61208.99916850012
148, 61155.4030090669
1411, 61136.607211008144
892, 61129.292848112724
1350, 61055.61915292026
665, 61004.72111862858
658, 60940.564487133495
1125, 60929.30594306952
1380, 60874.83787613789
821, 60873.09170251909
1130, 60703.54407469992
1146, 60669.70269874718
120, 60531.78615899534
96, 60515.11049084577
660, 60470.593247715835
1093, 60440.02514065927
510, 60440.02514065927
774, 60409.83133079162
773, 60409.83133079162
316, 60239.66000259641
592, 60184.50821549231
1368, 60119.89783493055
109, 60070.75571478491
70, 59833.353434521916
910, 59749.10202574516
1301, 59729.790803920936
1351, 59680.742085843005
1329, 59644.64835454665
667, 59518.92718918873
32, 59495.80710693821
1158, 59444.48861628647
1128, 59263.63660293311
784, 59192.22341311825
496, 59191.54719612256
383, 59037.915933565135
1007, 59028.21668097335
311, 58899.92294845073
676, 58828.35037326723
1405, 58780.678812868035
326, 58587.30138214461
951, 58533.559165964456
486, 58354.627753877554
117, 58281.26166011316
1242, 58203.724209447086
1241, 58203.724209447086
351, 58140.43543289616
728, 58081.82757709902
1321, 58075.36028895204
729, 58034.12634978015
370, 57939.068831132856
881, 57918.265168906415
958, 57813.24431373144
1388, 57655.987317655236
741, 57566.37936565304
983, 57494.83640319102
953, 57441.84092157923
297, 57441.84092157923
241, 57420.657259592546
1297, 57220.565333574705
1211, 57209.74756485548
91, 57187.43223118905
757, 57087.609128485354
163, 57052.26196211565
1269, 56940.12844634393
1251, 56930.9813402752
670, 56912.95200766834
92, 56844.62610062437
933, 56804.45103685134
917, 56682.128927458805
582, 56591.92843439912
626, 56589.316758510446
1118, 56504.8686742326
595, 56504.8686742326
34, 56465.814057121
1296, 56465.42154144086
211, 56435.56468619989
212, 56405.48028926753
1392, 56336.94310356585
339, 56319.27618194207
1268, 56273.04605378635
497, 56188.11115297903
315, 55950.24644851585
286, 55846.18488823869
1352, 55584.02829440871
524, 55564.74633587416
51, 55466.07741428145
913, 55443.533804742285
1171, 55239.59957821486
443, 55225.23074091322
1079, 55182.01771728082
193, 55182.01771728082
756, 55152.3516714791
904, 55070.25089349423
