90, 100000.0
563, 99629.52503875161
719, 99003.51912122093
611, 98564.31337421329
752, 98545.98940862025
1376, 98539.23677230898
1176, 98480.31261779473
290, 98333.19219110052
960, 98272.23500625235
1083, 98198.5204011092
1051, 97376.63891185122
850, 96773.5394703906
623, 95894.99986913145
1121, 95746.5454555383
1282, 94774.45560258237
16, 94274.66620996804
1277, 94096.39804475346
1247, 93867.32303297216
819, 93726.93307701085
1062, 93674.2403788965
1223, 93501.068317093
1175, 93167.37695066132
949, 92715.19457769573
1221, 92157.74721361694
1010, 91975.27698397798
1412, 91565.61146277458
577, 91415.91222872624
335, 91231.03167180883
338, 91054.45825677054
857, 90770.17198238995
223, 90412.45519511263
826, 90335.89237456325
1031, 89901.82080524348
1001, 89674.19288276644
260, 89606.90106747605
334, 89575.69175971614
531, 89230.83626989751
877, 89035.99367415726
576, 88991.7843055653
14, 88991.74654228294
18, 88437.9792784312
560, 88435.42466177786
525, 88204.7512812746
1343, 88116.10787975244
113, 87477.48929537373
710, 86389.95957908276
140, 86332.34365116573
537, 85469.88276105524
890, 85397.4821806436
259, 85384.94784514807
432, 85110.69019670594
999, 84968.12285728691
275, 84854.74317632448
359, 84363.2923622287
743, 84210.57769255216
538, 84198.4746793728
814, 83829.13876054726
1037, 83685.99012377257
37, 83568.65191200109
570, 83268.98256876675
47, 83247.12611735503
80, 82939.60907055692
921, 82818.1143021227
94, 82607.92735725486
310, 82361.7224874502
1281, 81978.13251642116
1390, 81573.44109621078
909, 81495.45434449436
474, 81485.31240968965
67, 81338.60024237292
205, 81232.5410429359
1330, 81198.83006737386
186, 81070.75125136027
36, 81070.75125136027
1378, 80910.00588615092
226, 80702.15107683995
1009, 80382.14510746535
800, 80289.92572257304
742, 80232.66595658996
224, 80125.63972111723
711, 79983.13036970898
1363, 79555.17292763157
790, 79511.96391514443
215, 79415.9626528984
597, 79384.58957014645
173, 79176.57535397973
1371, 78866.98303609442
1026, 78800.33448690533
381, 78618.41066613597
178, 77020.29204686113
552, 76836.49849926791
598, 76787.3038724247
1052, 76138.31105068185
977, 75794.56665398841
1316, 75637.86463344093
637, 75637.86463344093
809, 75519.78607865259
807, 75519.78607865259
605, 75474.5950155702
379, 75337.5157268355
596, 75261.00074869637
1306, 75178.98257257185
1112, 74902.12966079677
1406, 74428.77568948452
483, 74428.77568948452
484, 74370.01801555595
485, 74177.95043660898
847, 73910.79461305826
395, 73583.9424902224
981, 73492.69720806471
12, 73093.29442681833
536, 73022.65325025021
535, 73022.65325025021
131, 72897.61147355773
73, 72817.6484819175
929, 72618.28124696194
1217, 72226.22246107059
1216, 72226.22246107059
248, 71884.0735339969
824, 71881.91087445727
29, 71840.9468849671
589, 71834.23430612875
526, 71474.83094741905
836, 71253.55739376064
534, 71225.35621506776
89, 71119.5474975828
1417, 71085.9872142575
295, 70924.42987348193
780, 70893.58244923664
289, 70862.11109543673
557, 70602.23173074241
1235, 70205.662158326
235, 70155.18594391184
325, 70084.45421062353
720, 70045.28411126658
940, 69949.93982132137
832, 69949.93982132137
288, 69698.0756998577
1310, 69632.52266662155
56, 69613.55056592284
384, 69490.1600373035
1347, 69450.98228965235
13, 69188.33079198182
22, 69188.31871533814
1137, 69137.63500727944
281, 69033.40713242565
185, 68997.06731464768
618, 68806.902224362
1012, 68777.5481894876
1013, 68730.95699784401
876, 68547.7548434112
1119, 68378.3592869224
465, 67550.01962168401
581, 67473.1045728536
356, 67434.5146697277
1283, 67252.0971231431
622, 67214.62447590075
621, 67214.62447590075
1111, 67201.58649230374
307, 67186.93312834462
106, 67182.51588755431
1174, 67133.65725156938
150, 67133.65725156938
152, 67084.66886717554
221, 66970.84784453771
771, 66635.36940061675
777, 66529.56669038386
478, 66502.98125327492
165, 66369.3346340981
1222, 66252.72193270561
278, 66225.11162073063
450, 66163.37143915752
449, 66163.37143915752
1271, 66084.47920065337
1248, 66076.30547770359
279, 65796.1306376271
978, 65501.8467262645
380, 65388.872088325224
584, 65301.61753602194
107, 65166.611246544
125, 65078.63168634928
343, 64946.42084282356
299, 64939.218388713125
258, 64834.33106722246
808, 64833.03965057829
354, 64824.74764783448
220, 64789.283482190884
30, 64514.842962647235
231, 64165.0331156466
475, 63785.84916505608
153, 63650.83627730086
438, 63643.0311327878
781, 63612.67247784543
891, 63591.29803028948
867, 63561.62722267684
1224, 63397.18680695917
1273, 63325.77880100684
885, 63321.279405863585
530, 63314.95144016435
1169, 62263.36195759728
1200, 62033.20587013358
1032, 61704.36341535169
252, 61609.09230214127
1274, 61500.548726414294
277, 61475.04765583761
930, 61284.762580701026
509, 61154.425904723386
488, 61112.57163590191
204, 60958.0637305824
433, 60950.147046450984
817, 60936.37240211374
1201, 60922.24552432425
495, 60846.74359540927
477, 60742.042785838916
1063, 60719.73967444672
266, 60636.85835299628
463, 60628.10908633445
1204, 60503.92007746285
184, 60503.61131878867
183, 60503.61131878867
748, 60366.52544089706
540, 60349.85608157652
1342, 60054.23791489016
98, 60022.162618200084
1278, 59966.22856171432
456, 59959.46190133393
1418, 59925.621954578666
517, 59918.73395389652
846, 59917.20844253734
236, 59813.017569912576
971, 59806.967265636515
934, 59734.98593432994
1307, 59530.4154138804
1094, 59456.38958237362
455, 59391.19953536322
1040, 59232.97139846759
1326, 59150.31073894562
827, 59002.304975845596
1290, 58940.49235994177
768, 58815.64367096106
331, 58793.86177898036
195, 58697.79815610831
793, 58681.97468600378
833, 58660.08646175146
858, 58590.78140817136
347, 58486.012045957366
1315, 58485.86849091182
365, 58485.86849091182
116, 58434.34921893954
257, 58375.83256697361
1384, 58244.49959285309
816, 57874.311234207285
527, 57830.1677540184
367, 57800.97836854286
825, 57490.81064686704
240, 57465.135299096684
368, 57416.31588539051
222, 57377.420300772734
786, 57197.13339134926
276, 57173.849644388196
640, 57157.83335446385
17, 57139.35412894741
10, 57139.35412894741
792, 57102.56686438193
429, 57015.836464372434
255, 56960.26020399953
583, 56714.118211887464
430, 56684.03815009025
306, 56612.16949764552
820, 56345.56302146983
642, 56263.0660532115
853, 55967.097966879264
1346, 55955.74410038941
361, 55796.62466791593
972, 55788.39084074488
967, 55788.39084074488
1155, 55579.14067557612
415, 55512.283414660735
1370, 55480.09984455049
1369, 55480.09984455049
969, 55414.096717982466
420, 55386.09194068076
1287, 55186.37921912232
713, 55082.756359060404
776, 55042.92523970975
1356, 54943.810033899885
1066, 54686.73563723756
345, 54660.49996647239
772, 54643.205003927316
762, 54557.88846302998
717, 54551.63250437213
565, 54355.838660019006
1135, 54265.71432795953
1189, 54144.20852876022
1191, 53895.10482040139
770, 53855.90176078373
313, 53851.206923187776
304, 53841.363768743824
1383, 53774.741073125224
466, 53732.3871487821
862, 53670.192894883374
468, 53613.15334146053
469, 53585.90020819326
467, 53565.46807977878
872, 53290.94185973553
99, 53051.23823323016
1270, 52996.72902031764
970, 52973.31593591601
1256, 52932.11402955198
346, 52700.010358972424
802, 52686.37471573701
801, 52686.37471573701
783, 52636.48510552894
476, 52492.36826640238
519, 52416.6908157228
1017, 52371.54720977251
1272, 52343.18094203439
441, 52328.40012342005
1120, 52152.31677616029
190, 52091.11625620806
86, 51966.911066698405
601, 51922.38919812289
1407, 51920.79757158753
1408, 51915.70897246297
1409, 51903.01789545422
1065, 51903.01789545422
85, 51903.01789545422
1016, 51866.01552360237
968, 51556.92018724409
104, 51549.73651125797
237, 51546.99485130546
83, 51530.281450178285
105, 51528.11956804724
103, 51528.11956804724
1015, 51244.90598808415
528, 51174.70638831954
574, 51151.92207161427
408, 51151.2421797041
1300, 51126.48445603101
122, 51125.33042043457
1410, 51070.29236341466
903, 51003.03633485912
647, 51000.60210374829
42, 50871.23626152227
81, 50486.363655665125
187, 50404.333879787955
1227, 50375.38787096411
78, 50370.293290213885
993, 50275.22761258097
410, 50000.91256060837
1027, 49972.012050976824
1011, 49937.53845757912
641, 49733.95710434844
114, 49724.903919192606
947, 49694.070643771585
267, 49650.448509374604
167, 49641.82358710853
417, 49641.53810671154
419, 49549.04869311661
1019, 49480.99565359547
445, 49480.99565359547
553, 49473.97857168061
54, 49411.06619825752
72, 49407.39710437848
390, 49314.077460222434
434, 49289.51805883421
26, 49221.97770093683
244, 49120.6507987865
168, 49054.20466814836
689, 48991.1806223075
569, 48968.06350370502
1323, 48823.50346083128
1132, 48819.82443786406
253, 48776.45573454336
617, 48736.684608285155
869, 48661.35572587051
38, 48584.59616596843
871, 48566.07562407279
655, 48390.073434305006
1113, 48269.461090411445
233, 48269.34556115799
322, 48216.01726120859
442, 48182.68084608754
769, 48163.93308564278
927, 48079.372834092144
1133, 48008.49136306487
856, 47975.59166165373
854, 47975.59166165373
1059, 47934.93869899748
454, 47897.26809888164
855, 47891.003507321315
555, 47819.040445757055
349, 47795.70933012103
554, 47724.231056006574
709, 47685.75339877056
571, 47560.93221350069
1018, 47399.60048674843
154, 47399.60048674843
437, 47373.61021936228
1232, 47337.187290530754
1088, 47322.379218048125
1400, 47307.12754878798
155, 47238.26156769866
391, 47195.35316966237
409, 47179.83277831958
1102, 47063.290752100576
1106, 47063.2900383977
1105, 47063.2900383977
922, 46883.25633513948
1030, 46881.6569717731
1056, 46741.976950343225
568, 46739.40675418044
264, 46728.610172344284
1225, 46660.382241721796
48, 46401.03121193064
149, 46296.24161794461
124, 46295.78689974095
1123, 46286.269906845046
861, 46238.50868475634
1395, 46219.63135281335
401, 46206.39652256243
151, 46161.0146143702
1101, 46117.590949488585
1415, 46065.55439373947
1046, 45796.55830739565
607, 45772.696246649124
870, 45731.74673362398
1110, 45679.24199523715
1108, 45679.24199523715
1183, 45654.07268472364
730, 45619.18988145308
332, 45585.59384839858
1078, 45539.36786326498
1081, 45522.293123378215
1109, 45509.880592084744
1397, 45484.22302288297
1288, 45451.59964323761
864, 45399.08728062549
1399, 45083.04283408244
1086, 45019.74827833796
1234, 45014.4746249746
451, 45013.509179164736
564, 44934.425639682704
1085, 44891.503333757835
562, 44879.04663802441
860, 44870.115967257625
498, 44859.765425686826
992, 44797.64331991377
492, 44797.07770023792
673, 44793.88010320046
302, 44764.71640098933
866, 44742.35101334445
700, 44672.7118005243
579, 44660.628573722934
1184, 44598.2560372022
1122, 44547.02894203152
1061, 44513.54275870758
1304, 44507.973439721456
1039, 44431.386399021714
1008, 44396.98310016869
761, 44312.16167949676
1344, 44193.21580381933
110, 44099.15050447133
446, 44001.652531871565
501, 43975.57879379227
494, 43905.55704060886
956, 43887.939290637005
360, 43874.949011573146
815, 43834.626829393244
1317, 43819.64386026299
1228, 43760.710247621246
865, 43760.710247621246
1404, 43751.47415754569
139, 43733.78769478668
1188, 43704.901469956974
674, 43703.041463850226
1190, 43690.32443157858
794, 43537.14726667533
1328, 43516.33478421567
1279, 43516.33478421567
897, 43462.54250758496
273, 43460.04142467869
889, 43433.32213496415
852, 43351.80134533245
796, 43312.50304955929
166, 43222.91537987717
1034, 43180.57293231043
831, 43020.72682346152
904, 42914.431958324625
902, 42914.431958324625
901, 42914.431958324625
900, 42914.431958324625
256, 42878.49695777103
756, 42864.707573859596
1079, 42846.804963515344
193, 42846.804963515344
1171, 42812.15337779623
1074, 42772.13495952581
51, 42677.098681293064
362, 42514.40512564285
