93, 100000.0
142, 99861.17418463387
1302, 99536.6759712063
920, 99428.32593241279
19, 99166.62816420165
1334, 98176.01313870403
1199, 98099.84655244731
5, 97900.32541483062
503, 97837.7102036453
919, 97619.27146746218
830, 97271.20379661438
369, 96791.8454276116
1003, 96397.22134206555
1373, 96317.76466936615
1147, 96275.38599660271
464, 96275.38599660271
1004, 96194.02539800333
145, 96132.65022922023
745, 96049.69397205845
45, 95505.80294043328
43, 95457.1699747179
701, 94709.99917917639
353, 94540.35259105793
1035, 94394.86581248479
661, 93658.0302131996
1029, 93565.3521759484
516, 92413.58747230345
269, 92124.81909726674
6, 91943.03140830813
1172, 91594.16819922921
74, 91320.65793016255
399, 91080.97140708692
546, 90288.18419138045
133, 89548.97076185017
840, 88984.47259411808
932, 88905.9986743972
1075, 88902.60549054547
1076, 88569.58197962628
238, 88522.93404148096
1414, 88436.45194367037
134, 88328.90285325445
558, 88089.13087202645
141, 88008.32281026675
690, 87981.4420341931
1057, 87863.60828979069
502, 87784.44928626184
765, 87747.20455813663
515, 87747.20455813663
514, 87747.20455813663
123, 87602.55363241505
1060, 87558.74714686365
739, 87438.17563154733
740, 87354.47717218714
1162, 86446.5063301445
829, 86446.5063301445
481, 86430.70552491881
828, 86193.99314614567
654, 86105.06338020026
1313, 85711.44778908581
1136, 85670.44638017725
418, 85610.34507854335
471, 85570.03652915658
1080, 85533.05313739246
423, 85371.38910971358
424, 85346.3747992201
1314, 85329.70686062198
1028, 85040.64541320615
659, 84648.05459351298
1382, 84371.66411805342
834, 84344.15977308259
1398, 84314.23914264192
1044, 84269.56181797442
270, 83436.62931131812
268, 83436.62931131812
274, 83155.8811698625
271, 83155.8811698625
1077, 82874.14938973398
1396, 82639.77485159594
309, 82219.75514059358
1245, 81930.0026439061
868, 81174.48287015926
227, 80932.25689013398
64, 80551.22293165188
645, 80360.25145751586
644, 80360.25145751586
63, 80360.25145751586
250, 80221.55734988567
61, 79982.8268931994
362, 79948.92493706508
504, 79905.57757175542
500, 79753.11984222897
228, 79302.07179238717
1403, 79264.28910406653
398, 79083.67123429397
545, 79054.10617650092
1074, 79053.14885883416
1002, 79037.57035424141
600, 78962.47939526118
835, 78888.23809523151
397, 78869.650596303
172, 78725.11204925017
556, 78697.95413005601
256, 78692.37270879236
759, 78598.7272797351
1401, 78585.27908158372
366, 78471.43476903827
444, 78454.99699762318
831, 78217.79024596773
1058, 78063.05829389585
699, 77939.87407269233
796, 77271.3721330051
852, 77146.60828870191
194, 76959.26189060295
619, 76957.51507209169
905, 76953.29853593015
899, 76953.29853593015
273, 76806.19702842577
749, 76733.90621474179
192, 76722.34981897424
191, 76722.34981897424
794, 76566.5497404745
1264, 76521.14438752411
1263, 76521.14438752411
460, 76442.73463901179
209, 76330.9392152095
1190, 76097.35039104852
674, 76058.80185791777
1188, 76053.16886303933
249, 76015.01937129423
139, 75965.85578506615
1404, 75912.55136488967
1228, 75884.76195842291
865, 75884.76195842291
1317, 75708.19585545747
1043, 75702.58715614572
330, 75677.31656747362
815, 75663.5129787228
180, 75390.35857297014
604, 75321.21540690686
501, 75247.2008103394
1344, 74618.41612319543
620, 74438.10065224949
1170, 74354.67299430174
305, 74033.00611057485
1173, 73991.62751895374
1039, 73949.11480822667
704, 73856.20544232492
702, 73856.20544232492
1061, 73722.65397375364
594, 73570.36394131367
782, 73330.59831887663
700, 73290.16921161958
216, 73154.58805563764
161, 73120.84950163389
160, 73114.96511462331
159, 73106.37881679971
866, 73103.49831184583
302, 73043.87120546291
673, 72966.35463216295
992, 72956.37139810677
860, 72764.96901506389
562, 72741.49497531218
1085, 72708.79373339492
210, 72690.3266385096
146, 72690.3266385096
564, 72596.47758807898
1152, 72478.1284293507
451, 72391.00014237128
1234, 72388.50332360802
1086, 72374.86962390512
1240, 72288.6699956861
1399, 72211.8850319969
88, 71555.66504259678
170, 71456.80012356152
53, 71456.80012356152
218, 71441.18311310596
1288, 71286.00439626275
1397, 71205.9031506727
158, 71204.73927655304
157, 71204.73927655304
1109, 71143.11207965275
1081, 71112.80031855794
1067, 70885.63960684185
169, 70852.01265338586
1110, 70733.14809552084
1108, 70733.14809552084
607, 70510.22822250644
285, 70192.63587826738
1036, 70075.20661504248
1101, 69707.17739530023
151, 69608.20309601324
518, 69595.88165888951
401, 69505.2632719452
1395, 69475.33799636531
696, 69441.3580994029
861, 69432.72861606377
124, 69303.97289044716
149, 69302.95391196781
705, 69285.79147446589
703, 69285.79147446589
459, 69195.71587798109
908, 68911.94927563086
264, 68356.16118776727
1056, 68327.57801160487
922, 68027.91225423776
775, 67747.4042795366
1106, 67652.4000006746
1105, 67652.4000006746
1102, 67652.39852592166
575, 67591.57191923057
421, 67460.6052367347
409, 67413.02787033003
391, 67381.36642925789
427, 67369.49315988134
155, 67294.0962370563
1262, 67261.2142072962
1400, 67154.8323580363
1088, 67124.12233670725
1232, 67094.35129100845
437, 67021.31565075705
1018, 66969.36527231724
154, 66969.36527231724
571, 66649.93896465555
709, 66406.34941216894
554, 66331.87400149595
555, 66149.58479934816
855, 66012.36800419207
454, 66000.46927950539
915, 65931.94527455041
1059, 65929.07496551693
856, 65852.32683725927
854, 65852.32683725927
512, 65803.29759497877
108, 65683.10784773024
643, 65502.514430500756
177, 65477.17462820512
442, 65466.107722570145
233, 65306.79339909755
1113, 65306.58192196157
1413, 65252.3955286959
1255, 65163.03425880953
1348, 65147.85045169299
613, 65034.71229859111
272, 64838.03090276872
1323, 64319.07906736009
1362, 64317.26867619548
1285, 64159.55149779108
1193, 64136.02236530472
156, 64080.29580441148
217, 64014.34338017291
1149, 63979.89729919648
168, 63923.03646779852
1286, 63896.76938073586
698, 63870.052733212855
544, 63730.05039096712
26, 63640.3682778357
434, 63527.818057395714
390, 63487.066754951215
461, 63385.50497148341
72, 63333.06489931061
553, 63223.996986066275
419, 63101.82297981423
417, 62952.452067744394
167, 62951.9929696706
267, 62938.12836169395
1236, 62831.65727829454
135, 62763.38510653634
1027, 62428.89568056709
612, 62389.66409072505
410, 62383.84943948118
102, 62301.58538955376
136, 62299.94350306119
1379, 62250.957919964036
1419, 62218.96100603642
993, 61962.04072793171
65, 61831.226300664435
62, 61831.226300664435
187, 61767.05268013153
112, 61739.5451126843
137, 61731.885205202234
4, 61632.09677637213
1299, 61584.917036114726
1084, 61497.00035450911
1082, 61497.00035450911
750, 61153.608124433944
42, 61080.075420676716
751, 61058.569561212105
647, 60894.615324326776
903, 60891.14537199719
15, 60833.60857319455
1410, 60795.55968904664
363, 60721.59923451146
122, 60717.747768159905
1300, 60716.120133942175
574, 60680.28408437382
1020, 60679.821330007246
1318, 60605.05347358574
364, 60597.1850906667
845, 60552.50424188538
1015, 60549.950429559685
799, 60541.23151482751
798, 60541.23151482751
633, 60368.38455212731
239, 60239.030454114414
21, 60239.030454114414
692, 60200.390567945185
609, 60190.149193556485
968, 60120.04809597016
1016, 59705.138357084856
350, 59664.60136336564
1409, 59656.180632918855
1065, 59656.180632918855
85, 59656.180632918855
425, 59641.74779554572
1408, 59639.42364477214
348, 59636.462579858926
1407, 59632.70972609499
601, 59630.61030795129
86, 59571.99605711746
416, 59359.80656185135
3, 59261.7083883205
2, 59261.7083883205
396, 59155.244037666875
44, 59155.244037666875
441, 59103.94907824308
1017, 59049.00161196201
291, 59026.941254140744
754, 58948.36791972252
1148, 58842.59335665658
1308, 58801.03965799344
783, 58715.78302879238
712, 58684.1062696152
1144, 58661.60397558241
802, 58653.82806145337
801, 58653.82806145337
346, 58636.93788225641
970, 58302.25211203011
1246, 58295.611245582666
811, 58285.62053005492
411, 57971.88332152829
426, 57924.17614245599
414, 57924.17614245599
1100, 57887.710652843314
352, 57865.37451703892
479, 57852.72346727381
422, 57743.470954011274
413, 57743.470954011274
219, 57720.259731680024
955, 57684.04379269564
412, 57459.85595736107
984, 57319.161439111835
480, 57300.34742232232
304, 57285.763578935
1191, 57225.05169798708
1117, 57082.41412292685
636, 56982.31766478501
1189, 56946.865945312784
428, 56874.62669274172
565, 56714.62212790152
987, 56639.78662189468
985, 56639.78662189468
986, 56510.674715041474
762, 56496.31403588618
772, 56405.1175415653
1066, 56358.80942265554
382, 56289.309526885445
1103, 56162.85008526528
470, 56076.093785297
776, 55985.44351092017
179, 55897.6275650065
1312, 55858.3523367604
812, 55838.76717704784
1287, 55837.81076471248
41, 55660.14043571532
420, 55634.83308728212
969, 55606.604814127546
189, 55595.49987398084
415, 55508.08447034215
813, 55454.437463825336
435, 55452.134828706054
1155, 55441.397947456186
961, 55273.81507434739
972, 55234.7378563443
967, 55234.7378563443
361, 55226.66901583571
176, 55161.12311988405
46, 55119.33550470518
1346, 55071.66331849821
853, 55060.66981792616
513, 55006.26838194439
11, 54988.16013080767
473, 54975.34125759741
1192, 54961.55931547201
20, 54950.35850678415
246, 54599.16914084605
242, 54587.2096184478
662, 54541.30591930628
663, 54419.16826175461
583, 54356.30153961077
358, 54031.038586078386
222, 53760.648231066865
367, 53394.04685950775
795, 53380.97398888647
251, 53192.82296030703
55, 52954.715450471966
116, 52864.7326543468
697, 52836.801779005895
347, 52822.51995715739
858, 52737.349218602016
695, 52702.3420590415
1290, 52457.19989060832
791, 52434.07458181956
39, 52423.68635579762
827, 52408.334671520664
1040, 52227.678432753455
656, 52025.83886414749
694, 51903.733839879205
691, 51888.18575038523
40, 51823.058874646296
971, 51789.41504366289
846, 51707.03327426071
517, 51705.89724126522
1342, 51605.416906889564
606, 51571.0423414472
1381, 51529.81862948084
540, 51389.106418750074
1204, 51277.92226600695
495, 51034.230004005934
1201, 50981.237219351315
433, 50961.71488976267
204, 50956.181665061304
488, 50848.71695826611
509, 50819.7772557347
930, 50730.1201144797
277, 50600.469737717634
1274, 50583.20573695666
706, 50571.86137300898
1280, 50553.852516829786
693, 50531.09625771609
252, 50510.01364525651
1200, 50228.4733290455
1169, 50078.58504050994
885, 49414.57198363456
1224, 49368.44352666303
867, 49269.184871994104
781, 49238.55836716208
153, 49215.717478371495
231, 48912.64130065117
30, 48711.30372626301
220, 48556.00848659932
354, 48536.10845958281
164, 48524.746908344394
299, 48472.13443128566
1389, 48395.13923973675
107, 48346.213121858076
584, 48272.173491736816
380, 48224.604293036966
978, 48163.339801283706
653, 48147.44558150666
279, 48005.46243485408
450, 47811.838497769146
449, 47811.838497769146
278, 47779.64960925884
478, 47636.0491040141
771, 47568.35403446274
221, 47398.85781579921
106, 47293.39930329696
1111, 47283.95341104445
622, 47277.500801010334
621, 47277.500801010334
581, 47150.45128866681
1013, 46555.064229444484
1012, 46533.71218980265
618, 46520.28456578261
1137, 46370.311559760594
56, 46158.663234961685
1310, 46150.32570322072
557, 45734.00795112309
780, 45612.581122386415
534, 45476.28918731807
836, 45464.80007741151
29, 45228.840120001034
1217, 45077.45632741847
1216, 45077.45632741847
131, 44819.82681883814
536, 44772.6892062314
535, 44772.6892062314
395, 44564.26603776833
847, 44445.23168403642
1112, 44094.29721847548
1306, 43998.91161222023
596, 43970.866922692614
605, 43898.28451199722
977, 43790.76119270384
1052, 43676.833852685835
598, 43466.09287634725
178, 43391.79139335054
381, 42900.488403777454
173, 42736.08969468646
597, 42675.731553514765
