939, 100000.0
1166, 78942.13140327887
69, 58415.25851505272
374, 46459.543895085786
68, 45183.5557761273
580, 36380.690857582216
254, 23037.463041164312
1168, 22113.670850870563
898, 21090.97913494644
923, 20303.486440604243
1160, 19468.01543290704
1157, 17800.0484823199
1253, 17729.960274320663
1187, 17631.96333405486
320, 16907.20526078059
487, 16489.25583873157
491, 16355.593083953052
28, 16175.324007765208
27, 15990.17613545973
672, 15620.290148579641
593, 15312.502566271793
318, 15146.415335403946
1385, 15132.103638909712
129, 15053.355197904708
533, 14837.064060097122
144, 14770.343870115354
298, 14749.613834791922
708, 14698.639063135292
128, 14616.809745409171
532, 14571.704330452492
1320, 14487.409597112292
1202, 14481.296552469563
1041, 14422.87325593421
1203, 14413.556534175064
1042, 14413.408708134151
1167, 14400.917157509099
551, 14390.491923304364
1243, 14375.556659408185
303, 14362.857450607924
1229, 14355.72185529664
1361, 14329.608034326908
130, 14314.78283842829
373, 14293.963906937768
1365, 14293.652136246312
764, 14282.60560322125
1345, 14264.802984494576
991, 14232.813693383361
523, 14230.45312269691
143, 14206.380086532577
111, 14206.09987241515
230, 14187.382822886388
229, 14186.368822843944
404, 14162.812681361147
1210, 14151.53470207948
841, 14150.011456314682
957, 14147.445843379819
675, 14132.042196965145
372, 14125.290097075798
724, 14121.014539744185
507, 14116.438435358594
842, 14108.452506516873
508, 14104.957042531685
529, 14095.139925185804
818, 14078.806028884228
681, 14068.154114079112
1006, 14061.8396709187
1341, 14059.922565370733
683, 14051.13292785693
725, 14042.174480195885
682, 14037.598605677726
1186, 14031.799850709112
635, 14028.572821951604
634, 14028.572821951604
976, 14028.510886531029
506, 14027.440188822298
975, 14026.826896695608
685, 14025.81633980226
1092, 14022.693780400017
1266, 14016.314644590868
84, 14011.35472928252
321, 14011.039746841088
684, 14000.757436651571
333, 13999.522558965386
1391, 13986.788766211524
25, 13980.431073252483
24, 13966.088062391733
308, 13958.499596762145
23, 13955.871690574493
77, 13949.552272419383
879, 13949.399167068344
878, 13949.399167068344
1393, 13947.103260992213
505, 13945.766822546146
400, 13939.879894945656
646, 13931.485525538512
1219, 13919.0926800707
1218, 13918.025279430867
1338, 13915.651666945878
1337, 13915.651666945878
914, 13913.86196769762
1139, 13908.213110801757
954, 13905.807406433956
1140, 13903.49886833482
521, 13898.130502186457
1141, 13894.09244041869
1138, 13894.09244041869
962, 13890.687571129602
964, 13889.342103859428
963, 13889.342103859428
1267, 13889.085764006073
965, 13888.893985176996
283, 13885.482684024664
1126, 13882.498744978682
1265, 13880.48935967241
912, 13878.663650901297
608, 13861.333939927097
550, 13857.373313295562
918, 13852.314061556426
805, 13852.047613937842
625, 13849.312455688223
388, 13847.371148581184
162, 13844.6105669841
1394, 13832.225201039406
1364, 13829.416672768793
785, 13825.690724873544
387, 13825.432732471238
804, 13824.13826360077
973, 13821.986408523477
687, 13808.918201705023
389, 13808.787679175122
882, 13803.526648600364
1230, 13801.738770586513
1336, 13793.173184306801
686, 13783.204498267534
688, 13777.723891976319
895, 13771.247250972048
284, 13768.708176003694
33, 13768.60914666752
443, 13755.905143772381
913, 13742.427188655818
524, 13735.000599342146
1352, 13733.822933937612
1268, 13692.399035803119
339, 13689.664774794164
1392, 13688.621345408481
1296, 13681.057654411996
34, 13681.0346120255
1118, 13678.743923281761
595, 13678.743923281761
626, 13673.804172292888
917, 13668.396240143205
933, 13661.302323130825
92, 13658.980681479658
1251, 13654.004125082936
1269, 13653.478083676864
163, 13647.046379013755
91, 13639.334866396655
1211, 13638.06610855308
1297, 13637.451495857906
953, 13624.942544382851
297, 13624.942544382851
881, 13598.410373579556
351, 13586.221069078614
1242, 13582.76975357826
1241, 13582.76975357826
117, 13578.554015097092
951, 13564.931722122301
1007, 13538.639176140283
383, 13538.129045685408
784, 13530.040898148924
1128, 13526.31523063634
1158, 13516.929220926673
32, 13514.278604857283
1351, 13504.77302435284
910, 13501.2776134891
316, 13476.478979828205
774, 13467.99156308152
773, 13467.99156308152
1093, 13466.491729888334
510, 13466.491729888334
660, 13464.9751695091
96, 13462.769907571037
1146, 13455.142540829382
1130, 13453.479185581915
821, 13445.179654963702
1380, 13445.094471614206
658, 13441.892472374468
1311, 13428.90221360053
1298, 13422.684948666536
511, 13419.57562414663
1196, 13416.861849580524
1197, 13413.99341134382
1386, 13405.493005121072
1387, 13401.83338589887
586, 13400.315724968004
1195, 13384.135270971126
1198, 13383.86153001584
1374, 13383.182254370058
1116, 13366.323466653852
1340, 13365.83634656072
282, 13354.868245165786
766, 13350.517672046739
1096, 13348.997329261394
599, 13337.771313458823
883, 13332.872186960485
587, 13327.098614191866
995, 13311.564465379628
758, 13311.387520928603
198, 13309.298206770021
1097, 13306.271820903476
747, 13296.067482576022
669, 13292.802449945024
327, 13290.451204270954
746, 13287.907362690072
990, 13282.063312808503
896, 13281.1821060452
887, 13269.265194327409
880, 13263.252340132556
707, 13258.888701964355
966, 13258.349824403782
1372, 13253.863450134812
806, 13251.894443459983
1127, 13235.40802662803
1129, 13233.33486145907
548, 13227.561558031834
547, 13226.911764795019
340, 13213.207710175973
522, 13209.43033394412
1237, 13203.015063087418
1024, 13203.014946752906
1023, 13203.014946752906
280, 13189.282478465637
839, 13187.407014485061
175, 13179.485200110777
1054, 13177.759556925588
1022, 13167.712300231198
1098, 13165.151967160538
431, 13163.89658727944
1064, 13163.099254094232
344, 13150.42025510842
664, 13148.353423609464
1049, 13145.772002668573
1156, 13141.783296992333
1050, 13131.846162011756
624, 13127.190872872794
1021, 13126.199606616381
1151, 13111.19957851539
755, 13082.578824799319
1275, 13078.724545998035
1154, 13070.058006346475
66, 13069.309364139
559, 13067.563049881037
296, 13066.382402117755
265, 13065.517576292546
440, 13064.58556016369
377, 13060.940441676967
336, 13055.04717411563
996, 13050.529347589123
911, 13038.603863030972
738, 13028.102002144678
292, 13028.021050759802
950, 13023.226808017755
578, 13013.892044197128
767, 13004.154308647925
1055, 13002.818855444737
952, 12994.282990945674
1220, 12979.736420864707
378, 12972.946384228768
1233, 12955.354310928076
941, 12952.293556501976
35, 12952.083267371301
959, 12950.893015374226
1215, 12950.541180807257
893, 12947.92340483076
301, 12937.873596566324
722, 12935.052501377491
760, 12934.428459124967
627, 12923.328345161934
721, 12921.581373069192
261, 12918.67504184056
542, 12915.44977484817
539, 12915.44977484817
1420, 12912.215253753406
823, 12907.589260670973
1339, 12898.496252413835
201, 12892.00717364727
1295, 12884.667483030702
982, 12879.283859286694
924, 12879.206513290697
916, 12872.856058275134
838, 12870.880201379878
822, 12868.36792217698
1107, 12865.338230280424
263, 12859.938066675586
1070, 12857.468816958331
1071, 12857.468796203026
439, 12851.69119896807
8, 12843.29309423458
115, 12839.274929563473
943, 12833.411838356726
1194, 12824.61645128457
262, 12824.61387815333
906, 12823.011068866403
937, 12822.312113326085
121, 12820.689501437768
1072, 12819.164755374482
436, 12813.585283705022
735, 12813.079385547264
803, 12807.706150372236
1349, 12806.160796614704
1293, 12806.134607098735
1292, 12805.398145261137
944, 12793.24486926882
1332, 12791.838346463515
1213, 12790.914117059172
848, 12783.661269888247
945, 12780.055207474561
1114, 12759.255956002136
76, 12749.006812125319
462, 12741.769197106225
1291, 12740.552519867219
499, 12736.993267586236
87, 12732.443862185019
974, 12723.607715738102
629, 12718.903336748193
1104, 12716.755480332431
1375, 12709.269342617921
52, 12701.19677031938
678, 12683.518793800855
1252, 12674.881795780626
1068, 12673.67893356402
407, 12669.785801831309
324, 12669.257222483127
810, 12666.514075410281
1276, 12661.717555598496
294, 12660.47493228348
615, 12654.799359701321
406, 12654.292076741072
394, 12654.018626393217
243, 12638.969085977626
650, 12636.911697104824
329, 12636.343156068508
1212, 12623.730088057602
1355, 12621.857004419662
392, 12621.82459817596
1359, 12621.28853234411
171, 12614.412116651607
341, 12609.34331600163
1261, 12604.890567554672
60, 12603.892778303243
843, 12599.304794189722
95, 12588.629610569998
355, 12587.2371746509
1208, 12580.010100522184
603, 12579.048640062978
79, 12577.684066986067
1209, 12575.377357774392
1239, 12575.124517061315
1206, 12567.676169277309
323, 12562.85814007195
859, 12560.519575139462
376, 12558.576098219446
716, 12556.591732770941
925, 12553.606215374697
1047, 12551.138516015697
317, 12548.659787089653
736, 12547.25591377395
884, 12546.994697051872
447, 12545.135767296262
319, 12542.779276150919
1131, 12541.461356668457
610, 12538.617845009254
988, 12537.979908567973
100, 12536.43175496022
1257, 12535.739328441414
714, 12534.181446411389
101, 12531.105411060189
543, 12531.025563048877
472, 12529.873091867727
979, 12523.442286764966
561, 12520.572738236819
1353, 12518.895963311492
1289, 12515.242192080847
82, 12515.242192080847
779, 12513.80605379799
723, 12510.219126515887
737, 12507.297098313195
1207, 12506.965393497554
671, 12500.611385676006
75, 12499.196980831946
1205, 12495.759257020152
1095, 12490.440120564515
1014, 12485.516813192047
907, 12480.429710391503
197, 12480.241651138347
1254, 12478.39152949304
385, 12462.670896694119
998, 12450.984154437569
1244, 12446.411782783844
715, 12446.007350705608
616, 12445.982345350614
677, 12445.72103288872
57, 12437.167040957696
797, 12437.022369179504
1327, 12436.633722504264
894, 12435.809376607755
1153, 12428.408432652892
1226, 12426.51409436676
489, 12425.458436110379
1045, 12418.88054993819
649, 12409.242212561176
585, 12406.523947766886
1053, 12406.267212053992
1033, 12405.344960616067
1335, 12403.903192123327
926, 12398.018745667896
375, 12386.384383239143
118, 12384.038242240653
652, 12381.180512710065
49, 12376.46199525083
9, 12375.668202273146
931, 12368.096588675111
648, 12367.892112416263
393, 12359.850666745762
602, 12351.535248703613
448, 12339.073496882389
1402, 12334.52728863295
300, 12332.924487674036
1142, 12330.04075283254
1073, 12327.382106290223
1331, 12324.037525853457
935, 12323.703254131615
1366, 12293.610292061538
181, 12282.024251234003
946, 12281.566001405747
1377, 12279.54654249889
573, 12276.764943962527
541, 12276.046123687072
590, 12271.555875464668
1038, 12266.810670482502
994, 12253.920262414995
1069, 12248.617485934714
126, 12241.191701788199
651, 12240.294325863691
1259, 12236.201584187254
1260, 12230.35036430871
614, 12228.823965037856
639, 12222.078459547007
789, 12218.765789591
147, 12217.010555106164
1357, 12210.571355258753
928, 12209.433719389031
680, 12208.50793119082
888, 12200.873236778645
631, 12199.343093939571
997, 12190.305989227812
873, 12190.305989227812
50, 12186.360488376746
196, 12186.20944086275
1358, 12184.077655585214
1294, 12183.545641052131
837, 12181.461999503743
312, 12181.02547909852
182, 12173.7905371968
572, 12168.49619957851
199, 12168.02103723241
58, 12164.479452071237
1099, 12157.872658215061
97, 12153.01887062938
851, 12146.104436548572
989, 12145.14784332143
403, 12145.14784332143
1325, 12140.709648019809
453, 12140.032467601683
452, 12140.032467601683
127, 12139.178749613688
1143, 12133.840261852694
1165, 12127.305082502395
628, 12122.463557337369
936, 12121.61944790927
718, 12112.947194676899
1231, 12108.034470092083
844, 12105.678401539843
293, 12101.729251441933
1238, 12100.875811095455
849, 12096.819089301309
1089, 12094.598892623264
1164, 12093.220363386132
200, 12093.220363386132
549, 12092.771449507529
188, 12090.400239321916
1333, 12085.985482652244
202, 12079.617336341715
245, 12074.822975901181
1258, 12073.148008803195
138, 12065.265722821456
402, 12062.804503587684
1161, 12061.651284402229
232, 12061.214394531593
1091, 12048.923078411928
