957, 100000.0
841, 99872.00291930465
1210, 99796.18578770387
404, 99238.90490290195
675, 99235.4473339171
372, 98903.46505935797
724, 98694.23083071987
507, 98471.12775247736
229, 98097.54269556061
842, 98083.84575054926
230, 98049.08462577194
508, 97915.1511943736
529, 97444.01346469435
111, 97164.35462888224
143, 97151.24811858537
818, 96668.66760367923
681, 96168.6973026759
523, 96040.20687562709
991, 95932.82577766516
1006, 95874.39600760574
1341, 95785.34831366032
683, 95378.87878903531
725, 94967.62035075847
682, 94758.71880308432
1345, 94504.36869668405
1186, 94495.1117176525
635, 94348.95378382935
634, 94348.95378382935
976, 94346.15238263918
506, 94297.74602783611
975, 94270.03806982683
685, 94224.41228968193
1092, 94083.66864544085
1266, 93797.25024811542
764, 93730.3653045318
84, 93575.57718842693
321, 93561.52979712444
1365, 93257.38951917428
373, 93244.12033851167
684, 93104.92677491729
333, 93050.34472576168
1391, 92490.6613492979
130, 92367.79968904544
25, 92213.35954149283
1361, 91755.26182061694
24, 91592.91819855894
308, 91267.51741797758
23, 91155.28656870572
77, 90886.35585269431
879, 90879.85693668666
878, 90879.85693668666
1393, 90782.49608743914
505, 90725.90396674375
1229, 90698.82455227706
400, 90477.32845847157
303, 90415.02833171695
646, 90124.86345222712
1243, 89915.01224883825
1219, 89608.7351830439
1218, 89564.51452156107
1338, 89466.31165677293
1337, 89466.31165677293
914, 89392.38707367361
551, 89335.09383935123
1139, 89159.7329048494
954, 89060.96158694396
1140, 88966.35314316802
1167, 88935.4097718271
521, 88747.00138769881
1141, 88582.60641554766
1138, 88582.60641554766
1042, 88461.94172284887
1203, 88456.37372976071
962, 88444.38820890983
964, 88389.8701358536
963, 88389.8701358536
1267, 88379.48971927985
965, 88371.72502854868
283, 88233.8010621028
1126, 88113.45315735097
1041, 88107.08854535889
1265, 88032.56659337724
912, 87959.18221486859
608, 87267.71209883997
550, 87110.96324774393
918, 86911.42198552126
805, 86900.93436801982
625, 86793.39897867302
388, 86717.21025599368
162, 86609.06159598833
1394, 86126.62879383513
1364, 86017.85883529572
1202, 85987.87419137897
785, 85873.9140409259
387, 85863.96196851325
804, 85814.05695622633
1320, 85772.96893575
973, 85731.20517457795
687, 85230.91501545048
389, 85225.94292249024
882, 85025.93442652993
1230, 84958.1436746727
1336, 84634.61547452834
686, 84260.68013148542
688, 84056.2730120072
895, 83815.78412394525
284, 83721.8175239106
33, 83718.15619366146
443, 83250.6700610867
532, 82932.59796743857
913, 82759.4492944905
524, 82490.84026944333
1352, 82448.37932582527
128, 81501.21744108397
1268, 80977.66824579888
339, 80882.12819985415
1392, 80845.71824558207
1296, 80582.59895552498
34, 80581.79955013136
1118, 80502.39476361567
595, 80502.39476361567
626, 80331.6038666203
917, 80145.31414597663
933, 79902.03079226139
92, 79822.67677852725
1251, 79653.01690983593
1269, 79635.11812856198
163, 79416.81436664236
91, 79156.37533295185
1211, 79113.66134313775
1297, 79092.98351323721
708, 79047.46221156995
953, 78674.07171237518
297, 78674.07171237518
881, 77797.5802736613
298, 77605.09552612725
351, 77400.29650687892
1242, 77288.41593521026
1241, 77288.41593521026
117, 77152.11650203876
144, 77036.22424123673
951, 76714.38907902184
1007, 75880.99603752137
383, 75864.97384581386
784, 75611.68182064578
1128, 75495.47401635203
533, 75270.83522599525
1158, 75204.00971611052
32, 75122.03418195949
1351, 74829.25697773963
910, 74722.0664567468
316, 73968.75661772811
774, 73713.78415514757
773, 73713.78415514757
1093, 73668.87670350354
510, 73668.87670350354
660, 73623.51386006123
96, 73557.63220756376
1146, 73330.50752448516
1130, 73281.12890539726
821, 73035.55692814762
1380, 73033.04343335722
658, 72938.66469734808
1311, 72557.8104081509
1298, 72376.67545425618
511, 72286.36399004911
1196, 72207.69132219181
1197, 72124.68639673597
1386, 71879.61733070282
1387, 71774.5264606668
586, 71731.01808800995
1195, 71269.80890689525
1198, 71262.0476525134
1374, 71242.79438434755
1116, 70767.64445542189
1340, 70753.99191014098
282, 70447.71548358895
766, 70326.82373042754
1096, 70284.65638180434
129, 70156.90716538484
599, 69974.561606901
883, 69839.92733198463
587, 69681.79945037258
995, 69259.2090425289
758, 69254.41932898079
198, 69197.90407323702
1097, 69116.17334309159
747, 68841.7400657921
669, 68754.30221328005
327, 68691.4465701012
746, 68623.54660256494
1385, 68495.62793726752
990, 68467.96710337239
896, 68444.55707744163
318, 68203.91606031693
887, 68129.23632452598
880, 67971.02371332017
707, 67856.57594552412
966, 67842.46399468828
1372, 67725.15935662363
806, 67673.77899070267
1127, 67246.02113385833
1129, 67192.53823890956
548, 67043.95973072117
547, 67027.27004621785
340, 66676.83392607288
522, 66580.75644969326
1237, 66418.09190213164
1024, 66418.08895814988
1023, 66418.08895814988
280, 66072.02346038925
839, 66024.98489527579
175, 65826.88764975722
1054, 65783.86138366417
1022, 65534.23917942364
1098, 65470.870211286594
431, 65439.83496939616
1064, 65420.13566650604
344, 65108.150476835035
664, 65057.5182624876
593, 65027.85426888603
1049, 64994.36808408984
1156, 64896.98313807979
1050, 64655.37572838985
624, 64542.681747665585
1021, 64518.72585784463
1151, 64157.94220746837
755, 63478.39188903729
1275, 63387.75277647604
1154, 63184.69479360812
66, 63167.20246245613
559, 63126.42895964484
296, 63098.886463483694
265, 63078.723644114245
440, 63057.00576488181
377, 62972.18080913275
336, 62835.42161540845
996, 62730.899299227516
911, 62456.31563853674
738, 62216.08242953809
292, 62214.23632148437
950, 62105.05717266848
578, 61893.34372623496
767, 61673.703120056656
1055, 61643.677111062745
952, 61452.302475872035
1220, 61128.31887997149
378, 60978.01045513185
1233, 60591.27636224689
941, 60524.38454486705
35, 60519.79300526099
959, 60493.814869496964
1215, 60486.139174485244
893, 60429.07726951092
301, 60210.79669544811
722, 60149.74541064495
760, 60136.25364715325
672, 60006.57809599741
627, 59897.061069706724
721, 59859.552120437176
261, 59797.232325737146
542, 59728.192669543576
539, 59728.192669543576
1420, 59659.080325437695
823, 59560.453821891555
1339, 59367.33308731048
201, 59230.11431285436
1295, 59075.50558092365
982, 58962.50176241775
924, 58960.88071067123
916, 58828.022305660495
838, 58786.78063483337
822, 58734.40751379828
1107, 58671.34483386353
263, 58559.20290243119
1070, 58508.036917420126
1071, 58508.036487637146
439, 58388.589552570935
8, 58215.64284722104
115, 58133.17691105454
943, 58013.1731939535
1194, 57833.87440814098
262, 57833.82207974334
906, 57801.24091607333
937, 57787.04181613936
121, 57754.099797452574
1072, 57723.17125805122
436, 57610.21446379623
735, 57599.98952272781
803, 57491.56250971801
1349, 57460.43741750545
1293, 57459.9101581077
1292, 57445.08644747729
944, 57201.31744472766
1332, 57173.20933074951
1213, 57154.75109684134
848, 57010.2215120562
945, 56938.573430690645
1114, 56528.029106984926
76, 56327.41127960121
462, 56186.404360435736
1291, 56162.75404031922
499, 56093.65599958777
87, 56005.52664656483
974, 55834.96632417428
629, 55744.4867508497
1104, 55703.25215609313
1375, 55559.90043280119
52, 55405.955774082635
27, 55109.35671126582
678, 55071.122559892516
1252, 54908.66349561417
1068, 54886.096565551765
407, 54813.155135657755
324, 54803.263206780815
810, 54751.971516652666
1276, 54662.46277172641
294, 54639.310624015634
615, 54533.75653869619
406, 54524.33736148873
394, 54519.26100032207
243, 54240.99463092118
650, 54203.12284918862
329, 54192.66447279821
1212, 53961.43901225744
1355, 53927.230211325936
392, 53926.63865682518
1359, 53916.85457243528
171, 53791.589401005
341, 53699.53794717866
1261, 53618.87300216613
60, 53600.82271237244
843, 53517.944284939724
95, 53325.8618632828
355, 53300.884956692775
1208, 53171.53546522679
603, 53154.36346974002
79, 53130.00628392205
1209, 53088.87100001289
1239, 53084.36507662614
28, 53017.846848084104
1206, 52951.887996388155
323, 52866.46246461196
859, 52825.07453118771
376, 52790.716437805575
716, 52755.670621089776
925, 52703.0102517692
1047, 52659.54390512492
317, 52615.938233541296
736, 52591.26575609481
884, 52586.6769272877
447, 52554.038462614924
319, 52512.70829386711
1131, 52489.615059717755
610, 52439.84227179953
988, 52428.68570620096
100, 52401.62580097837
1257, 52389.52987664165
714, 52362.33092842792
101, 52308.68969270216
543, 52307.29838164714
472, 52287.223423151954
979, 52175.419642931294
561, 52125.64787402154
1353, 52096.59792502217
1289, 52033.38185695701
82, 52033.38185695701
779, 52008.566272044154
723, 51946.664827076514
737, 51896.32053282644
1207, 51890.61019624693
671, 51781.40905314308
75, 51757.14828361664
1205, 51698.254095828655
1095, 51607.328115519114
1014, 51523.38435091038
907, 51436.86498563266
197, 51433.67077033378
1254, 51402.26218076401
491, 51169.28747896792
385, 51136.54848944005
998, 50940.36064936195
1244, 50863.912767118905
715, 50857.15919969559
616, 50856.74168244844
677, 50852.37882840139
57, 50709.87349859723
797, 50707.468524552576
1327, 50701.008647885006
894, 50687.31092325981
1153, 50564.58304556929
1226, 50533.24179703293
489, 50515.7889649142
1045, 50407.243527658844
649, 50248.82961797107
585, 50204.28829152719
1053, 50200.08450843845
1033, 50184.987960958846
1335, 50161.40101026113
926, 50065.305855575345
487, 49903.71989154575
375, 49876.12580721746
118, 49838.10673463386
652, 49791.856212984945
49, 49715.63106579981
9, 49702.82498867604
931, 49580.92249389646
648, 49577.63666641536
393, 49448.67350035609
602, 49315.845068011324
448, 49117.78321301004
1402, 49045.82422289375
300, 49020.49215079102
1142, 48974.96436429025
1073, 48933.04626180736
1331, 48880.38943482882
935, 48875.13134514956
1366, 48405.21092441764
181, 48226.08444869619
946, 48219.01998828724
1377, 48187.90602188233
573, 48145.09867472477
541, 48134.04562019205
590, 48065.08608926448
1038, 47992.370820219956
994, 47795.66344086965
1069, 47715.0911982673
126, 47602.60014500123
651, 47589.03275194625
1259, 47527.22752456532
1260, 47439.07402033553
614, 47416.11746344758
639, 47314.86436335186
789, 47265.257086759426
147, 47239.0036836348
1357, 47142.876155792204
928, 47125.923110791126
680, 47112.13368528812
888, 46998.64403550356
631, 46975.947190726416
997, 46842.2287332862
873, 46842.2287332862
50, 46784.02529381136
196, 46781.7991899186
1358, 46750.39812358219
1294, 46742.566442195544
837, 46711.91223420525
312, 46705.49398021714
182, 46599.30662702176
572, 46521.82742886297
199, 46514.883042836176
58, 46463.171797703035
320, 46430.091865295355
1099, 46366.93152467445
97, 46296.414380356735
851, 46196.232455474965
989, 46182.397730821904
403, 46182.397730821904
1325, 46118.29017703802
453, 46108.52017055919
452, 46108.52017055919
127, 46096.20751706737
1143, 46019.32349445916
1165, 45925.46173393716
628, 45856.10674380249
936, 45844.03063013771
718, 45720.23289211972
1231, 45650.32097453358
844, 45616.848004362495
293, 45560.82274091927
1238, 45548.728551934095
849, 45491.30475735096
1089, 45459.92237741839
1164, 45440.452918317234
200, 45440.452918317234
549, 45434.115389475286
188, 45400.66141004674
1333, 45338.4724794113
202, 45248.98680179924
245, 45181.786845054565
1258, 45158.344211704534
138, 45048.26359931837
402, 45013.97178135267
1161, 44997.91729007674
232, 44991.83733581951
1091, 44821.27737891584
1090, 44821.27737891584
591, 44805.02105962741
357, 44666.77486991877
214, 44602.81455013931
679, 44570.76028224998
875, 44460.130481576016
567, 44407.93731264376
744, 44386.61831936435
1134, 44385.53829892709
1309, 44208.565936171646
1319, 44103.41504520528
493, 44096.982637244044
1048, 44073.88734209729
731, 44010.236741569744
