984, 100000.0
480, 99942.74996731534
412, 99574.63520826545
1117, 99281.62406217676
636, 98979.21892528787
955, 98908.48207684365
219, 98802.18633503934
422, 98734.25013735415
413, 98734.25013735415
428, 98654.74289517448
479, 98416.46007360796
352, 98379.87044734809
1100, 98315.3747735684
426, 98210.3686588796
414, 98210.3686588796
411, 98073.52785978341
987, 97950.28392532462
985, 97950.28392532462
986, 97564.79400635642
811, 97188.50620123658
1246, 97160.74073103958
382, 96906.8325677771
1103, 96532.63173917559
470, 96276.61457278945
1144, 96160.8061741979
712, 96100.40078856781
1308, 95788.46053051355
179, 95751.7437888431
1148, 95678.39281790557
1312, 95636.55562931777
812, 95579.15848253231
754, 95400.04993372266
291, 95194.97350837616
41, 95056.98645768799
189, 94868.60950734594
396, 94863.15231657845
44, 94863.15231657845
3, 94590.64226952601
2, 94590.64226952601
813, 94458.59485949176
435, 94451.9141468158
416, 94341.78716657826
961, 93935.73158200637
348, 93651.30304899257
425, 93638.27235052208
176, 93610.72153646755
350, 93581.99513553074
46, 93490.4387988209
513, 93165.61858043332
11, 93113.68308080446
473, 93076.93215405986
1192, 93037.43341570391
20, 93005.34225538657
609, 92317.70317856177
692, 92293.62130945196
239, 92202.9489213659
21, 92202.9489213659
246, 92003.73343784269
242, 91969.7797067193
633, 91901.53712108402
662, 91839.55117132078
799, 91503.8303396405
798, 91503.8303396405
663, 91493.77627492056
845, 91478.09072754756
364, 91376.30484682195
1318, 91358.41912938589
1020, 91189.04267791526
363, 91094.85465906172
15, 90843.92200735946
358, 90401.95634961396
751, 90346.84249811133
750, 90139.56146219629
1084, 89403.71794821412
1082, 89403.71794821412
1299, 89218.55513967676
4, 89119.72185027409
137, 88911.89703621116
112, 88896.01183526567
65, 88706.62609067236
62, 88706.62609067236
795, 88596.76844141197
251, 88079.68491989418
1419, 87920.5752375978
1379, 87856.76284655258
136, 87759.37532555686
102, 87756.11750392146
612, 87581.95638779142
55, 87428.73829619448
697, 87107.79063792416
135, 86855.94620457647
695, 86742.9385011724
1236, 86725.53785401535
791, 86018.58439953484
39, 85990.63041953255
461, 85692.04050274457
544, 85070.26936777508
656, 84925.36329974933
698, 84822.08152816368
1286, 84775.00737161504
1149, 84629.12186859836
694, 84600.48097278112
217, 84568.92836168263
691, 84559.18159128625
156, 84454.09700104811
40, 84386.35851464904
1193, 84357.4963359772
1285, 84316.82574305825
1362, 84045.98045621102
606, 83720.16195430467
1381, 83611.57465442164
272, 83173.04603311318
613, 82851.62677942876
1348, 82668.7299921928
1255, 82644.29380589217
1413, 82501.00123808338
177, 82144.4622349014
643, 82104.6147258577
108, 81822.62633214895
512, 81636.87759432437
915, 81439.73469210586
706, 81118.3350905175
1280, 81072.01035966646
693, 81013.5022263244
1262, 79499.0693190999
427, 79348.33368975202
421, 79222.31128785717
575, 79042.45485515702
775, 78830.41053187592
908, 77310.2139822884
459, 76956.16136380786
705, 76845.05394102765
703, 76845.05394102765
696, 76654.59202996457
518, 76467.17623635723
164, 75977.05357049877
1036, 75896.77496043705
285, 75759.50331530451
1389, 75659.7950578361
653, 75056.13664226573
169, 75006.10673332417
1067, 74968.45783525295
158, 74614.81664390411
157, 74614.81664390411
218, 74356.93702090572
170, 74340.02677576746
53, 74340.02677576746
88, 74233.32386951987
1240, 73460.56178625187
1152, 73265.93926037897
210, 73050.37206193835
146, 73050.37206193835
159, 72634.95530295359
160, 72626.48136897299
161, 72620.67627819453
216, 72587.42829036793
782, 72414.96331136937
594, 72182.65755914802
704, 71909.5994205005
702, 71909.5994205005
1173, 71781.68473282707
305, 71742.78383615217
1170, 71443.27318751614
620, 71366.4200227937
604, 70573.11945640971
180, 70512.52655836119
330, 70263.3358546658
1043, 70241.56568263071
249, 69974.70723879612
209, 69709.1197708781
460, 69616.14036945978
1264, 69551.23700807043
1263, 69551.23700807043
192, 69385.84592393928
191, 69385.84592393928
749, 69376.39670676096
905, 69198.03059306635
899, 69198.03059306635
619, 69194.62146257386
194, 69193.20934236521
699, 68419.2494227593
1058, 68324.60277387727
444, 68027.15453558079
366, 68014.80085210585
1401, 67929.50646833626
759, 67919.46123388258
556, 67845.54058177627
172, 67825.36931206692
397, 67718.44913946696
835, 67704.75215575747
600, 67650.16373382468
1002, 67595.1441066688
545, 67583.05425160615
398, 67561.461681951
1403, 67430.196426936
228, 67402.87750133355
500, 67080.42567427339
504, 66972.94759542333
61, 66918.77642319689
250, 66752.57451634154
645, 66656.84664108194
644, 66656.84664108194
63, 66656.84664108194
64, 66526.02144596729
868, 66106.82710786784
309, 65429.41482209027
270, 64678.747723005494
268, 64678.747723005494
1044, 64186.945332350224
1398, 64161.04927406448
834, 64143.73355658973
1382, 64127.835263831956
659, 63969.08071943708
1028, 63746.686070738935
424, 63575.96931033439
423, 63562.09592945922
471, 63452.424049114954
418, 63430.27811325851
1136, 63397.32517453928
1313, 63374.89063928502
1057, 62247.521664481894
558, 62134.82376747861
134, 62016.079500900414
1414, 61963.17281588603
238, 61920.78810468216
1076, 61897.98441931309
1075, 61736.365062656616
840, 61696.94789257953
546, 61085.39022996682
399, 60727.76944863638
701, 59214.955426126726
43, 58926.58006976398
45, 58908.06273760846
745, 58703.03084659031
830, 58255.91788278075
920, 57508.68868770998
1302, 57472.503619825446
93, 57319.161439111835
142, 57273.52336662694
19, 57044.38089969756
1334, 56715.191195123756
1199, 56689.76421271611
5, 56623.078227006416
503, 56602.12670106492
919, 56528.946860859396
369, 56250.49374273241
1003, 56116.98767881257
1373, 56090.05127267281
1147, 56075.6769943348
464, 56075.6769943348
1004, 56048.06575358372
145, 56027.22404016428
353, 55482.605935854466
1035, 55432.46655217851
661, 55177.546618369466
1029, 55145.36646089897
516, 54743.24941960005
269, 54641.78993753098
6, 54577.78553767003
1172, 54454.66810359301
74, 54357.87723529755
133, 53725.1773501081
932, 53493.07694752373
141, 53166.78771681017
690, 53156.97639153813
502, 53085.0027150504
765, 53071.380549347436
515, 53071.380549347436
514, 53071.380549347436
123, 53018.4314689501
1060, 53002.38260203788
739, 52958.17748789995
740, 52927.462856029204
1162, 52592.77002617935
829, 52592.77002617935
481, 52586.92121628282
828, 52499.19965786416
654, 52466.195115875016
1080, 52253.26643951207
1314, 52177.3043191638
274, 51356.37178836358
271, 51356.37178836358
1077, 51248.77443129146
1396, 51159.05052361358
1245, 50886.147127266544
227, 50499.47603141345
362, 50114.86713353314
1074, 49761.417944961875
256, 49618.22554044398
831, 49429.122881266085
796, 49049.47919540549
852, 48999.17821112926
273, 48861.63233123471
794, 48764.534566080605
1190, 48573.788823934236
674, 48558.079687002704
1188, 48555.78367034964
139, 48520.17900471659
1404, 48498.42790314801
1228, 48487.08393929513
865, 48487.08393929513
1317, 48414.937433931525
815, 48396.66036724453
501, 48225.997566389386
1344, 47966.94442948624
1039, 47689.480001186515
1061, 47595.194512715636
700, 47414.56073597196
866, 47336.362069734045
302, 47311.353892054954
673, 47278.82118891221
992, 47274.62958581661
860, 47194.188407608126
562, 47184.312672792956
1085, 47170.551239505636
564, 47123.25289775909
451, 47036.58961812106
1234, 47035.53548668837
1086, 47029.779028387195
1399, 46960.904369161944
1288, 46567.569840328
1397, 46533.374485116525
1109, 46506.55022784694
1081, 46493.59521687239
1110, 46331.01036477237
1108, 46331.01036477237
607, 46235.26477044736
1101, 45888.61436775384
151, 45845.70144632577
401, 45801.024948154736
1395, 45788.02873154923
861, 45769.517360060694
124, 45713.533181765495
149, 45713.08983810728
264, 45299.22658710164
1056, 45286.67212849389
922, 45154.83775982445
1106, 44989.083311323244
1105, 44989.083311323244
1102, 44989.08265914374
409, 44883.10023179467
391, 44869.06314842465
155, 44830.34912785351
1400, 44768.500663017054
1088, 44754.85052981764
1232, 44741.61378286482
437, 44709.12422950065
1018, 44686.00000228695
154, 44686.00000228695
571, 44543.55373073492
709, 44434.62168873916
554, 44401.263854017656
555, 44319.51120225268
855, 44257.874364330186
454, 44252.52556021307
1059, 44220.418500989275
856, 44185.87820738464
854, 44185.87820738464
442, 44011.65847447913
233, 43939.596900245546
1113, 43939.50116776841
1323, 43490.250614200544
168, 43308.81901032328
26, 43178.881486485974
434, 43127.04079637525
390, 43108.256176677576
72, 43037.19790689392
553, 42986.80566134538
419, 42930.29193077816
417, 42861.1026752898
167, 42860.889857534065
267, 42854.46236588371
1027, 42617.759532383396
410, 42596.76201562208
993, 42399.67555817892
187, 42308.28247508004
42, 41984.83500107577
647, 41897.125084240884
903, 41895.48244613595
1410, 41850.21023741531
122, 41813.323439724576
1300, 41812.55154423274
574, 41795.553253201906
1015, 41733.67872171988
968, 41528.99899766247
1016, 41330.597135767755
1409, 41307.13050318622
1065, 41307.13050318622
85, 41307.13050318622
1408, 41299.09574799083
1407, 41295.876122762995
601, 41294.86931181807
86, 41266.75106839429
441, 41041.60961881378
1017, 41015.107118532804
783, 40854.064465181385
802, 40824.06065673695
801, 40824.06065673695
346, 40815.87766800636
970, 40653.43242678128
304, 40156.583425363286
1191, 40126.7411842936
1189, 39989.75980067898
565, 39875.09507987689
762, 39767.05625491351
772, 39721.850634002556
1066, 39698.87938852175
776, 39513.26191279269
1287, 39439.665727955624
420, 39338.29283484836
969, 39324.17765873432
415, 39274.880961223615
1155, 39241.48392252702
972, 39137.83795747242
967, 39137.83795747242
361, 39133.786617511665
1346, 39055.891713121586
853, 39050.36231392547
583, 38694.74292380034
222, 38391.93230593386
367, 38204.60871361564
116, 37932.84849500109
347, 37911.10947825662
858, 37867.21772877055
1290, 37722.563617954205
827, 37697.28777255328
1040, 37603.72719779991
971, 37375.99881278926
846, 37333.07215993539
517, 37332.479941644946
1342, 37280.07053200113
540, 37167.052934236126
1204, 37108.85907843771
495, 36981.06616166733
1201, 36953.23209511087
433, 36942.97412282479
204, 36940.066306821696
488, 36883.55706890591
509, 36868.32820346306
930, 36821.117914990995
277, 36752.76762483005
1274, 36743.65899613038
252, 36705.02334553064
1200, 36556.12195544426
1169, 36476.66335785031
885, 36123.098064699785
1224, 36098.44119767407
867, 36045.34282866574
781, 36028.947600388354
153, 36016.716668556444
231, 35854.13550024597
30, 35745.83296070763
220, 35662.13436626881
354, 35651.398684245236
299, 35616.87008766058
107, 35548.83612557349
584, 35508.78947686578
380, 35483.04304589858
978, 35449.86437355048
279, 35364.260821858494
450, 35259.072285680435
449, 35259.072285680435
278, 35241.56359676694
478, 35163.37866894007
771, 35126.47849690496
221, 35033.966525252246
106, 34976.319533041824
1111, 34971.15283913891
622, 34967.62309529568
621, 34967.62309529568
581, 34898.07260559412
1013, 34570.83894713748
1012, 34559.06352129104
618, 34551.65690315513
1137, 34468.857636800334
56, 34351.77360913778
1310, 34347.15565675938
557, 34116.02365439957
780, 34048.40820155518
534, 33972.40644781386
836, 33965.99440041911
29, 33834.12414570564
1217, 33749.338032452215
1216, 33749.338032452215
131, 33604.716975686715
536, 33578.21110800513
535, 33578.21110800513
395, 33460.845589382734
847, 33393.69315674762
1112, 33195.194263355916
1306, 33141.10629090084
596, 33125.192667021896
605, 33083.9833878118
977, 33022.87437246661
1052, 32958.04517706652
598, 32837.90614258247
178, 32795.48046829055
381, 32514.05414755433
173, 32419.53510975875
597, 32384.78885876685
